0 SL-14 R/B
1 10096U 77055B   13282.41181233  .00000498  00000-0  56384-4 0  2296
2 10096 075.8359 230.2553 0043107 034.0009 104.8304 14.87403094961923
0 SL-14 R/B
1 10096U 77055B   13283.48442729  .00000477  00000-0  54034-4 0  2303
2 10096 075.8360 228.3537 0043131 031.2643 088.3155 14.87404511962088
0 SL-14 R/B
1 10096U 77055B   13285.82761825  .00000481  00000-0  54482-4 0  2328
2 10096 075.8363 224.1997 0043202 025.2910 035.3144 14.87406384962433
0 SL-14 R/B
1 10096U 77055B   13286.83622899  .00000550  00000-0  61987-4 0  2333
2 10096 075.8365 222.4117 0043235 022.7064 036.1052 14.87407565962583
0 SL-14 R/B
1 10096U 77055B   13287.84453073  .00000662  00000-0  74189-4 0  2344
2 10096 075.8366 220.6242 0043258 020.1336 035.2358 14.87409590962738
0 SL-14 R/B
1 10096U 77055B   13288.85309406  .00000715  00000-0  79972-4 0  2351
2 10096 075.8367 218.8364 0043292 017.5757 035.7610 14.87410726962883
0 SL-14 R/B
1 10096U 77055B   13289.86213343  .00000651  00000-0  72988-4 0  2367
2 10096 075.8366 217.0477 0043317 015.0038 038.8475 14.87413141963036
0 SL-14 R/B
1 10096U 77055B   13290.94216013  .00000642  00000-0  71942-4 0  2375
2 10096 075.8366 215.1333 0043353 012.2572 062.0515 14.87414822963196
0 SL-14 R/B
1 10096U 77055B   13292.15894441  .00000684  00000-0  76525-4 0  2386
2 10096 075.8364 212.9763 0043379 009.1747 097.5499 14.87415839963376
0 SL-14 R/B
1 10096U 77055B   13293.17476443  .00000721  00000-0  80555-4 0  2398
2 10096 075.8363 211.1756 0043402 006.6113 136.9412 14.87417381963528
0 SL-14 R/B
1 10096U 77055B   13294.18448196  .00000622  00000-0  69816-4 0  2403
2 10096 075.8363 209.3858 0043453 004.0395 143.6794 14.87419679963676
0 SL-14 R/B
1 10096U 77055B   13295.19577838  .00000630  00000-0  70722-4 0  2419
2 10096 075.8364 207.5931 0043481 001.4653 158.8806 14.87421182963829
0 SL-14 R/B
1 10096U 77055B   13296.20457718  .00000640  00000-0  71762-4 0  2423
2 10096 075.8364 205.8048 0043502 358.9189 160.6937 14.87422907963975
