0 COSMOS 928
1 10141U 77064A   13281.78733888  .00000046  00000-0  31120-4 0  3926
2 10141 082.9670 329.1652 0038020 019.6466 029.2968 13.76498151820128
0 COSMOS 928
1 10141U 77064A   13282.80432016  .00000052  00000-0  37681-4 0  3935
2 10141 082.9669 328.4125 0037940 016.8083 028.8320 13.76498179820269
0 COSMOS 928
1 10141U 77064A   13283.82315582  .00000067  00000-0  52752-4 0  3949
2 10141 082.9667 327.6584 0037868 013.9835 037.5381 13.76498180820401
0 COSMOS 928
1 10141U 77064A   13286.15971370  .00000078  00000-0  64329-4 0  3968
2 10141 082.9661 325.9291 0037707 007.4070 096.1400 13.76498468820729
0 COSMOS 928
1 10141U 77064A   13287.54148865  .00000068  00000-0  54214-4 0  3979
2 10141 082.9657 324.9061 0037606 003.5277 103.3924 13.76498546820912
0 COSMOS 928
1 10141U 77064A   13288.76566432  .00000054  00000-0  39156-4 0  3982
2 10141 082.9655 323.9999 0037542 000.0349 049.7325 13.76498804821084
0 COSMOS 928
1 10141U 77064A   13289.78165006  .00000047  00000-0  32486-4 0  3999
2 10141 082.9654 323.2476 0037485 357.1406 044.3950 13.76499032821227
0 COSMOS 928
1 10141U 77064A   13291.16625932  .00000040  00000-0  25022-4 0  4007
2 10141 082.9653 322.2224 0037372 353.2755 065.6725 13.76499228821419
0 COSMOS 928
1 10141U 77064A   13292.18046499  .00000033  00000-0  18205-4 0  4013
2 10141 082.9653 321.4714 0037325 350.3626 051.5384 13.76499284821559
0 COSMOS 928
1 10141U 77064A   13293.51383630  .00000041  00000-0  26859-4 0  4026
2 10141 082.9653 320.4841 0037226 346.5949 178.9599 13.76499256821735
0 COSMOS 928
1 10141U 77064A   13294.52911389  .00000047  00000-0  32269-4 0  4035
2 10141 082.9653 319.7323 0037165 343.7069 170.1107 13.76499249821871
0 COSMOS 928
1 10141U 77064A   13295.74297944  .00000060  00000-0  45497-4 0  4047
2 10141 082.9652 318.8336 0037142 340.1995 065.4081 13.76499290822041
