0 DELTA 1 DEB
1 10208U 77065AM  13282.07932848  .00009363  00000-0  18895-2 0  5140
2 10208 028.9329 196.5013 0522494 074.7643 040.8746 13.99096804787468
0 DELTA 1 DEB
1 10208U 77065AM  13284.00373686  .00007820  00000-0  15737-2 0  5153
2 10208 028.9329 185.8293 0522413 092.0016 013.7304 13.99120638787739
0 DELTA 1 DEB
1 10208U 77065AM  13286.07945088  .00006364  00000-0  12755-2 0  5163
2 10208 028.9332 174.3190 0522322 110.5924 028.8626 13.99145177788027
0 DELTA 1 DEB
1 10208U 77065AM  13288.00349148  .00009360  00000-0  18862-2 0  5178
2 10208 028.9336 163.6491 0522163 127.8279 000.1925 13.99167549788294
0 DELTA 1 DEB
1 10208U 77065AM  13290.92810804  .00006804  00000-0  13635-2 0  5188
2 10208 028.9338 147.4284 0521904 154.0358 331.7197 13.99207832788708
0 DELTA 1 DEB
1 10208U 77065AM  13293.85220073  .00007343  00000-0  14713-2 0  5194
2 10208 028.9352 131.2085 0521807 180.2496 301.0082 13.99243323789114
0 DELTA 1 DEB
1 10208U 77065AM  13295.85422427  .00007721  00000-0  15470-2 0  5206
2 10208 028.9364 120.1043 0521734 198.1961 305.8548 13.99271239789398
