0 COSMOS 839 DEB
1 10417U 76067L   13284.39965135 -.00000043  00000-0  41247-4 0  2395
2 10417 065.5859 014.5164 0734652 005.3187 061.2624 12.46527250952590
0 COSMOS 839 DEB
1 10417U 76067L   13286.66416718  .00000006  00000-0  16807-3 0  2408
2 10417 065.5857 009.9748 0734785 004.5125 143.2748 12.46527247952879
0 COSMOS 839 DEB
1 10417U 76067L   13289.13492133  .00000023  00000-0  21076-3 0  2412
2 10417 065.5854 005.0194 0734921 003.6326 070.7790 12.46527451953186
0 COSMOS 839 DEB
1 10417U 76067L   13291.20922436  .00000028  00000-0  22433-3 0  2421
2 10417 065.5850 000.8590 0735020 002.8942 019.2122 12.46528028953448
0 COSMOS 839 DEB
1 10417U 76067L   13293.38764507  .00000028  00000-0  22494-3 0  2433
2 10417 065.5848 356.4896 0735143 002.1189 074.8767 12.46528493953714
0 COSMOS 839 DEB
1 10417U 76067L   13295.79869396  .00000053  00000-0  28886-3 0  2442
2 10417 065.5847 351.6535 0735299 001.2586 094.4680 12.46529041954019
