0 COSMOS 839 DEB
1 10451U 76067AC  13282.48322001 -.00000046  00000-0  24717-4 0   563
2 10451 065.8546 263.4795 0767879 150.0115 301.8056 12.45753717693946
0 COSMOS 839 DEB
1 10451U 76067AC  13287.13999968 -.00000064  00000-0 -18066-4 0   585
2 10451 065.8552 254.2393 0767526 148.1476 306.1342 12.45753538694524
0 COSMOS 839 DEB
1 10451U 76067AC  13289.14620541 -.00000050  00000-0  15930-4 0   598
2 10451 065.8555 250.2595 0767403 147.3448 303.3943 12.45753367694774
0 COSMOS 839 DEB
1 10451U 76067AC  13291.32728074 -.00000040  00000-0  39685-4 0   605
2 10451 065.8557 245.9327 0767278 146.4705 004.8937 12.45753392695041
0 COSMOS 839 DEB
1 10451U 76067AC  13293.48387858 -.00000049  00000-0  18111-4 0   616
2 10451 065.8559 241.6546 0767156 145.6066 316.6162 12.45753622695315
0 COSMOS 839 DEB
1 10451U 76067AC  13296.21553801 -.00000048  00000-0  19495-4 0   629
2 10451 065.8559 236.2369 0767150 144.5153 327.3238 12.45753743695651
