0 SL-14 R/B
1 10541U 77123B   13281.18136167  .00000029  00000-0  22849-4 0  2295
2 10541 075.8347 273.8837 0299981 163.6453 273.5682 13.88816371813226
0 SL-14 R/B
1 10541U 77123B   13283.19910698  .00000034  00000-0  25910-4 0  2307
2 10541 075.8346 270.8296 0299950 159.2578 281.7791 13.88816682813504
0 SL-14 R/B
1 10541U 77123B   13287.52842878  .00000002  00000-0  71332-5 0  2329
2 10541 075.8352 264.2764 0299869 149.8542 327.2761 13.88817195814103
0 SL-14 R/B
1 10541U 77123B   13289.61867328  .00000015  00000-0  14587-4 0  2331
2 10541 075.8356 261.1126 0299833 145.3142 337.9647 13.88817360814399
0 SL-14 R/B
1 10541U 77123B   13292.20411538  .00000051  00000-0  35121-4 0  2346
2 10541 075.8360 257.1995 0299789 139.7068 304.5093 13.88817041814758
0 SL-14 R/B
1 10541U 77123B   13294.51591788  .00000040  00000-0  28661-4 0  2358
2 10541 075.8361 253.7011 0299754 134.6846 342.9309 13.88817540815076
