0 DELTA 1 DEB
1 10629U 77065EY  13282.39068262  .00000040  00000-0 -10089-4 0  8182
2 10629 029.8293 331.6866 0827195 126.7015 337.7455 12.76686831684910
0 DELTA 1 DEB
1 10629U 77065EY  13283.40973514  .00000049  00000-0 -18195-5 0  8197
2 10629 029.8296 327.1263 0827154 133.9617 341.3825 12.76686896685045
0 DELTA 1 DEB
1 10629U 77065EY  13286.29983970  .00000036  00000-0 -21391-4 0  8214
2 10629 029.8307 314.1936 0827018 154.5482 304.5088 12.76686715685412
0 DELTA 1 DEB
1 10629U 77065EY  13287.31923361  .00000065  00000-0  78679-5 0  8220
2 10629 029.8311 309.6322 0827005 161.8086 309.7160 12.76686702685540
0 DELTA 1 DEB
1 10629U 77065EY  13288.33865278  .00000151  00000-0  98792-4 0  8239
2 10629 029.8316 305.0708 0826971 169.0685 315.0404 12.76687129685678
0 DELTA 1 DEB
1 10629U 77065EY  13289.43905594  .00000075  00000-0  15537-4 0  8249
2 10629 029.8320 300.1471 0826943 176.9052 332.5741 12.76687376685818
0 DELTA 1 DEB
1 10629U 77065EY  13290.45805346  .00000109  00000-0  50671-4 0  8254
2 10629 029.8324 295.5878 0826921 184.1621 335.9625 12.76687291685947
0 DELTA 1 DEB
1 10629U 77065EY  13292.16196836  .00000139  00000-0  80585-4 0  8262
2 10629 029.8331 287.9639 0826965 196.2958 247.2841 12.76687138686160
0 DELTA 1 DEB
1 10629U 77065EY  13293.18112220  .00000171  00000-0  11470-3 0  8273
2 10629 029.8335 283.4043 0826929 203.5529 251.3918 12.76687287686290
0 DELTA 1 DEB
1 10629U 77065EY  13294.28471326  .00000175  00000-0  11718-3 0  8280
2 10629 029.8337 278.4671 0826901 211.4110 283.5785 12.76687589686437
0 DELTA 1 DEB
1 10629U 77065EY  13295.38825043  .00000184  00000-0  12697-3 0  8299
2 10629 029.8339 273.5300 0826899 219.2689 315.5175 12.76687575686576
