0 DELTA 1 DEB
1 10716U 76077AM  13282.87995175  .00001141  00000-0  61305-2 0  1445
2 10716 102.7065 260.6738 0165713 294.7799 119.6298 12.64622992687763
0 DELTA 1 DEB
1 10716U 76077AM  13285.88605791  .00002445  00000-0  12831-1 0  1460
2 10716 102.7070 263.9559 0163425 289.2680 125.2942 12.64640784688143
0 DELTA 1 DEB
1 10716U 76077AM  13286.91470971  .00002306  00000-0  12112-1 0  1474
2 10716 102.7062 265.0794 0164248 287.3828 128.3815 12.64640162688272
0 DELTA 1 DEB
1 10716U 76077AM  13288.51057244  .00001809  00000-0  95724-2 0  1485
2 10716 102.7076 266.8225 0162103 284.4006 193.8648 12.64649368688479
0 DELTA 1 DEB
1 10716U 76077AM  13289.84327214  .00001929  00000-0  10187-1 0  1492
2 10716 102.7071 268.2779 0162540 281.9030 141.2944 12.64653148688644
0 DELTA 1 DEB
1 10716U 76077AM  13291.51725016  .00002200  00000-0  11589-1 0  1503
2 10716 102.7080 270.1057 0161474 278.7559 202.5169 12.64660095688852
0 DELTA 1 DEB
1 10716U 76077AM  13292.92713228  .00002698  00000-0  14147-1 0  1516
2 10716 102.7084 271.6454 0161091 276.0743 141.4432 12.64665234689039
0 DELTA 1 DEB
1 10716U 76077AM  13294.90444505  .00002450  00000-0  12874-1 0  1527
2 10716 102.7089 273.8039 0160812 272.1933 143.9505 12.64674993689282
0 DELTA 1 DEB
1 10716U 76077AM  13296.17199344  .00002578  00000-0  13537-1 0  1535
2 10716 102.7092 275.1882 0160016 269.7690 154.9413 12.64680253689449
