0 DELTA 1 DEB
1 10757U 76077BE  13280.42026231 -.00000115  00000-0 -88365-3 0  3953
2 10757 101.9292 325.1523 0231713 145.9887 332.6005 11.99306120627811
0 DELTA 1 DEB
1 10757U 76077BE  13283.07040895 -.00000168  00000-0 -14948-2 0  3963
2 10757 101.9288 327.5567 0231585 141.4411 254.5791 11.99306140628133
0 DELTA 1 DEB
1 10757U 76077BE  13287.42939564 -.00000257  00000-0 -25347-2 0  3982
2 10757 101.9276 331.5117 0231408 133.9455 354.4628 11.99304959628656
0 DELTA 1 DEB
1 10757U 76077BE  13289.60386624 -.00000315  00000-0 -32058-2 0  3990
2 10757 101.9268 333.4844 0231306 130.2046 022.7133 11.99304359628917
0 DELTA 1 DEB
1 10757U 76077BE  13292.07772648 -.00000344  00000-0 -35336-2 0  4007
2 10757 101.9261 335.7286 0231233 125.9405 263.5769 11.99303362629211
0 DELTA 1 DEB
1 10757U 76077BE  13294.08675252 -.00000369  00000-0 -38320-2 0  4017
2 10757 101.9259 337.5507 0231103 122.4864 297.5064 11.99301978629453
