0 DELTA 1 DEB
1 10767U 76077BQ  13281.60813775  .00000001  00000-0  36640-3 0  9869
2 10767 101.8992 292.8980 0065602 042.3264 072.6010 12.31603175672236
0 DELTA 1 DEB
1 10767U 76077BQ  13284.02442758  .00000016  00000-0  48311-3 0  9872
2 10767 101.8988 295.2226 0065587 037.8905 345.8725 12.31603284672536
0 DELTA 1 DEB
1 10767U 76077BQ  13286.05388271  .00000010  00000-0  43833-3 0  9885
2 10767 101.8985 297.1751 0065551 034.1509 344.0227 12.31603697672781
0 DELTA 1 DEB
1 10767U 76077BQ  13288.52151977 -.00000003  00000-0  33144-3 0  9898
2 10767 101.8982 299.5487 0065521 029.6035 124.9756 12.31604052673082
0 DELTA 1 DEB
1 10767U 76077BQ  13290.62378378 -.00000024  00000-0  15714-3 0  9906
2 10767 101.8983 301.5708 0065506 025.7431 085.9357 12.31604331673345
0 DELTA 1 DEB
1 10767U 76077BQ  13292.97953833 -.00000022  00000-0  17385-3 0  9916
2 10767 101.8985 303.8365 0065478 021.4036 090.8306 12.31604429673632
0 DELTA 1 DEB
1 10767U 76077BQ  13294.99760955 -.00000009  00000-0  28294-3 0  9928
2 10767 101.8986 305.7775 0065458 017.6822 038.5174 12.31604368673888
