0 DELTA 1 DEB
1 10836U 76077CG  13281.49216182 -.00000090  00000-0 -53079-3 0  7056
2 10836 101.9677 294.4927 0180825 216.4186 314.9370 12.07253027640264
0 DELTA 1 DEB
1 10836U 76077CG  13283.55986286 -.00000216  00000-0 -18905-2 0  7063
2 10836 101.9672 296.4032 0180858 212.7964 301.3907 12.07253820640512
0 DELTA 1 DEB
1 10836U 76077CG  13286.54354356 -.00000131  00000-0 -97306-3 0  7072
2 10836 101.9662 299.1599 0180845 207.5665 308.8095 12.07252264640875
0 DELTA 1 DEB
1 10836U 76077CG  13288.60747459  .00000073  00000-0  12220-2 0  7086
2 10836 101.9655 301.0668 0180985 203.9795 278.8587 12.07250502641120
0 DELTA 1 DEB
1 10836U 76077CG  13290.99596656  .00000238  00000-0  30033-2 0  7098
2 10836 101.9653 303.2731 0180994 199.7928 219.5018 12.07249675641415
0 DELTA 1 DEB
1 10836U 76077CG  13293.50452499  .00000215  00000-0  27526-2 0  7104
2 10836 101.9659 305.5900 0181031 195.4133 321.9385 12.07251415641711
