0 DELTA 1 DEB
1 10841U 76077CM  13283.02384940  .00000009  00000-0  32273-3 0  1304
2 10841 101.4200 295.2263 0069296 087.3323 331.9184 12.52779249699822
0 DELTA 1 DEB
1 10841U 76077CM  13286.69665905 -.00000000  00000-0  26616-3 0  1321
2 10841 101.4192 298.7569 0069221 080.2196 336.2509 12.52779723700286
0 DELTA 1 DEB
1 10841U 76077CM  13288.54873181 -.00000011  00000-0  19771-3 0  1331
2 10841 101.4190 300.5370 0069203 076.6118 049.1011 12.52780041700518
0 DELTA 1 DEB
1 10841U 76077CM  13290.69224537 -.00000028  00000-0  92256-4 0  1344
2 10841 101.4191 302.5973 0069218 072.4434 356.3459 12.52780233700782
0 DELTA 1 DEB
1 10841U 76077CM  13292.30043244 -.00000028  00000-0  92265-4 0  1359
2 10841 101.4194 304.1431 0069182 069.3200 049.2656 12.52780234700988
0 DELTA 1 DEB
1 10841U 76077CM  13294.28548853 -.00000022  00000-0  12845-3 0  1364
2 10841 101.4196 306.0509 0069162 065.4594 001.8692 12.52780203701237
0 DELTA 1 DEB
1 10841U 76077CM  13295.50252579 -.00000016  00000-0  16463-3 0  1371
2 10841 101.4196 307.2206 0069155 063.0918 090.7080 12.52780249701384
