0 COSMOS 1017
1 10934U 78056E   13281.88317375  .00000016  00000-0  21764-3 0  8315
2 10934 074.0256 080.6132 0022105 291.6587 178.2672 12.47546355609539
0 COSMOS 1017
1 10934U 78056E   13284.13042976 -.00000012  00000-0  23690-4 0  8327
2 10934 074.0259 077.6394 0022126 288.3783 190.9881 12.47546765609811
0 COSMOS 1017
1 10934U 78056E   13286.13394859 -.00000035  00000-0 -13017-3 0  8337
2 10934 074.0264 074.9883 0022136 285.4534 189.0557 12.47547005610069
0 COSMOS 1017
1 10934U 78056E   13288.13791852 -.00000037  00000-0 -14475-3 0  8345
2 10934 074.0271 072.3367 0022160 282.5435 189.1352 12.47546912610319
0 COSMOS 1017
1 10934U 78056E   13290.36450399 -.00000022  00000-0 -41875-4 0  8351
2 10934 074.0276 069.3908 0022179 279.2996 109.0195 12.47546628610596
0 COSMOS 1017
1 10934U 78056E   13292.45564340  .00000005  00000-0  14297-3 0  8362
2 10934 074.0279 066.6243 0022195 276.2796 140.5706 12.47546553610858
0 COSMOS 1017
1 10934U 78056E   13294.54421155  .00000010  00000-0  17844-3 0  8378
2 10934 074.0281 063.8612 0022194 273.2273 160.6088 12.47546584611116
