0 SBS 1
1 12065U 80091A   13281.51660066 -.00000234  00000-0  10000-3 0  7056
2 12065 015.0420 001.6185 0008951 086.0843 274.0403 00.99831006 83468
0 SBS 1
1 12065U 80091A   13282.51822263 -.00000248  00000-0  10000-3 0  7062
2 12065 015.0416 001.6091 0009912 091.7430 268.3697 00.99830982 83476
0 SBS 1
1 12065U 80091A   13283.51988523  .00000000  00000-0  10000-3 0  7082
2 12065 015.0412 001.5974 0008371 085.1920 274.9163 00.99826755 83496
0 SBS 1
1 12065U 80091A   13284.52155699 -.00000276  00000-0  10000-3 0  7079
2 12065 015.0421 001.5881 0009865 092.7209 267.3994 00.99830724 83495
0 SBS 1
1 12065U 80091A   13286.52486065 -.00000301  00000-0  10000-3 0  7085
2 12065 015.0429 001.5674 0009586 094.1008 266.0093 00.99830337 83515
0 SBS 1
1 12065U 80091A   13290.53149179 -.00000338  00000-0  10000-3 0  7094
2 12065 015.0445 001.5259 0008400 094.6146 265.4702 00.99829317 83554
0 SBS 1
1 12065U 80091A   13294.53818027 -.00000357  00000-0  10000-3 0  7117
2 12065 015.0458 001.4834 0008857 090.5316 269.5603 00.99828089 83590
