0 GGSE 2
1 01244U 65016B   13282.48790646  .00000052  00000-0  76672-4 0  2014
2 01244 070.0803 329.5306 0018887 053.6047 076.2687 13.95378178471983
0 GGSE 2
1 01244U 65016B   13283.55170262  .00000056  00000-0  79920-4 0  2023
2 01244 070.0802 327.2674 0018939 052.0662 020.2434 13.95378182472131
0 GGSE 2
1 01244U 65016B   13286.20262376  .00000017  00000-0  51018-4 0  2043
2 01244 070.0797 321.6278 0019050 048.0862 017.2745 13.95378895472507
0 GGSE 2
1 01244U 65016B   13287.51344301  .00000041  00000-0  68617-4 0  2058
2 01244 070.0794 318.8389 0019116 046.2495 122.1122 13.95379094472686
0 GGSE 2
1 01244U 65016B   13288.51590404  .00000062  00000-0  83901-4 0  2063
2 01244 070.0793 316.7060 0019168 044.7998 117.9735 13.95379370472821
0 GGSE 2
1 01244U 65016B   13289.51752885  .00000027  00000-0  58051-4 0  2077
2 01244 070.0792 314.5749 0019221 043.4006 109.5848 13.95379640472963
0 GGSE 2
1 01244U 65016B   13290.52101647  .00000015  00000-0  49628-4 0  2082
2 01244 070.0792 312.4397 0019273 041.9621 110.5905 13.95379895473107
0 GGSE 2
1 01244U 65016B   13291.73214242  .00000007  00000-0  43469-4 0  2091
2 01244 070.0793 309.8628 0019338 040.2170 074.6740 13.95380149473277
0 GGSE 2
1 01244U 65016B   13292.73482763  .00000035  00000-0  64019-4 0  2104
2 01244 070.0794 307.7294 0019405 038.7327 071.6988 13.95380241473415
0 GGSE 2
1 01244U 65016B   13294.15901203  .00000058  00000-0  81402-4 0  2118
2 01244 070.0794 304.6993 0019464 036.7852 025.9811 13.95380344473616
0 GGSE 2
1 01244U 65016B   13295.16320485  .00000074  00000-0  92768-4 0  2123
2 01244 070.0794 302.5628 0019520 035.3942 030.4857 13.95380418473754
0 GGSE 2
1 01244U 65016B   13296.16710361  .00000063  00000-0  85012-4 0  2133
2 01244 070.0793 300.4271 0019595 033.9326 033.5829 13.95380710473899
