0 COSMOS 1295
1 12681U 81077A   13282.50068769  .00000056  00000-0  42000-4 0  1306
2 12681 082.9191 333.4451 0042802 263.7622 229.5022 13.76265896615060
0 COSMOS 1295
1 12681U 81077A   13283.73800544  .00000072  00000-0  58523-4 0  1313
2 12681 082.9188 332.5234 0042816 260.1923 239.9767 13.76265989615238
0 COSMOS 1295
1 12681U 81077A   13286.19308809  .00000081  00000-0  68037-4 0  1336
2 12681 082.9182 330.6946 0042894 253.1078 164.0500 13.76266146615576
0 COSMOS 1295
1 12681U 81077A   13287.51961071  .00000075  00000-0  61003-4 0  1349
2 12681 082.9179 329.7064 0042960 249.3118 256.4724 13.76266249615756
0 COSMOS 1295
1 12681U 81077A   13288.52995115  .00000086  00000-0  72884-4 0  1359
2 12681 082.9177 328.9537 0043013 246.4466 222.3054 13.76266591615897
0 COSMOS 1295
1 12681U 81077A   13289.62089508  .00000055  00000-0  41111-4 0  1367
2 12681 082.9174 328.1408 0043060 243.3290 227.5202 13.76266722616042
0 COSMOS 1295
1 12681U 81077A   13290.63948045  .00000046  00000-0  31893-4 0  1377
2 12681 082.9173 327.3818 0043113 240.4323 234.2127 13.76266897616180
0 COSMOS 1295
1 12681U 81077A   13292.15528920  .00000045  00000-0  31095-4 0  1386
2 12681 082.9172 326.2522 0043170 236.0641 184.5122 13.76267138616390
0 COSMOS 1295
1 12681U 81077A   13293.17306503  .00000038  00000-0  23396-4 0  1398
2 12681 082.9172 325.4937 0043228 233.1614 187.2034 13.76267131616534
0 COSMOS 1295
1 12681U 81077A   13294.19197481  .00000042  00000-0  28036-4 0  1407
2 12681 082.9172 324.7344 0043293 230.2813 195.4878 13.76267200616678
0 COSMOS 1295
1 12681U 81077A   13295.50941662  .00000054  00000-0  39757-4 0  1417
2 12681 082.9172 323.7527 0043368 226.5259 242.9096 13.76267126616852
