0 COSMOS 1275 DEB
1 12744U 81053CM  13282.48901741  .00002886  00000-0  16354-2 0  7044
2 12744 082.9388 188.3807 0027984 314.5021 167.7406 14.09565365634007
0 COSMOS 1275 DEB
1 12744U 81053CM  13283.82652860  .00002673  00000-0  15140-2 0  7055
2 12744 082.9390 187.3306 0027937 310.3727 115.0326 14.09570910634197
0 COSMOS 1275 DEB
1 12744U 81053CM  13286.46442366  .00002417  00000-0  13676-2 0  7076
2 12744 082.9393 185.2589 0027834 302.1919 181.3465 14.09581952634567
0 COSMOS 1275 DEB
1 12744U 81053CM  13287.80131984  .00003064  00000-0  17361-2 0  7081
2 12744 082.9393 184.2091 0027795 298.0317 125.6425 14.09589300634758
0 COSMOS 1275 DEB
1 12744U 81053CM  13289.16780735  .00003198  00000-0  18117-2 0  7095
2 12744 082.9390 183.1361 0027723 293.8203 220.1065 14.09598264634942
0 COSMOS 1275 DEB
1 12744U 81053CM  13290.43972458  .00002988  00000-0  16922-2 0  7102
2 12744 082.9385 182.1373 0027645 289.8362 194.7553 14.09604989635123
0 COSMOS 1275 DEB
1 12744U 81053CM  13292.14908225  .00002803  00000-0  15869-2 0  7119
2 12744 082.9379 180.7951 0027548 284.5324 229.3025 14.09612886635364
0 COSMOS 1275 DEB
1 12744U 81053CM  13293.20683193  .00002985  00000-0  16901-2 0  7121
2 12744 082.9376 179.9645 0027475 281.2294 197.1553 14.09617967635510
0 COSMOS 1275 DEB
1 12744U 81053CM  13294.41507064  .00003103  00000-0  17574-2 0  7138
2 12744 082.9374 179.0157 0027401 277.4209 208.7671 14.09624176635687
0 COSMOS 1275 DEB
1 12744U 81053CM  13295.67912741  .00003058  00000-0  17315-2 0  7142
2 12744 082.9373 178.0230 0027308 273.4649 143.6430 14.09631309635863
