0 TANSEI 3 DEB
1 12857U 77012H   13280.21664316  .00000259  00000-0  87143-3 0  2842
2 12857 066.2942 256.5391 1701710 010.3493 062.1227 10.77034426272175
0 TANSEI 3 DEB
1 12857U 77012H   13282.71647588  .00000344  00000-0  11216-2 0  2854
2 12857 066.2940 252.9007 1702073 009.4741 034.7921 10.77036266272445
0 TANSEI 3 DEB
1 12857U 77012H   13283.72720359  .00000260  00000-0  77285-3 0  2861
2 12857 066.2929 251.4281 1701326 009.0880 353.7476 10.77037110272550
0 TANSEI 3 DEB
1 12857U 77012H   13283.73880028  .00000376  00000-0  12179-2 0  2860
2 12857 066.2942 251.4129 1702157 009.1192 038.6806 10.77037568272559
0 TANSEI 3 DEB
1 12857U 77012H   13287.73252358  .00000500  00000-0  15829-2 0  2889
2 12857 066.2948 245.6004 1702593 007.7279 043.7001 10.77041446272987
0 TANSEI 3 DEB
1 12857U 77012H   13290.69117098  .00000657  00000-0  19422-2 0  2908
2 12857 066.2934 241.2957 1702402 006.6874 355.4279 10.77044306273304
0 TANSEI 3 DEB
1 12857U 77012H   13290.70481348  .00000549  00000-0  17240-2 0  2896
2 12857 066.2950 241.2747 1702907 006.6963 048.3144 10.77044726273303
0 TANSEI 3 DEB
1 12857U 77012H   13292.75040611  .00000616  00000-0  19205-2 0  2907
2 12857 066.2955 238.2990 1703014 005.9895 059.8162 10.77047298273528
0 TANSEI 3 DEB
1 12857U 77012H   13293.95251649  .00000597  00000-0  18634-2 0  2919
2 12857 066.2954 236.5497 1703112 005.5729 040.8419 10.77049584273650
