0 RADIO 3
1 12997U 81120A   13282.51516299 -.00000011  00000-0 -20711-3 0  3143
2 12997 082.9584 314.9635 0057281 249.4406 287.3913 12.15793549411846
0 RADIO 3
1 12997U 81120A   13286.86295295  .00000060  00000-0  51185-3 0  3168
2 12997 082.9574 312.5508 0057385 240.2219 237.1580 12.15792807412372
0 RADIO 3
1 12997U 81120A   13289.15463628  .00000058  00000-0  49071-3 0  3179
2 12997 082.9571 311.2786 0057450 235.3590 187.5862 12.15793066412653
0 RADIO 3
1 12997U 81120A   13291.48358273 -.00000015  00000-0 -25213-3 0  3185
2 12997 082.9571 309.9857 0057518 230.4244 301.1023 12.15793949412937
0 RADIO 3
1 12997U 81120A   13293.52777247 -.00000060  00000-0 -70211-3 0  3197
2 12997 082.9572 308.8509 0057571 226.1175 248.2534 12.15794039413181
0 RADIO 3
1 12997U 81120A   13296.16096831  .00000042  00000-0  32715-3 0  3200
2 12997 082.9571 307.3892 0057651 220.5504 253.4327 12.15793142413500
