0 COSMOS 1275 DEB
1 13458U 81053FE  13281.44063527  .00001114  00000-0  80549-3 0  8056
2 13458 083.0963 055.8673 0021975 013.3850 346.7896 13.95619751611503
0 COSMOS 1275 DEB
1 13458U 81053FE  13283.44806223  .00001142  00000-0  82624-3 0  8064
2 13458 083.0966 054.3608 0021843 007.2291 352.9187 13.95627894611782
0 COSMOS 1275 DEB
1 13458U 81053FE  13285.45548054  .00000992  00000-0  71616-3 0  8074
2 13458 083.0970 052.8545 0021745 001.0771 359.0440 13.95631978612066
0 COSMOS 1275 DEB
1 13458U 81053FE  13287.46289116  .00001143  00000-0  82726-3 0  8082
2 13458 083.0976 051.3484 0021642 355.0801 005.0151 13.95635654612343
0 COSMOS 1275 DEB
1 13458U 81053FE  13289.82875862  .00001346  00000-0  97565-3 0  8096
2 13458 083.0979 049.5736 0021580 347.7013 012.3625 13.95642749612675
0 COSMOS 1275 DEB
1 13458U 81053FE  13292.05123056  .00001402  00000-0  10169-2 0  8105
2 13458 083.0978 047.9064 0021519 340.7752 019.2602 13.95648283612989
0 COSMOS 1275 DEB
1 13458U 81053FE  13294.41707816  .00001382  00000-0  10019-2 0  8111
2 13458 083.0977 046.1313 0021456 333.5169 026.4901 13.95655969613317
