0 DELTA 1 DEB
1 13579U 78026FS  13281.55622502  .00000593  00000-0  30457-3 0  4792
2 13579 098.4507 288.8802 0020415 182.9647 301.0057 14.18763707655360
0 DELTA 1 DEB
1 13579U 78026FS  13282.74174199  .00000596  00000-0  30595-3 0  4806
2 13579 098.4506 290.0104 0020470 179.4789 236.1485 14.18766650655530
0 DELTA 1 DEB
1 13579U 78026FS  13285.98536265  .00000634  00000-0  32426-3 0  4821
2 13579 098.4500 293.1027 0020667 170.3840 242.8517 14.18771346655996
0 DELTA 1 DEB
1 13579U 78026FS  13287.48620042  .00000688  00000-0  35018-3 0  4835
2 13579 098.4498 294.5333 0020748 166.1282 348.4066 14.18773610656203
0 DELTA 1 DEB
1 13579U 78026FS  13288.53748530  .00000915  00000-0  45942-3 0  4846
2 13579 098.4498 295.5353 0020793 163.1908 317.8299 14.18776216656357
0 DELTA 1 DEB
1 13579U 78026FS  13289.72308086  .00000788  00000-0  39815-3 0  4857
2 13579 098.4498 296.6654 0020841 159.8942 253.2360 14.18778489656522
0 DELTA 1 DEB
1 13579U 78026FS  13290.99257692  .00000732  00000-0  37103-3 0  4862
2 13579 098.4499 297.8753 0020902 156.3535 257.1814 14.18780644656707
0 DELTA 1 DEB
1 13579U 78026FS  13292.49498370  .00000772  00000-0  39062-3 0  4870
2 13579 098.4501 299.3071 0020963 152.1584 010.7353 14.18783127656919
0 DELTA 1 DEB
1 13579U 78026FS  13293.74322678  .00000868  00000-0  43629-3 0  4887
2 13579 098.4503 300.4968 0020999 148.6723 266.1622 14.18784830657092
0 DELTA 1 DEB
1 13579U 78026FS  13295.01262825  .00000901  00000-0  45217-3 0  4890
2 13579 098.4505 301.7070 0021055 145.1737 269.6154 14.18787024657279
