0 SL-3 R/B
1 13771U 83003B   13282.49775069  .00001512  00000-0  10466-3 0  8657
2 13771 081.1547 111.3253 0032908 133.1873 227.2108 15.04661072670839
0 SL-3 R/B
1 13771U 83003B   13283.62826258  .00001657  00000-0  11483-3 0  8661
2 13771 081.1546 110.0322 0032930 129.4892 230.9251 15.04663884671008
0 SL-3 R/B
1 13771U 83003B   13286.08877880  .00002133  00000-0  14826-3 0  8687
2 13771 081.1543 107.2179 0033001 121.3175 239.1286 15.04668100671373
0 SL-3 R/B
1 13771U 83003B   13287.48528222  .00002658  00000-0  18517-3 0  8699
2 13771 081.1540 105.6205 0032965 116.7953 243.6648 15.04671785671580
0 SL-3 R/B
1 13771U 83003B   13288.74877980  .00003076  00000-0  21453-3 0  8707
2 13771 081.1541 104.1752 0032891 112.7550 247.7153 15.04680163671776
0 SL-3 R/B
1 13771U 83003B   13290.14527005  .00003579  00000-0  24981-3 0  8712
2 13771 081.1544 102.5777 0032788 108.3118 252.1676 15.04686131671988
0 SL-3 R/B
1 13771U 83003B   13291.47525467  .00003465  00000-0  24176-3 0  8720
2 13771 081.1551 101.0564 0032690 104.1309 256.3550 15.04693533672186
0 SL-3 R/B
1 13771U 83003B   13292.53923711  .00003699  00000-0  25823-3 0  8732
2 13771 081.1557 099.8395 0032631 100.7713 259.7185 15.04699370672348
0 SL-3 R/B
1 13771U 83003B   13293.66971292  .00004169  00000-0  29117-3 0  8748
2 13771 081.1564 098.5466 0032556 097.2160 263.2765 15.04706384672510
0 SL-3 R/B
1 13771U 83003B   13295.13267389  .00004090  00000-0  28556-3 0  8757
2 13771 081.1568 096.8735 0032502 092.6524 267.8419 15.04716229672737
