0 COSMOS 1275 DEB
1 13817U 81053HQ  13281.96018493  .00001089  00000-0  76764-3 0   174
2 13817 082.9460 262.5928 0027282 193.2157 220.0220 13.97007409607432
0 COSMOS 1275 DEB
1 13817U 81053HQ  13282.96323127  .00001042  00000-0  73402-3 0   184
2 13817 082.9460 261.8221 0027335 190.2114 224.6681 13.97009536607578
0 COSMOS 1275 DEB
1 13817U 81053HQ  13285.89433000  .00000996  00000-0  70077-3 0   206
2 13817 082.9462 259.5700 0027499 181.4356 206.1603 13.97015857607984
0 COSMOS 1275 DEB
1 13817U 81053HQ  13286.97558339  .00001061  00000-0  74744-3 0   219
2 13817 082.9463 258.7390 0027568 178.2019 244.1648 13.97017439608135
0 COSMOS 1275 DEB
1 13817U 81053HQ  13287.97853606  .00001355  00000-0  95724-3 0   223
2 13817 082.9465 257.9683 0027614 175.0963 248.4803 13.97020656608278
0 COSMOS 1275 DEB
1 13817U 81053HQ  13289.35708660  .00001133  00000-0  79872-3 0   237
2 13817 082.9467 256.9090 0027705 170.9495 341.7497 13.97024223608467
0 COSMOS 1275 DEB
1 13817U 81053HQ  13290.35998859  .00001225  00000-0  86463-3 0   247
2 13817 082.9469 256.1385 0027782 167.9705 345.7084 13.97026083608601
0 COSMOS 1275 DEB
1 13817U 81053HQ  13291.36225558  .00001237  00000-0  87265-3 0   253
2 13817 082.9470 255.3685 0027856 165.0335 346.4414 13.97028136608748
0 COSMOS 1275 DEB
1 13817U 81053HQ  13292.36543885  .00001303  00000-0  91987-3 0   261
2 13817 082.9471 254.5977 0027949 162.1121 351.7737 13.97030643608886
0 COSMOS 1275 DEB
1 13817U 81053HQ  13293.36806559  .00001374  00000-0  97045-3 0   272
2 13817 082.9473 253.8274 0028033 159.2163 354.2908 13.97033588609024
0 COSMOS 1275 DEB
1 13817U 81053HQ  13294.37085912  .00001344  00000-0  94911-3 0   283
2 13817 082.9473 253.0571 0028117 156.2802 357.6945 13.97036670609164
0 COSMOS 1275 DEB
1 13817U 81053HQ  13295.92673867  .00001414  00000-0  99890-3 0   297
2 13817 082.9472 251.8620 0028259 151.7618 262.7472 13.97040737609380
