0 COSMOS 1275 DEB
1 14364U 81053JA  13281.52677110  .00002006  00000-0  12544-2 0  3966
2 14364 082.7885 044.5517 0034033 234.4630 257.8529 14.03968387574259
0 COSMOS 1275 DEB
1 14364U 81053JA  13282.80781016  .00001837  00000-0  11478-2 0  3976
2 14364 082.7887 043.5337 0034147 230.7765 252.5454 14.03977343574435
0 COSMOS 1275 DEB
1 14364U 81053JA  13284.09018815  .00002112  00000-0  13205-2 0  3987
2 14364 082.7888 042.5144 0034345 227.1198 254.0066 14.03981635574616
0 COSMOS 1275 DEB
1 14364U 81053JA  13285.28397492  .00001800  00000-0  11239-2 0  3999
2 14364 082.7889 041.5657 0034490 223.7802 167.6595 14.03986034574782
0 COSMOS 1275 DEB
1 14364U 81053JA  13286.51493168  .00001844  00000-0  11514-2 0  4000
2 14364 082.7891 040.5875 0034615 220.2848 269.2536 14.03990014574953
0 COSMOS 1275 DEB
1 14364U 81053JA  13287.79681024  .00002603  00000-0  16293-2 0  4015
2 14364 082.7892 039.5692 0034563 216.5750 268.3127 14.03994700575134
0 COSMOS 1275 DEB
1 14364U 81053JA  13289.27451109  .00002617  00000-0  16378-2 0  4029
2 14364 082.7896 038.3952 0034652 212.2669 177.1936 14.04003009575347
0 COSMOS 1275 DEB
1 14364U 81053JA  13290.78994074  .00002570  00000-0  16078-2 0  4036
2 14364 082.7899 037.1911 0034758 207.8721 276.7871 14.04009932575556
0 COSMOS 1275 DEB
1 14364U 81053JA  13292.49994429  .00002600  00000-0  16263-2 0  4041
2 14364 082.7897 035.8324 0034873 202.9434 279.8547 14.04017804575799
0 COSMOS 1275 DEB
1 14364U 81053JA  13293.71791075  .00002702  00000-0  16902-2 0  4053
2 14364 082.7894 034.8647 0034942 199.4170 316.0082 14.04023409575962
0 COSMOS 1275 DEB
1 14364U 81053JA  13294.98034910  .00002865  00000-0  17928-2 0  4061
2 14364 082.7891 033.8614 0035021 195.8188 216.9142 14.04028854576145
