0 DELTA 1 DEB
1 14465U 78026GF  13282.66816792  .00001038  00000-0  67155-3 0  5506
2 14465 098.8550 170.1839 0124875 331.9319 081.0416 14.01260581567637
0 DELTA 1 DEB
1 14465U 78026GF  13284.18759859  .00001206  00000-0  77570-3 0  5515
2 14465 098.8550 171.6585 0124719 327.7270 185.8468 14.01264506567841
0 DELTA 1 DEB
1 14465U 78026GF  13285.25315334  .00001033  00000-0  66859-3 0  5527
2 14465 098.8549 172.6927 0124613 324.7799 161.0755 14.01266896567991
0 DELTA 1 DEB
1 14465U 78026GF  13286.66670200  .00001256  00000-0  80733-3 0  5534
2 14465 098.8547 174.0647 0124503 320.8410 091.8204 14.01269361568191
0 DELTA 1 DEB
1 14465U 78026GF  13287.66799192  .00001447  00000-0  92603-3 0  5549
2 14465 098.8545 175.0365 0124391 318.0626 102.8909 14.01273497568336
0 DELTA 1 DEB
1 14465U 78026GF  13289.18595339  .00001393  00000-0  89222-3 0  5559
2 14465 098.8543 176.5099 0124228 313.8418 200.3811 14.01280465568547
0 DELTA 1 DEB
1 14465U 78026GF  13291.18541480  .00001330  00000-0  85350-3 0  5560
2 14465 098.8540 178.4505 0124047 308.2646 206.9044 14.01285654568823
0 DELTA 1 DEB
1 14465U 78026GF  13292.65994038  .00001491  00000-0  95376-3 0  5572
2 14465 098.8541 179.8819 0123924 304.1670 085.3415 14.01289223569033
0 DELTA 1 DEB
1 14465U 78026GF  13293.66423719  .00001509  00000-0  96457-3 0  5589
2 14465 098.8541 180.8568 0123841 301.3597 111.6758 14.01292177569171
0 DELTA 1 DEB
1 14465U 78026GF  13295.18379792  .00001528  00000-0  97644-3 0  5590
2 14465 098.8538 182.3315 0123698 297.1070 217.3646 14.01297538569381
