0 DELTA 1 DEB
1 14480U 73086GR  13280.97917418  .00005135  00000-0  12828-1 0  2103
2 14480 102.6452 297.8903 0114673 118.4808 273.9777 13.18080151437025
0 DELTA 1 DEB
1 14480U 73086GR  13283.03409243  .00006203  00000-0  15468-1 0  2116
2 14480 102.6464 300.3503 0113414 114.9053 304.1344 13.18103607437297
0 DELTA 1 DEB
1 14480U 73086GR  13283.55323012  .00006397  00000-0  10000-3 0  2137
2 14480 102.6496 300.9689 0113600 113.7078 247.6521 13.18104379437367
0 DELTA 1 DEB
1 14480U 73086GR  13285.98812333  .00005787  00000-0  14445-1 0  2121
2 14480 102.6458 303.8844 0112255 109.2162 281.2443 13.18134837437683
0 DELTA 1 DEB
1 14480U 73086GR  13289.02964950  .00006768  00000-0  16885-1 0  2134
2 14480 102.6446 307.5266 0109503 103.3643 313.8748 13.18171988438083
0 DELTA 1 DEB
1 14480U 73086GR  13290.53579683  .00005578  00000-0  10000-3 0  2141
2 14480 102.6476 309.3238 0111271 099.2636 262.1621 13.18186380438285
0 DELTA 1 DEB
1 14480U 73086GR  13291.98446063  .00006231  00000-0  15568-1 0  2145
2 14480 102.6436 311.0635 0107257 097.5374 295.5654 13.18208075438474
0 DELTA 1 DEB
1 14480U 73086GR  13294.04036549  .00006965  00000-0  17395-1 0  2154
2 14480 102.6431 313.5236 0105321 093.3442 331.9760 13.18234395438740
