0 COSMOS 1525
1 14614U 84001D   13281.87678205 -.00000019  00000-0 -17255-4 0  2491
2 14614 074.0090 223.8704 0021991 201.0841 213.4406 12.54840262363345
0 COSMOS 1525
1 14614U 84001D   13284.20004588 -.00000038  00000-0 -13324-3 0  2503
2 14614 074.0093 220.7512 0021932 197.5813 268.5941 12.54840385363637
0 COSMOS 1525
1 14614U 84001D   13286.51459613 -.00000025  00000-0 -55028-4 0  2517
2 14614 074.0096 217.6437 0021899 194.1148 284.3636 12.54840131363925
0 COSMOS 1525
1 14614U 84001D   13288.81326708  .00000003  00000-0  12136-3 0  2527
2 14614 074.0097 214.5578 0021848 190.5784 228.4916 12.54839810364213
0 COSMOS 1525
1 14614U 84001D   13291.20759559  .00000022  00000-0  23791-3 0  2539
2 14614 074.0095 211.3437 0021813 186.9531 244.6878 12.54839870364517
0 COSMOS 1525
1 14614U 84001D   13293.20919125  .00000008  00000-0  14653-3 0  2540
2 14614 074.0093 208.6567 0021768 183.8794 286.7857 12.54840160364769
0 COSMOS 1525
1 14614U 84001D   13295.28970961 -.00000019  00000-0 -18817-4 0  2557
2 14614 074.0091 205.8637 0021733 180.6788 325.4194 12.54840489365023
