0 SL-8 R/B
1 15032U 84056B   13282.84160142  .00000088  00000-0  40531-4 0  2239
2 15032 074.0741 016.6658 0016805 161.9872 336.8161 14.34233069533860
0 SL-8 R/B
1 15032U 84056B   13285.84037015  .00000154  00000-0  64007-4 0  2254
2 15032 074.0741 011.1889 0016699 155.4055 340.5275 14.34233681534294
0 SL-8 R/B
1 15032U 84056B   13286.88363763  .00000171  00000-0  70166-4 0  2264
2 15032 074.0739 009.2836 0016664 153.1155 327.2904 14.34234215534441
0 SL-8 R/B
1 15032U 84056B   13288.47849630  .00000243  00000-0  95537-4 0  2273
2 15032 074.0737 006.3709 0016576 149.8098 281.9261 14.34235165534678
0 SL-8 R/B
1 15032U 84056B   13289.53058278  .00000194  00000-0  78167-4 0  2287
2 15032 074.0735 004.4495 0016523 147.5498 314.1815 14.34235720534826
0 SL-8 R/B
1 15032U 84056B   13290.71722193  .00000195  00000-0  78588-4 0  2292
2 15032 074.0732 002.2822 0016490 144.9524 321.2239 14.34236417534998
0 SL-8 R/B
1 15032U 84056B   13292.17396521  .00000180  00000-0  73307-4 0  2306
2 15032 074.0730 359.6216 0016467 141.7371 282.9420 14.34237323535208
0 SL-8 R/B
1 15032U 84056B   13293.36243046  .00000210  00000-0  83937-4 0  2316
2 15032 074.0729 357.4508 0016471 139.1586 299.4004 14.34237838535370
0 SL-8 R/B
1 15032U 84056B   13294.55296767  .00000204  00000-0  81783-4 0  2327
2 15032 074.0728 355.2762 0016439 136.5493 326.5838 14.34238524535548
0 SL-8 R/B
1 15032U 84056B   13295.74567552  .00000203  00000-0  81505-4 0  2334
2 15032 074.0728 353.0977 0016373 133.9378 004.9739 14.34239159535713
