0 COSMOS 1605
1 15359U 84109A   13283.13988898  .00000041  00000-0  27157-4 0  8468
2 15359 082.9423 346.6962 0045037 290.6358 128.9280 13.75052990455310
0 COSMOS 1605
1 15359U 84109A   13286.12415329  .00000068  00000-0  55549-4 0  8481
2 15359 082.9418 344.4851 0045064 282.0406 141.8754 13.75052966455724
0 COSMOS 1605
1 15359U 84109A   13287.14120470  .00000073  00000-0  60204-4 0  8495
2 15359 082.9415 343.7316 0045088 279.1193 136.5578 13.75053026455863
0 COSMOS 1605
1 15359U 84109A   13288.15230536  .00000078  00000-0  65472-4 0  8501
2 15359 082.9412 342.9823 0045074 276.2078 101.7894 13.75053236456004
0 COSMOS 1605
1 15359U 84109A   13289.16891881  .00000066  00000-0  53100-4 0  8512
2 15359 082.9409 342.2290 0045091 273.2900 094.3018 13.75053486456148
0 COSMOS 1605
1 15359U 84109A   13290.26759007  .00000061  00000-0  47951-4 0  8521
2 15359 082.9406 341.4147 0045099 270.1282 133.0325 13.75053679456296
0 COSMOS 1605
1 15359U 84109A   13291.51902069  .00000053  00000-0  40322-4 0  8535
2 15359 082.9405 340.4872 0045143 266.5471 207.9451 13.75053806456460
0 COSMOS 1605
1 15359U 84109A   13292.54397038  .00000049  00000-0  35939-4 0  8547
2 15359 082.9404 339.7274 0045164 263.6042 241.7276 13.75053979456609
0 COSMOS 1605
1 15359U 84109A   13293.70716147  .00000054  00000-0  40650-4 0  8555
2 15359 082.9404 338.8652 0045199 260.2792 239.8291 13.75054179456767
0 COSMOS 1605
1 15359U 84109A   13295.13627219  .00000048  00000-0  34808-4 0  8567
2 15359 082.9404 337.8059 0045247 256.1867 114.3105 13.75054257456968
0 COSMOS 1605
1 15359U 84109A   13296.15736259  .00000052  00000-0  38393-4 0  8574
2 15359 082.9403 337.0491 0045288 253.2696 128.9758 13.75054286457106
