0 COSMOS 1620
1 15472U 85003D   13281.42591080  .00000029  00000-0  10000-3 0  3808
2 15472 082.6001 136.3371 0014421 229.2772 130.7119 12.65049603326712
0 COSMOS 1620
1 15472U 85003D   13283.49963043  .00000037  00000-0  14383-3 0  3817
2 15472 082.5987 135.0127 0014698 223.4412 215.9135 12.65049311326970
0 COSMOS 1620
1 15472U 85003D   13285.54461650  .00000042  00000-0  16978-3 0  3821
2 15472 082.5982 133.7052 0014779 218.6312 169.2947 12.65049344327230
0 COSMOS 1620
1 15472U 85003D   13287.77919241  .00000018  00000-0  40812-4 0  3831
2 15472 082.5979 132.2763 0014870 213.4069 266.0839 12.65049610327516
0 COSMOS 1620
1 15472U 85003D   13289.99202932 -.00000001  00000-0 -60272-4 0  3846
2 15472 082.5977 130.8611 0015069 208.1559 263.9478 12.65049758327794
0 COSMOS 1620
1 15472U 85003D   13292.04968150 -.00000001  00000-0 -64938-4 0  3851
2 15472 082.5978 129.5452 0015048 203.4183 274.9143 12.65049881328059
0 COSMOS 1620
1 15472U 85003D   13294.73894015  .00000022  00000-0  62760-4 0  3860
2 15472 082.5975 127.8253 0015283 197.2679 282.3052 12.65049381328391
