0 COSMOS 249 DEB
1 15535U 68091CY  13284.05338494  .00001895  00000-0  39090-3 0  5215
2 15535 062.3982 258.6774 0518428 188.3201 242.5614 14.03098728299669
0 COSMOS 249 DEB
1 15535U 68091CY  13286.48217657  .00001978  00000-0  40721-3 0  5227
2 15535 062.3981 251.5187 0518092 188.8776 270.7974 14.03103707300004
0 COSMOS 249 DEB
1 15535U 68091CY  13289.19378993  .00003533  00000-0  70284-3 0  5236
2 15535 062.3989 243.5261 0517736 189.5041 287.6821 14.03117092300384
0 COSMOS 249 DEB
1 15535U 68091CY  13291.32561580  .00002430  00000-0  49392-3 0  5242
2 15535 062.3994 237.2428 0517465 190.0049 256.0447 14.03132229300685
0 COSMOS 249 DEB
1 15535U 68091CY  13293.74919100  .00002501  00000-0  50818-3 0  5250
2 15535 062.3990 230.1002 0517116 190.5654 258.2333 14.03141820301025
0 COSMOS 249 DEB
1 15535U 68091CY  13296.17819558  .00004299  00000-0  85139-3 0  5267
2 15535 062.3987 222.9419 0516782 191.1188 287.9499 14.03150147301360
