0 COSMOS 1640
1 15622U 85023F   13282.55185487  .00000014  00000-0  18561-3 0  2399
2 15622 074.0556 321.1821 0033489 168.4788 263.9395 12.52770422306066
0 COSMOS 1640
1 15622U 85023F   13287.09364787  .00000002  00000-0  11350-3 0  2414
2 15622 074.0546 315.1243 0033391 161.5712 227.3388 12.52770695306630
0 COSMOS 1640
1 15622U 85023F   13289.09551706 -.00000020  00000-0 -28876-4 0  2420
2 15622 074.0544 312.4540 0033360 158.5150 255.7432 12.52770952306884
0 COSMOS 1640
1 15622U 85023F   13291.17340891 -.00000027  00000-0 -70524-4 0  2438
2 15622 074.0545 309.6820 0033316 155.3398 267.0145 12.52771075307148
0 COSMOS 1640
1 15622U 85023F   13293.51245201 -.00000010  00000-0  35813-4 0  2441
2 15622 074.0546 306.5619 0033286 151.7563 016.0857 12.52770885307433
0 COSMOS 1640
1 15622U 85023F   13296.20631301  .00000010  00000-0  16120-3 0  2459
2 15622 074.0545 302.9686 0033230 147.6147 285.3969 12.52770694307777
