0 ARABSAT 1B
1 15825U 85048C   13280.16785822 -.00000303  00000-0  10000-3 0  4063
2 15825 014.5148 017.5404 0010821 245.5402 114.3527 01.00417348 88929
0 ARABSAT 1B
1 15825U 85048C   13283.15528391 -.00000309  00000-0  10000-3 0  4078
2 15825 014.5176 017.5077 0011313 246.4758 113.4105 01.00416204 88952
0 ARABSAT 1B
1 15825U 85048C   13293.11354481 -.00000309  00000-0  10000-3 0  4083
2 15825 014.5268 017.3992 0011548 246.8309 112.9849 01.00411614 89055
0 ARABSAT 1B
1 15825U 85048C   13293.11365636 -.00000309  00000-0  10000-3 0  4098
2 15825 014.5265 017.3994 0011461 247.8197 112.0509 01.00411882 89055
