0 COSMOS 1703
1 16262U 85108A   13281.80398443  .00001418  00000-0  10146-3 0  2670
2 16262 082.4922 127.0580 0012009 236.1994 123.8089 15.03666714515848
0 COSMOS 1703
1 16262U 85108A   13283.13490212  .00001648  00000-0  11818-3 0  2688
2 16262 082.4919 125.7667 0012016 231.2263 128.7890 15.03676599516047
0 COSMOS 1703
1 16262U 85108A   13286.12944563  .00002230  00000-0  16060-3 0  2708
2 16262 082.4916 122.8609 0012026 220.6352 139.3978 15.03684031516494
0 COSMOS 1703
1 16262U 85108A   13287.52689265  .00002823  00000-0  20384-3 0  2711
2 16262 082.4910 121.5050 0012060 215.7342 144.3078 15.03687837516704
0 COSMOS 1703
1 16262U 85108A   13288.79124376  .00003408  00000-0  24645-3 0  2723
2 16262 082.4907 120.2779 0012121 211.5916 148.4584 15.03697426516895
0 COSMOS 1703
1 16262U 85108A   13290.12213309  .00003938  00000-0  28501-3 0  2732
2 16262 082.4907 118.9862 0012210 207.2422 152.8165 15.03702914517091
0 COSMOS 1703
1 16262U 85108A   13291.51956014  .00003974  00000-0  28755-3 0  2745
2 16262 082.4911 117.6301 0012366 202.7902 157.2777 15.03711937517302
0 COSMOS 1703
1 16262U 85108A   13292.78389112  .00004465  00000-0  32326-3 0  2750
2 16262 082.4918 116.4031 0012503 198.7405 161.3363 15.03719584517494
0 COSMOS 1703
1 16262U 85108A   13294.04821593  .00004670  00000-0  33806-3 0  2768
2 16262 082.4923 115.1762 0012671 194.5814 165.5048 15.03728780517686
0 COSMOS 1703
1 16262U 85108A   13295.51216121  .00004647  00000-0  33626-3 0  2771
2 16262 082.4927 113.7557 0012687 190.7424 169.3533 15.03741763517900
