0 COSMOS 1743
1 16719U 86034A   13282.43421517  .00003749  00000-0  24085-3 0  1737
2 16719 082.5496 226.0973 0011441 273.2025 226.9405 15.08125864492149
0 COSMOS 1743
1 16719U 86034A   13283.81263385  .00004358  00000-0  28021-3 0  1749
2 16719 082.5494 224.7608 0011372 268.0927 151.1155 15.08131649492355
0 COSMOS 1743
1 16719U 86034A   13286.14292769  .00003517  00000-0  22566-3 0  1762
2 16719 082.5494 222.5012 0011373 258.1502 204.9349 15.08146153492707
0 COSMOS 1743
1 16719U 86034A   13287.20726444  .00003514  00000-0  22543-3 0  1775
2 16719 082.5496 221.4690 0011398 253.6378 224.4428 15.08151715492869
0 COSMOS 1743
1 16719U 86034A   13288.34145964  .00004974  00000-0  31978-3 0  1787
2 16719 082.5499 220.3691 0011419 248.9157 263.2342 15.08162407493033
0 COSMOS 1743
1 16719U 86034A   13289.53023884  .00004463  00000-0  28666-3 0  1799
2 16719 082.5502 219.2162 0011454 243.8265 238.6101 15.08171656493216
0 COSMOS 1743
1 16719U 86034A   13290.77976887  .00004642  00000-0  29817-3 0  1807
2 16719 082.5503 218.0043 0011502 238.5616 183.8306 15.08181327493402
0 COSMOS 1743
1 16719U 86034A   13292.18670753  .00003780  00000-0  24239-3 0  1813
2 16719 082.5501 216.6400 0011565 232.7050 263.7984 15.08190225493618
0 COSMOS 1743
1 16719U 86034A   13293.49824459  .00004347  00000-0  27891-3 0  1820
2 16719 082.5498 215.3683 0011653 227.2391 185.7660 15.08199395493810
0 COSMOS 1743
1 16719U 86034A   13294.75976385  .00004708  00000-0  30214-3 0  1831
2 16719 082.5493 214.1450 0011745 222.0939 196.0480 15.08208152494006
0 COSMOS 1743
1 16719U 86034A   13296.16023676  .00004703  00000-0  30175-3 0  1846
2 16719 082.5489 212.7869 0011833 216.3923 240.9138 15.08217682494216
