0 COSMOS 1780 (GLONASS)
1 16963U 86071C   13282.16007531  .00000032  00000-0  00000+0 0  2623
2 16963 064.1835 231.5368 0007374 282.8189 253.9201 02.13100874210619
0 COSMOS 1780 (GLONASS)
1 16963U 86071C   13285.49976362 -.00000000  00000-0  00000+0 0  2636
2 16963 064.1826 231.4212 0007340 282.7493 296.0729 02.13100987210681
0 COSMOS 1780 (GLONASS)
1 16963U 86071C   13289.67020178 -.00000040  00000-0  00000+0 0  2640
2 16963 064.1817 231.2770 0007292 283.1336 255.0950 02.13101044210771
0 COSMOS 1780 (GLONASS)
1 16963U 86071C   13293.29911977 -.00000013  00000-0  00000+0 0  2650
2 16963 064.1810 231.1517 0007254 283.5700 158.6331 02.13101022210855
