0 OPS 4682 DEB
1 18269U 65027Y   13278.20659787  .00000607  00000-0  21665-2 0  4496
2 18269 090.2875 253.1932 0029634 093.4988 327.0222 12.94019983969670
0 OPS 4682 DEB
1 18269U 65027Y   13281.39709559  .00000023  00000-0  55938-4 0  4509
2 18269 090.2868 253.2763 0029597 085.7011 069.3158 12.94028202970089
0 OPS 4682 DEB
1 18269U 65027Y   13285.71936582  .00000274  00000-0  96173-3 0  4522
2 18269 090.2886 253.3920 0029828 074.9833 044.0338 12.94026125970648
0 OPS 4682 DEB
1 18269U 65027Y   13288.73492081  .00000584  00000-0  20814-2 0  4531
2 18269 090.2900 253.4708 0029974 067.5009 051.5806 12.94025820971033
0 OPS 4682 DEB
1 18269U 65027Y   13288.73492081  .00000584  00000-0  20814-2 0  4564
2 18269 090.2900 253.4708 0029974 067.5009 051.5806 12.94025820971033
0 OPS 4682 DEB
1 18269U 65027Y   13288.73492081  .00000584  00000-0  20814-2 0  4597
2 18269 090.2900 253.4708 0029974 067.5009 051.5806 12.94025820971033
