0 EKRAN 16
1 18328U 87073A   13280.84127801 -.00000085  00000-0  10000-3 0  2061
2 18328 015.9646 008.4121 0007046 107.2991 252.7897 00.96484044 92298
0 EKRAN 16
1 18328U 87073A   13282.91407842 -.00000134  00000-0  10000-3 0  2073
2 18328 015.9657 008.3912 0007142 106.6205 253.4672 00.96484857 92319
0 EKRAN 16
1 18328U 87073A   13286.02324382 -.00000172  00000-0  10000-3 0  2089
2 18328 015.9676 008.3601 0007072 106.5600 253.5183 00.96485227 92348
0 EKRAN 16
1 18328U 87073A   13287.05963405 -.00000164  00000-0  10000-3 0  2090
2 18328 015.9682 008.3501 0007246 104.4048 255.6689 00.96484944 92350
0 EKRAN 16
1 18328U 87073A   13289.13242898 -.00000131  00000-0  10000-3 0  2103
2 18328 015.9694 008.3293 0007260 104.0898 255.9819 00.96484267 92374
0 EKRAN 16
1 18328U 87073A   13292.24163715 -.00000091  00000-0  10000-3 0  2115
2 18328 015.9712 008.2982 0007289 103.9008 256.1671 00.96483701 92406
0 EKRAN 16
1 18328U 87073A   13294.31446586 -.00000101  00000-0  10000-3 0  2128
2 18328 015.9724 008.2773 0007306 104.1790 255.8915 00.96484026 92428
