0 SL-16 DEB
1 18416U 87027C   13282.73901747  .00000041  00000-0  76320-4 0  3393
2 18416 071.0364 018.5275 0189419 253.6803 181.8369 13.76537085334168
0 SL-16 DEB
1 18416U 87027C   13285.73767350  .00000069  00000-0  10137-3 0  3412
2 18416 071.0364 012.6284 0189392 249.4333 281.7330 13.76537459334572
0 SL-16 DEB
1 18416U 87027C   13287.54597638  .00000091  00000-0  12063-3 0  3429
2 18416 071.0362 009.0713 0189364 246.8743 242.8124 13.76537766334820
0 SL-16 DEB
1 18416U 87027C   13288.69782536  .00000101  00000-0  12945-3 0  3431
2 18416 071.0360 006.8054 0189337 245.2383 190.8284 13.76538105334988
0 SL-16 DEB
1 18416U 87027C   13290.52594259  .00000084  00000-0  11441-3 0  3440
2 18416 071.0356 003.2091 0189301 242.6469 250.1062 13.76538779335232
0 SL-16 DEB
1 18416U 87027C   13291.53762289  .00000073  00000-0  10426-3 0  3453
2 18416 071.0354 001.2187 0189275 241.2136 223.5124 13.76539108335375
0 SL-16 DEB
1 18416U 87027C   13292.54692251  .00000071  00000-0  10298-3 0  3462
2 18416 071.0353 359.2331 0189244 239.7816 185.1248 13.76539433335511
0 SL-16 DEB
1 18416U 87027C   13293.86545262  .00000064  00000-0  96350-4 0  3474
2 18416 071.0352 356.6391 0189207 237.9107 239.1387 13.76539828335690
0 SL-16 DEB
1 18416U 87027C   13295.16136509  .00000064  00000-0  96496-4 0  3481
2 18416 071.0352 354.0895 0189162 236.0714 181.0727 13.76540231335878
0 SL-16 DEB
1 18416U 87027C   13296.17348152  .00000058  00000-0  91156-4 0  3494
2 18416 071.0351 352.0983 0189131 234.6377 156.6450 13.76540560336011
