0 DELTA 1 DEB
1 18472U 73086GV  13283.18742080 -.00000021  00000-0  11737-3 0  2352
2 18472 101.4676 264.8445 0014967 174.9539 250.4954 12.77410176333034
0 DELTA 1 DEB
1 18472U 73086GV  13285.23540604 -.00000010  00000-0  16456-3 0  2360
2 18472 101.4677 266.9129 0015001 170.7906 308.5036 12.77410193333292
0 DELTA 1 DEB
1 18472U 73086GV  13288.45409278 -.00000029  00000-0  78896-4 0  2376
2 18472 101.4681 270.1635 0015056 164.2917 350.1385 12.77410537333704
0 DELTA 1 DEB
1 18472U 73086GV  13290.93330566 -.00000056  00000-0 -44054-4 0  2386
2 18472 101.4687 272.6676 0015082 159.2538 231.2199 12.77410797334020
0 DELTA 1 DEB
1 18472U 73086GV  13294.79056836 -.00000022  00000-0  11153-3 0  2395
2 18472 101.4694 276.5632 0015129 151.4230 329.4943 12.77410591334511
