0 COSMOS 1375 DEB
1 19473U 82055BM  13282.17059211  .00000661  00000-0  63791-3 0  6243
2 19473 065.8275 150.4170 0022880 018.3473 065.5932 13.86578963322174
0 COSMOS 1375 DEB
1 19473U 82055BM  13284.06036200  .00000732  00000-0  69928-3 0  6254
2 19473 065.8272 145.6551 0023029 017.4919 138.6409 13.86581084322439
0 COSMOS 1375 DEB
1 19473U 82055BM  13287.07430795  .00000761  00000-0  72418-3 0  6277
2 19473 065.8268 138.0603 0023250 016.0558 063.2789 13.86585972322858
0 COSMOS 1375 DEB
1 19473U 82055BM  13289.29844053  .00000758  00000-0  72093-3 0  6285
2 19473 065.8266 132.4550 0023399 014.9516 005.5049 13.86591552323164
0 COSMOS 1375 DEB
1 19473U 82055BM  13293.94139987  .00000894  00000-0  83794-3 0  6297
2 19473 065.8269 120.7542 0023691 012.1973 142.3857 13.86599326323805
0 COSMOS 1375 DEB
1 19473U 82055BM  13294.95048094  .00000949  00000-0  88506-3 0  6306
2 19473 065.8269 118.2116 0023781 011.5782 139.5893 13.86600688323942
0 COSMOS 1375 DEB
1 19473U 82055BM  13295.96170501  .00000962  00000-0  89606-3 0  6315
2 19473 065.8268 115.6629 0023830 010.9935 147.4600 13.86603066324082
