0 NAVSTAR 13 (USA 35)
1 19802U 89013A   13281.89873280  .00000016  00000-0  00000+0 0  8468
2 19802 054.6508 251.6540 0040570 131.7736 006.7929 01.85321530173278
0 NAVSTAR 13 (USA 35)
1 19802U 89013A   13283.00309094  .00000015  00000-0  00000+0 0  8470
2 19802 054.6501 251.6163 0040582 131.7901 023.5788 01.85321568173292
0 NAVSTAR 13 (USA 35)
1 19802U 89013A   13283.00309094  .00000015  00000-0  00000+0 0  8481
2 19802 054.6501 251.6163 0040582 131.7901 023.5788 01.85321568173292
0 NAVSTAR 13 (USA 35)
1 19802U 89013A   13285.19390416 -.00000002  00000-0  00000+0 0  8499
2 19802 054.6487 251.5415 0040622 131.7281 045.3007 01.85321635173336
0 NAVSTAR 13 (USA 35)
1 19802U 89013A   13285.19390416 -.00000002  00000-0  00000+0 0  8501
2 19802 054.6487 251.5415 0040622 131.7281 045.3007 01.85321635173336
0 NAVSTAR 13 (USA 35)
1 19802U 89013A   13285.19390416 -.00000002  00000-0  00000+0 0  8512
2 19802 054.6487 251.5415 0040622 131.7281 045.3007 01.85321635173336
0 NAVSTAR 13 (USA 35)
1 19802U 89013A   13285.19390416 -.00000002  00000-0  00000+0 0  8523
2 19802 054.6487 251.5415 0040622 131.7281 045.3007 01.85321635173336
0 NAVSTAR 13 (USA 35)
1 19802U 89013A   13285.19390416 -.00000002  00000-0  00000+0 0  8534
2 19802 054.6487 251.5415 0040622 131.7281 045.3007 01.85321635173336
0 NAVSTAR 13 (USA 35)
1 19802U 89013A   13285.19390416 -.00000002  00000-0  00000+0 0  8545
2 19802 054.6487 251.5415 0040622 131.7281 045.3007 01.85321635173336
0 NAVSTAR 13 (USA 35)
1 19802U 89013A   13289.63123891 -.00000056  00000-0  00000+0 0  8559
2 19802 054.6462 251.3903 0040629 131.6785 125.8419 01.85321767173410
0 NAVSTAR 13 (USA 35)
1 19802U 89013A   13289.63123891 -.00000056  00000-0  00000+0 0  8560
2 19802 054.6462 251.3903 0040629 131.6785 125.8419 01.85321767173410
0 NAVSTAR 13 (USA 35)
1 19802U 89013A   13290.64780219 -.00000058  00000-0  00000+0 0  8579
2 19802 054.6457 251.3557 0040615 131.7007 084.0488 01.85321753173431
0 NAVSTAR 13 (USA 35)
1 19802U 89013A   13290.64780219 -.00000058  00000-0  00000+0 0  8580
2 19802 054.6457 251.3557 0040615 131.7007 084.0488 01.85321753173431
0 NAVSTAR 13 (USA 35)
1 19802U 89013A   13290.64780219 -.00000058  00000-0  00000+0 0  8591
2 19802 054.6457 251.3557 0040615 131.7007 084.0488 01.85321753173431
0 NAVSTAR 13 (USA 35)
1 19802U 89013A   13290.64780219 -.00000058  00000-0  00000+0 0  8603
2 19802 054.6457 251.3557 0040615 131.7007 084.0488 01.85321753173431
0 NAVSTAR 13 (USA 35)
1 19802U 89013A   13295.48710053 -.00000027  00000-0  00000+0 0  8616
2 19802 054.6431 251.1910 0040564 131.6513 072.7777 01.85321643173521
0 NAVSTAR 13 (USA 35)
1 19802U 89013A   13295.48710053 -.00000027  00000-0  00000+0 0  8627
2 19802 054.6431 251.1910 0040564 131.6513 072.7777 01.85321643173521
0 NAVSTAR 13 (USA 35)
1 19802U 89013A   13295.48710053 -.00000027  00000-0  00000+0 0  8638
2 19802 054.6431 251.1910 0040564 131.6513 072.7777 01.85321643173521
0 NAVSTAR 13 (USA 35)
1 19802U 89013A   13295.48710053 -.00000027  00000-0  00000+0 0  8649
2 19802 054.6431 251.1910 0040564 131.6513 072.7777 01.85321643173521
0 NAVSTAR 13 (USA 35)
1 19802U 89013A   13295.48710053 -.00000027  00000-0  00000+0 0  8650
2 19802 054.6431 251.1910 0040564 131.6513 072.7777 01.85321643173521
0 NAVSTAR 13 (USA 35)
1 19802U 89013A   13295.48710053 -.00000027  00000-0  00000+0 0  8661
2 19802 054.6431 251.1910 0040564 131.6513 072.7777 01.85321643173521
0 NAVSTAR 13 (USA 35)
1 19802U 89013A   13295.48710053 -.00000027  00000-0  00000+0 0  8672
2 19802 054.6431 251.1910 0040564 131.6513 072.7777 01.85321643173521
