0 TDRS 4
1 19883U 89021B   13281.28927222 -.00000026  00000-0  00000+0 0  4722
2 19883 011.6476 029.7547 0016771 193.9869 165.9657 00.98482104262383
0 TDRS 4
1 19883U 89021B   13283.32002544 -.00000006  00000-0  00000+0 0  4739
2 19883 011.6502 029.7339 0016523 193.1770 166.7805 00.98481942262406
0 TDRS 4
1 19883U 89021B   13285.35077961 -.00000005  00000-0  00000+0 0  4749
2 19883 011.6529 029.7147 0016565 193.5879 166.3658 00.98482053262420
0 TDRS 4
1 19883U 89021B   13287.38151672 -.00000024  00000-0  00000+0 0  4758
2 19883 011.6554 029.6949 0016335 193.4874 166.4605 00.98482463262446
0 TDRS 4
1 19883U 89021B   13289.41221184 -.00000061  00000-0  00000+0 0  4762
2 19883 011.6580 029.6749 0016160 193.1177 166.8164 00.98483143262464
0 TDRS 4
1 19883U 89021B   13290.42761016  .00000000  00000-0  10000-3 0  4776
2 19883 011.6600 029.6669 0017869 202.2770 157.6201 00.98479136262474
0 TDRS 4
1 19883U 89021B   13291.44289850 -.00000111  00000-0  00000+0 0  4779
2 19883 011.6606 029.6548 0016220 193.2447 166.6771 00.98483963262482
0 TDRS 4
1 19883U 89021B   13293.47358719 -.00000165  00000-0  00000+0 0  4785
2 19883 011.6633 029.6350 0016232 193.3661 166.5500 00.98484758262500
