0 OPS 4682 DEB
1 20048U 65027BC  13288.30072216  .00000910  00000-0  30542-2 0   804
2 20048 090.2454 233.1785 0027851 243.6896 270.0422 12.98672499226150
0 OPS 4682 DEB
1 20048U 65027BC  13289.30385817  .00001004  00000-0  33730-2 0   817
2 20048 090.2471 233.2086 0025940 239.8901 281.0593 12.98671127226287
0 OPS 4682 DEB
1 20048U 65027BC  13291.30560981  .00001202  00000-0  40408-2 0   828
2 20048 090.2511 233.2503 0027286 236.2430 278.0948 12.98673014226545
0 OPS 4682 DEB
1 20048U 65027BC  13295.31311512  .00001168  00000-0  39242-2 0   833
2 20048 090.2510 233.3418 0027583 224.2147 295.7152 12.98697246227066
