0 COSMOS 2034
1 20149U 89059A   13282.51191291  .00000026  00000-0  11382-4 0  1104
2 20149 082.9436 039.2671 0031910 175.1954 234.2197 13.73323626213330
0 COSMOS 2034
1 20149U 89059A   13283.84425520  .00000029  00000-0  14782-4 0  1117
2 20149 082.9439 038.2828 0031994 171.5097 341.2520 13.73323880213517
0 COSMOS 2034
1 20149U 89059A   13285.95396087  .00000036  00000-0  22209-4 0  1139
2 20149 082.9443 036.7244 0032136 165.6808 331.5244 13.73323917213808
0 COSMOS 2034
1 20149U 89059A   13287.46597807  .00000041  00000-0  27339-4 0  1146
2 20149 082.9445 035.6077 0032204 161.6250 246.7352 13.73323768214010
0 COSMOS 2034
1 20149U 89059A   13288.64901325  .00000066  00000-0  54735-4 0  1159
2 20149 082.9445 034.7340 0032251 158.4633 335.4919 13.73323752214179
0 COSMOS 2034
1 20149U 89059A   13289.73692836  .00000077  00000-0  66646-4 0  1161
2 20149 082.9444 033.9305 0032317 155.4857 314.0584 13.73323852214327
0 COSMOS 2034
1 20149U 89059A   13290.75663883  .00000085  00000-0  74580-4 0  1171
2 20149 082.9444 033.1775 0032363 152.7277 315.3938 13.73323998214460
0 COSMOS 2034
1 20149U 89059A   13292.20147758  .00000095  00000-0  85230-4 0  1187
2 20149 082.9442 032.1104 0032418 148.8626 258.4741 13.73324232214661
0 COSMOS 2034
1 20149U 89059A   13293.44023034  .00000070  00000-0  58756-4 0  1191
2 20149 082.9442 031.1955 0032487 145.5081 262.7347 13.73324433214831
0 COSMOS 2034
1 20149U 89059A   13294.46078285  .00000068  00000-0  56712-4 0  1201
2 20149 082.9441 030.4418 0032515 142.7832 268.1992 13.73324675214970
0 COSMOS 2034
1 20149U 89059A   13296.20196757  .00000050  00000-0  37556-4 0  1217
2 20149 082.9442 029.1558 0032583 138.1191 236.3809 13.73324961215213
