0 H-1 R/B(1)
1 20230U 89070B   13282.19088252  .00035713  00000-0  13477-2 0   558
2 20230 028.2339 208.1262 4560394 207.2768 339.6892 06.47427027403534
0 H-1 R/B(1)
1 20230U 89070B   13283.11416019  .00034394  00000-0  12965-2 0   563
2 20230 028.2342 206.7722 4560062 209.4904 331.7134 06.47491760403594
0 H-1 R/B(1)
1 20230U 89070B   13283.26976477  .00035331  00000-0  13315-2 0   571
2 20230 028.2342 206.5440 4560024 209.8637 334.4248 06.47500250403607
0 H-1 R/B(1)
1 20230U 89070B   13284.19800297  .00033012  00000-0  12426-2 0   587
2 20230 028.2349 205.1825 4559746 212.0888 338.2482 06.47555911403661
0 H-1 R/B(1)
1 20230U 89070B   13285.27761153  .00030651  00000-0  11537-2 0   605
2 20230 028.2354 203.6011 4559393 214.6715 335.1643 06.47616650403733
0 H-1 R/B(1)
1 20230U 89070B   13286.20507227  .00031463  00000-0  11791-2 0   614
2 20230 028.2371 202.2412 4559235 216.8931 337.5625 06.47673008403793
0 H-1 R/B(1)
1 20230U 89070B   13287.13080146  .00031030  00000-0  11570-2 0   629
2 20230 028.2382 200.8846 4559145 219.1092 336.1081 06.47721223403855
0 H-1 R/B(1)
1 20230U 89070B   13287.28488429  .00031992  00000-0  11913-2 0   630
2 20230 028.2382 200.6588 4559152 219.4784 335.4026 06.47728956403867
0 H-1 R/B(1)
1 20230U 89070B   13288.04896778  .00039155  00000-0  14493-2 0   641
2 20230 028.2392 199.5396 4559073 221.3070 317.1876 06.47783904403913
0 H-1 R/B(1)
1 20230U 89070B   13288.21291706  .00036869  00000-0  13624-2 0   655
2 20230 028.2395 199.2984 4559071 221.7007 339.5251 06.47794599403926
0 H-1 R/B(1)
1 20230U 89070B   13289.13872028  .00035911  00000-0  13158-2 0   669
2 20230 028.2403 197.9418 4559042 223.9173 338.6675 06.47854243403988
0 H-1 R/B(1)
1 20230U 89070B   13289.63561811  .00037696  00000-0  13759-2 0   679
2 20230 028.2410 197.2138 4559003 225.1068 057.6088 06.47886497404019
0 H-1 R/B(1)
1 20230U 89070B   13290.21900131  .00035584  00000-0  12920-2 0   681
2 20230 028.2417 196.3589 4559014 226.5044 338.3229 06.47917822404054
0 H-1 R/B(1)
1 20230U 89070B   13291.14374522  .00034396  00000-0  12432-2 0   692
2 20230 028.2420 195.0048 4558812 228.7169 335.4147 06.47982119404116
0 H-1 R/B(1)
1 20230U 89070B   13292.06439051  .00032258  00000-0  11561-2 0   702
2 20230 028.2399 193.6547 4558820 230.9233 323.1391 06.48034301404178
0 H-1 R/B(1)
1 20230U 89070B   13292.22602742  .00032095  00000-0  11489-2 0   718
2 20230 028.2423 193.4171 4558820 231.3132 340.2284 06.48041819404184
0 H-1 R/B(1)
1 20230U 89070B   13293.15016611  .00033006  00000-0  11734-2 0   722
2 20230 028.2423 192.0604 4558736 233.5309 336.3213 06.48101200404242
0 H-1 R/B(1)
1 20230U 89070B   13293.64769784  .00034026  00000-0  12032-2 0   738
2 20230 028.2419 191.3295 4558775 234.7267 057.1794 06.48129053404275
0 H-1 R/B(1)
1 20230U 89070B   13294.06834341  .00034418  00000-0  12130-2 0   742
2 20230 028.2417 190.7118 4558750 235.7374 318.6859 06.48154992404304
0 H-1 R/B(1)
1 20230U 89070B   13295.15427973  .00033950  00000-0  11891-2 0   756
2 20230 028.2735 189.1264 4558542 238.3502 332.6978 06.48230989404378
0 H-1 R/B(1)
1 20230U 89070B   13295.15427973  .00034646  00000-0  12144-2 0   762
2 20230 028.2423 189.1172 4558589 238.3463 332.7139 06.48218322404374
0 H-1 R/B(1)
1 20230U 89070B   13296.07403692  .00034792  00000-0  12160-2 0   777
2 20230 028.2432 187.7665 4558354 240.5546 319.1613 06.48277911404434
