0 LEASAT 5
1 20410U 90002B   13279.86536468 -.00000075  00000-0  10000-3 0  9993
2 20410 010.6715 023.5218 0002830 165.9535 209.6371 01.00273322 72217
0 LEASAT 5
1 20410U 90002B   13281.06686237 -.00000077  00000-0  10000-3 0    03
2 20410 010.6728 023.5113 0002813 165.3610 283.9668 01.00273401 72227
0 LEASAT 5
1 20410U 90002B   13282.06931400 -.00000080  00000-0  10000-3 0    14
2 20410 010.6739 023.5023 0002808 165.2882 285.9220 01.00273461 72236
0 LEASAT 5
1 20410U 90002B   13282.81396775  .00000000  00000-0  10000-3 0    30
2 20410 010.6749 023.5003 0002773 170.4209 189.5846 01.00269061 72242
0 LEASAT 5
1 20410U 90002B   13284.65647250 -.00000086  00000-0  10000-3 0    25
2 20410 010.6772 023.4807 0002523 161.5715 143.5772 01.00272733 72254
0 LEASAT 5
1 20410U 90002B   13285.69513786 -.00000088  00000-0  10000-3 0    39
2 20410 010.6784 023.4718 0002523 161.5608 158.5411 01.00272799 72268
0 LEASAT 5
1 20410U 90002B   13286.78399126 -.00000089  00000-0  10000-3 0    42
2 20410 010.6796 023.4623 0002533 161.2273 191.9459 01.00272866 72271
0 LEASAT 5
1 20410U 90002B   13289.54849987 -.00000090  00000-0  10000-3 0    57
2 20410 010.6827 023.4379 0002539 161.1468 110.0045 01.00273068 72307
0 LEASAT 5
1 20410U 90002B   13289.79458502  .00000000  00000-0  10000-3 0    64
2 20410 010.6829 023.4349 0003086 171.7368 188.2442 01.00269227 72300
0 LEASAT 5
1 20410U 90002B   13290.67108655 -.00000089  00000-0  10000-3 0    62
2 20410 010.6839 023.4283 0002607 160.0961 156.3043 01.00273119 72315
0 LEASAT 5
1 20410U 90002B   13292.91731337 -.00000086  00000-0  10000-3 0    78
2 20410 010.6863 023.4087 0002612 160.1445 247.1370 01.00273264 72344
0 LEASAT 5
1 20410U 90002B   13293.86240638 -.00000084  00000-0  10000-3 0    81
2 20410 010.6874 023.3996 0002831 169.0439 219.4119 01.00273395 72357
