0 SL-8 R/B
1 20528U 90023B   13282.49093918  .00000084  00000-0  74165-4 0  5085
2 20528 082.9365 338.3075 0032735 165.6182 279.4125 13.72719021180260
0 SL-8 R/B
1 20528U 90023B   13287.14224234  .00000120  00000-0  11352-3 0  5101
2 20528 082.9355 334.8720 0032939 153.0796 224.7872 13.72719644180909
0 SL-8 R/B
1 20528U 90023B   13289.19518453  .00000118  00000-0  11097-3 0  5111
2 20528 082.9350 333.3554 0033029 147.5408 289.8334 13.72720383181180
0 SL-8 R/B
1 20528U 90023B   13291.53402369  .00000097  00000-0  88381-4 0  5128
2 20528 082.9347 331.6273 0033165 141.2267 327.7090 13.72720921181505
0 SL-8 R/B
1 20528U 90023B   13293.86580141  .00000123  00000-0  11694-3 0  5134
2 20528 082.9347 329.9045 0033213 135.0029 330.6244 13.72721435181823
0 SL-8 R/B
1 20528U 90023B   13296.19210731  .00000140  00000-0  13469-3 0  5140
2 20528 082.9346 328.1857 0033250 128.7931 306.5041 13.72722036182147
