0 CZ-4 DEB
1 20846U 90081J   13281.50137853  .00000904  00000-0  99861-3 0  5631
2 20846 099.0309 167.4898 0207466 067.2570 053.9423 13.65470804148701
0 CZ-4 DEB
1 20846U 90081J   13283.75522196  .00000995  00000-0  10941-2 0  5640
2 20846 099.0308 169.5907 0207608 061.4336 333.1175 13.65477527149019
0 CZ-4 DEB
1 20846U 90081J   13286.19671024  .00000999  00000-0  10982-2 0  5656
2 20846 099.0307 171.8664 0207791 055.1384 094.7335 13.65482264149348
0 CZ-4 DEB
1 20846U 90081J   13288.24828838  .00001289  00000-0  14048-2 0  5662
2 20846 099.0304 173.7788 0207922 049.8490 099.7065 13.65487654149621
0 CZ-4 DEB
1 20846U 90081J   13290.51354288  .00001204  00000-0  13144-2 0  5672
2 20846 099.0300 175.8906 0207968 043.9953 075.1131 13.65493820149939
0 CZ-4 DEB
1 20846U 90081J   13292.76936178  .00001272  00000-0  13866-2 0  5682
2 20846 099.0299 177.9934 0208084 038.1793 004.1703 13.65498970150242
0 CZ-4 DEB
1 20846U 90081J   13295.20218925  .00001279  00000-0  13938-2 0  5695
2 20846 099.0298 180.2611 0208131 031.9122 083.4060 13.65505954150573
