0 CZ-4 DEB
1 20870U 90081AJ  13280.37039508  .00000204  00000-0  14370-3 0  5253
2 20870 098.8650 313.8256 0035590 143.1704 284.9288 14.08382993179808
0 CZ-4 DEB
1 20870U 90081AJ  13282.58384668  .00000491  00000-0  31007-3 0  5263
2 20870 098.8648 316.0005 0035610 137.1713 347.3076 14.08383515180114
0 CZ-4 DEB
1 20870U 90081AJ  13287.33136811  .00000349  00000-0  22755-3 0  5280
2 20870 098.8637 320.6658 0035659 124.1929 297.7483 14.08389719180780
0 CZ-4 DEB
1 20870U 90081AJ  13289.68748044  .00000201  00000-0  14176-3 0  5293
2 20870 098.8633 322.9813 0035705 117.7409 003.5418 14.08393994181116
0 CZ-4 DEB
1 20870U 90081AJ  13292.09078954  .00000237  00000-0  16243-3 0  5306
2 20870 098.8630 325.3426 0035681 111.1826 308.6437 14.08394767181450
0 CZ-4 DEB
1 20870U 90081AJ  13294.36565057  .00000451  00000-0  28714-3 0  5318
2 20870 098.8630 327.5775 0035648 105.0041 322.4814 14.08394744181778
