0 GORIZONT 22
1 20953U 90102A   13282.98669151  .00000016  00000-0  10000-3 0  8925
2 20953 014.3105 020.2029 0001526 155.1179 204.8918 01.00298951 83944
0 GORIZONT 22
1 20953U 90102A   13285.97761589  .00000012  00000-0  10000-3 0  8932
2 20953 014.3136 020.1697 0001652 148.3054 211.7026 01.00299679 83972
0 GORIZONT 22
1 20953U 90102A   13288.96848534  .00000013  00000-0  10000-3 0  8942
2 20953 014.3166 020.1370 0001683 151.4947 208.4997 01.00300460 84009
0 GORIZONT 22
1 20953U 90102A   13294.95019771  .00000024  00000-0  10000-3 0  8954
2 20953 014.3225 020.0704 0001708 151.6764 208.3140 01.00302126 84068
