0 OV1-5
1 02122U 66025B   13282.51299299  .00000317  00000-0  73310-4 0   156
2 02122 144.6338 125.9992 0047941 271.0850 110.3922 13.65679631371829
0 OV1-5
1 02122U 66025B   13283.53670571  .00000306  00000-0  59803-4 0   165
2 02122 144.6337 130.9672 0047888 278.1038 103.4805 13.65679651371965
0 OV1-5
1 02122U 66025B   13285.58663566  .00000287  00000-0  37488-4 0   183
2 02122 144.6335 140.9154 0047762 292.2021 101.9275 13.65679617372247
0 OV1-5
1 02122U 66025B   13286.61080273  .00000300  00000-0  52855-4 0   198
2 02122 144.6335 145.8855 0047694 299.2196 097.2554 13.65679765372389
0 OV1-5
1 02122U 66025B   13287.63415399  .00000329  00000-0  87261-4 0   204
2 02122 144.6334 150.8517 0047623 306.3037 088.5009 13.65680058372526
0 OV1-5
1 02122U 66025B   13289.12293997  .00000339  00000-0  98436-4 0   216
2 02122 144.6333 158.0768 0047516 316.5878 208.0515 13.65680407372721
0 OV1-5
1 02122U 66025B   13290.14568616  .00000318  00000-0  72751-4 0   223
2 02122 144.6333 163.0402 0047434 323.6129 196.3777 13.65680369372860
0 OV1-5
1 02122U 66025B   13291.16865170  .00000299  00000-0  50232-4 0   230
2 02122 144.6333 168.0046 0047368 330.7432 185.6781 13.65680282373008
0 OV1-5
1 02122U 66025B   13292.19217547  .00000300  00000-0  51686-4 0   241
2 02122 144.6334 172.9718 0047298 337.8489 177.7526 13.65680327373145
0 OV1-5
1 02122U 66025B   13293.48973712  .00000331  00000-0  87984-4 0   252
2 02122 144.6334 179.2690 0047208 346.8340 077.1374 13.65680599373326
0 OV1-5
1 02122U 66025B   13294.51271091  .00000345  00000-0  10535-3 0   261
2 02122 144.6335 184.2335 0047142 353.9443 066.5016 13.65680867373467
0 OV1-5
1 02122U 66025B   13295.53568913  .00000345  00000-0  10457-3 0   270
2 02122 144.6336 189.1981 0047096 001.1038 055.8381 13.65680945373608
