0 DELTA 1 DEB
1 21365U 75052CK  13282.40907721  .00000253  00000-0  88353-3 0   612
2 21365 099.7107 065.2909 0232025 236.5555 187.6631 12.97852041 60410
0 DELTA 1 DEB
1 21365U 75052CK  13286.90274813 -.00000143  00000-0 -31578-3 0   639
2 21365 099.7116 069.2906 0232145 226.3644 303.3237 12.97857122 60997
0 DELTA 1 DEB
1 21365U 75052CK  13288.97380487 -.00000265  00000-0 -68396-3 0   647
2 21365 099.7119 071.1342 0232196 221.6736 259.8853 12.97857871 61263
0 DELTA 1 DEB
1 21365U 75052CK  13291.21039705 -.00000324  00000-0 -86482-3 0   655
2 21365 099.7120 073.1254 0232226 216.6119 269.8780 12.97857410 61553
0 DELTA 1 DEB
1 21365U 75052CK  13293.35385986 -.00000290  00000-0 -76211-3 0   669
2 21365 099.7119 075.0335 0232272 211.7584 204.7437 12.97856083 61838
0 DELTA 1 DEB
1 21365U 75052CK  13295.35814777 -.00000230  00000-0 -58027-3 0   676
2 21365 099.7116 076.8181 0232310 207.2268 209.3308 12.97854366 62094
