0 DELTA 1 DEB
1 21438U 75052DW  13282.63132031  .00000183  00000-0  47346-3 0  5470
2 21438 099.6556 060.7869 0080989 240.3504 250.3442 13.29647356 88415
0 DELTA 1 DEB
1 21438U 75052DW  13287.05493115  .00000176  00000-0  45867-3 0  5494
2 21438 099.6566 064.9256 0081105 229.7289 185.0016 13.29649549 89007
0 DELTA 1 DEB
1 21438U 75052DW  13289.62911969  .00000192  00000-0  49364-3 0  5507
2 21438 099.6573 067.3341 0081196 223.5847 266.9427 13.29650737 89342
0 DELTA 1 DEB
1 21438U 75052DW  13292.62501397  .00000233  00000-0  57817-3 0  5510
2 21438 099.6574 070.1372 0081282 216.4292 207.4936 13.29652051 89740
0 DELTA 1 DEB
1 21438U 75052DW  13294.66859884  .00000239  00000-0  59227-3 0  5527
2 21438 099.6575 072.0495 0081343 211.5288 269.6198 13.29653077 90018
