0 DELTA 1 DEB
1 21498U 75052FT  13283.05873885  .00000138  00000-0  54384-3 0  8598
2 21498 099.6680 322.4768 0266980 060.2148 331.0007 12.92964263 57255
0 DELTA 1 DEB
1 21498U 75052FT  13287.08764848  .00000682  00000-0  22430-2 0  8616
2 21498 099.6671 326.0167 0266794 051.1369 004.2790 12.92963192 57770
0 DELTA 1 DEB
1 21498U 75052FT  13289.09422301  .00000389  00000-0  13286-2 0  8628
2 21498 099.6666 327.7795 0266690 046.6164 344.2219 12.92968422 58030
0 DELTA 1 DEB
1 21498U 75052FT  13291.34480505 -.00000060  00000-0 -75798-4 0  8636
2 21498 099.6662 329.7567 0266579 041.5412 019.9795 12.92973948 58327
0 DELTA 1 DEB
1 21498U 75052FT  13294.04644678 -.00000063  00000-0 -83437-4 0  8642
2 21498 099.6662 332.1297 0266476 035.4386 355.3495 12.92974282 58677
0 DELTA 1 DEB
1 21498U 75052FT  13296.06322774  .00000345  00000-0  11939-2 0  8654
2 21498 099.6662 333.9013 0266409 030.8835 022.9052 12.92971347 58930
