0 DELTA 1 DEB
1 21493U 75052FN  13281.66537866  .00000240  00000-0  12901-2 0  6123
2 21493 099.5797 328.2036 0728480 160.1250 202.9486 12.10565476984329
0 DELTA 1 DEB
1 21493U 75052FN  13283.64896339 -.00000024  00000-0  10000-3 0  6148
2 21493 099.5673 329.7182 0727717 156.1980 207.5115 12.10561717984567
0 DELTA 1 DEB
1 21493U 75052FN  13286.62427145  .00000240  00000-0  12901-2 0  6144
2 21493 099.6031 331.9108 0727473 150.4081 213.9541 12.10565240984926
0 DELTA 1 DEB
1 21493U 75052FN  13290.59137095  .00000238  00000-0  12901-2 0  6155
2 21493 099.6196 334.8968 0723956 142.3739 222.9348 12.10566340985407
0 DELTA 1 DEB
1 21493U 75052FN  13291.66580576  .00000240  00000-0  12901-2 0  6164
2 21493 099.6000 335.7262 0725531 140.4727 225.1873 12.10566369985538
0 DELTA 1 DEB
1 21493U 75052FN  13293.56667357  .00000241  00000-0  12901-2 0  6170
2 21493 099.5825 337.1832 0727231 137.0731 228.9496 12.10563397985762
