0 ORBCOMM-X
1 21576U 91050C   13282.46757439  .00000268  00000-0  98206-4 0  3211
2 21576 098.6863 258.7990 0003842 026.5947 089.9632 14.40640607167297
0 ORBCOMM-X
1 21576U 91050C   13283.78768700  .00000253  00000-0  93709-4 0  3228
2 21576 098.6863 260.1392 0003766 022.6656 096.4629 14.40641245167488
0 ORBCOMM-X
1 21576U 91050C   13286.06848007  .00000246  00000-0  91301-4 0  3241
2 21576 098.6866 262.4546 0003615 016.4231 044.8031 14.40642637167817
0 ORBCOMM-X
1 21576U 91050C   13287.18011753  .00000275  00000-0  10039-3 0  3256
2 21576 098.6868 263.5831 0003558 013.6010 049.6112 14.40643268167979
0 ORBCOMM-X
1 21576U 91050C   13288.44099234  .00000396  00000-0  13860-3 0  3266
2 21576 098.6871 264.8631 0003475 009.5891 109.1594 14.40644732168158
0 ORBCOMM-X
1 21576U 91050C   13289.81963106  .00000319  00000-0  11432-3 0  3275
2 21576 098.6874 266.2626 0003393 005.2410 059.4609 14.40645974168355
0 ORBCOMM-X
1 21576U 91050C   13290.99581265  .00000312  00000-0  11211-3 0  3287
2 21576 098.6877 267.4567 0003314 001.6064 039.6499 14.40646762168525
0 ORBCOMM-X
1 21576U 91050C   13292.46945682  .00000350  00000-0  12397-3 0  3297
2 21576 098.6880 268.9528 0003224 356.8842 122.7827 14.40647783168737
0 ORBCOMM-X
1 21576U 91050C   13293.84722917  .00000398  00000-0  13895-3 0  3302
2 21576 098.6882 270.3518 0003149 352.7557 068.3907 14.40648657168936
0 ORBCOMM-X
1 21576U 91050C   13294.87725054  .00000422  00000-0  14670-3 0  3312
2 21576 098.6880 271.3976 0003082 349.3953 010.7169 14.40649594169079
0 ORBCOMM-X
1 21576U 91050C   13295.91904590  .00000417  00000-0  14493-3 0  3320
2 21576 098.6881 272.4554 0003017 345.8355 014.2748 14.40650808169228
