0 DELTA 1 DEB
1 21674U 75052JA  13281.73704985  .00002840  00000-0  12004-2 0  8810
2 21674 100.0988 097.8201 0162833 174.1273 253.4335 14.19622520148698
0 DELTA 1 DEB
1 21674U 75052JA  13283.29894873  .00003177  00000-0  13395-2 0  8828
2 21674 100.0988 099.6002 0162807 169.8323 315.7672 14.19636883148913
0 DELTA 1 DEB
1 21674U 75052JA  13285.34185308  .00003213  00000-0  13543-2 0  8839
2 21674 100.0981 101.9288 0162741 164.2160 316.4525 14.19645725149207
0 DELTA 1 DEB
1 21674U 75052JA  13287.95640301  .00004425  00000-0  18556-2 0  8843
2 21674 100.0975 104.9089 0162762 157.0149 358.7738 14.19665100149576
0 DELTA 1 DEB
1 21674U 75052JA  13289.99526605  .00003807  00000-0  15996-2 0  8858
2 21674 100.0971 107.2332 0162697 151.3924 339.0455 14.19676929149865
0 DELTA 1 DEB
1 21674U 75052JA  13292.44265659  .00003593  00000-0  15105-2 0  8866
2 21674 100.0978 110.0223 0162621 144.6851 247.3073 14.19693547150217
0 DELTA 1 DEB
1 21674U 75052JA  13294.48541902  .00003620  00000-0  15213-2 0  8872
2 21674 100.0981 112.3512 0162576 139.0411 247.7294 14.19706187150502
