0 COSMOS 2157
1 21728U 91068A   13283.38100214  .00000012  00000-0  90371-5 0  8830
2 21728 082.5825 038.3202 0004231 212.2629 229.1508 12.63141497 16017
0 COSMOS 2157
1 21728U 91068A   13285.43822681  .00000003  00000-0 -41135-4 0  8842
2 21728 082.5829 037.0061 0004302 206.9044 224.6765 12.63141398 16273
0 COSMOS 2157
1 21728U 91068A   13287.49723133  .00000019  00000-0  47859-4 0  8858
2 21728 082.5833 035.6909 0004385 202.4555 227.3829 12.63141095 16536
0 COSMOS 2157
1 21728U 91068A   13289.73338332  .00000061  00000-0  28102-3 0  8867
2 21728 082.5833 034.2627 0004483 197.7694 315.4683 12.63141108 16810
0 COSMOS 2157
1 21728U 91068A   13291.78383381  .00000060  00000-0  27405-3 0  8874
2 21728 082.5831 032.9532 0004562 193.1699 279.4450 12.63141216 17071
0 COSMOS 2157
1 21728U 91068A   13293.84200667  .00000038  00000-0  14958-3 0  8883
2 21728 082.5830 031.6386 0004642 188.6021 278.4883 12.63141418 17332
0 COSMOS 2157
1 21728U 91068A   13296.12976740  .00000023  00000-0  70855-4 0  8893
2 21728 082.5831 030.1772 0004726 183.8416 241.2125 12.63141747 17628
