0 OPS 5118 DEB
1 21944U 80032C   13270.68384733  .00144488  00000-0  11881-1 0  2170
2 21944 062.4595 351.4683 2700590 106.7216 278.4406 09.86939649658642
0 OPS 5118 DEB
1 21944U 80032C   13272.61007306  .00039164  00000-0  32999-2 0  2182
2 21944 062.4614 348.5664 2701522 106.8688 284.4466 09.86467321658837
0 OPS 5118 DEB
1 21944U 80032C   13274.63724420  .00344718  00000-0  28443-1 0  2192
2 21944 062.4466 345.5359 2692395 107.0174 292.5682 09.88397648659039
0 OPS 5118 DEB
1 21944U 80032C   13283.71102536  .00134078  00000-0  11258-1 0  2203
2 21944 062.4589 331.9011 2681394 108.1392 205.6824 09.90407090659938
