0 DELTA 1 DEB
1 21969U 75052JV  13282.12244441  .00000599  00000-0  11961-2 0  9762
2 21969 099.0379 345.6229 0112251 015.4744 014.0002 13.36178721 81188
0 DELTA 1 DEB
1 21969U 75052JV  13283.16987759  .00000600  00000-0  11971-2 0  9778
2 21969 099.0378 346.5509 0112228 012.8316 012.4574 13.36179698 81324
0 DELTA 1 DEB
1 21969U 75052JV  13287.13913137  .00000675  00000-0  13383-2 0  9791
2 21969 099.0373 350.0687 0112140 002.7938 025.7887 13.36184087 81857
0 DELTA 1 DEB
1 21969U 75052JV  13288.86649688  .00000775  00000-0  15265-2 0  9803
2 21969 099.0370 351.5997 0112137 358.4100 054.9849 13.36187242 82086
0 DELTA 1 DEB
1 21969U 75052JV  13290.13434451  .00000725  00000-0  14339-2 0  9813
2 21969 099.0367 352.7233 0112134 355.2072 033.7457 13.36189252 82250
0 DELTA 1 DEB
1 21969U 75052JV  13292.15547316  .00000772  00000-0  15223-2 0  9828
2 21969 099.0365 354.5146 0112152 350.1067 036.0484 13.36192229 82523
0 DELTA 1 DEB
1 21969U 75052JV  13294.65303902  .00000792  00000-0  15593-2 0  9839
2 21969 099.0366 356.7276 0112198 343.8076 170.1983 13.36195934 82857
