0 EXPLORER 7
1 00022U 59009A   13280.14112336  .00001460  00000-0  15259-3 0  7345
2 00022 050.2878 018.0903 0160382 306.7098 119.8437 14.87080834859974
0 EXPLORER 7
1 00022U 59009A   13281.15095963  .00001914  00000-0  19198-3 0  7354
2 00022 050.2877 013.4114 0160364 310.5194 125.9938 14.87084168860123
0 EXPLORER 7
1 00022U 59009A   13282.15912402  .00002234  00000-0  21973-3 0  7362
2 00022 050.2875 008.7403 0160361 314.3174 123.2038 14.87094467860277
0 EXPLORER 7
1 00022U 59009A   13285.57155777  .00002341  00000-0  22917-3 0  7374
2 00022 050.2894 352.9087 0160127 327.2038 031.8626 14.87108264860775
0 EXPLORER 7
1 00022U 59009A   13287.99070515  .00002468  00000-0  24000-3 0  7384
2 00022 050.2897 341.6995 0160255 336.3825 022.9865 14.87122393861145
0 EXPLORER 7
1 00022U 59009A   13290.14103365  .00002605  00000-0  25190-3 0  7390
2 00022 050.2892 331.7349 0160246 344.5052 015.1081 14.87135528861469
0 EXPLORER 7
1 00022U 59009A   13293.70247681  .00003288  00000-0  31089-3 0  7409
2 00022 050.2885 315.2330 0160265 357.9493 002.1395 14.87163519861999
