0 SL-12 R/B(2)
1 22044U 92043D   13281.97291482 -.00000136  00000-0  10000-3 0  3109
2 22044 014.5008 028.1298 0027795 072.2114 288.0908 00.97833100 74220
0 SL-12 R/B(2)
1 22044U 92043D   13284.01712956 -.00000177  00000-0  10000-3 0  3117
2 22044 014.5035 028.1073 0027818 072.2767 288.0265 00.97833699 74242
0 SL-12 R/B(2)
1 22044U 92043D   13287.08341072 -.00000187  00000-0  10000-3 0  3126
2 22044 014.5079 028.0730 0027813 072.3113 287.9809 00.97833657 74279
0 SL-12 R/B(2)
1 22044U 92043D   13293.21602450 -.00000081  00000-0  10000-3 0  3132
2 22044 014.5157 028.0056 0027834 072.3206 287.9502 00.97831772 74336
0 SL-12 R/B(2)
1 22044U 92043D   13294.23815975 -.00000065  00000-0  10000-3 0  3146
2 22044 014.5173 027.9948 0027742 072.9059 287.3618 00.97831479 74349
