0 SL-12 R/B(2)
1 22115U 92059D   13281.47155503  .00000061  00000-0  10000-3 0  4076
2 22115 014.1666 026.6589 0010363 194.9122 165.0590 00.99799729 76105
0 SL-12 R/B(2)
1 22115U 92059D   13283.47547545  .00000041  00000-0  10000-3 0  4088
2 22115 014.1690 026.6363 0010369 194.9610 165.0099 00.99800565 76127
0 SL-12 R/B(2)
1 22115U 92059D   13283.47549559  .00000000  00000-0  10000-3 0  4091
2 22115 014.1704 026.6378 0010256 195.4935 164.4803 00.99796756 76122
0 SL-12 R/B(2)
1 22115U 92059D   13285.47938002  .00000020  00000-0  10000-3 0  4090
2 22115 014.1714 026.6138 0010549 195.2800 164.6881 00.99801360 76149
0 SL-12 R/B(2)
1 22115U 92059D   13288.48516945 -.00000014  00000-0  10000-3 0  4108
2 22115 014.1751 026.5798 0010511 195.2850 164.6687 00.99802477 76172
0 SL-12 R/B(2)
1 22115U 92059D   13290.48901211 -.00000036  00000-0  10000-3 0  4110
2 22115 014.1775 026.5571 0010499 195.1155 164.8280 00.99803141 76191
0 SL-12 R/B(2)
1 22115U 92059D   13290.48901287  .00000000  00000-0  10000-3 0  4124
2 22115 014.1788 026.5589 0010444 197.6374 162.3054 00.99799468 76192
0 SL-12 R/B(2)
1 22115U 92059D   13292.49285322 -.00000059  00000-0  10000-3 0  4127
2 22115 014.1799 026.5345 0010490 195.1362 164.8023 00.99803746 76216
0 SL-12 R/B(2)
1 22115U 92059D   13294.49670510 -.00000083  00000-0  10000-3 0  4134
2 22115 014.1827 026.5121 0010770 196.0656 163.8725 00.99804268 76237
