0 COSMOS 2219
1 22219U 92076A   13282.13936840  .00000223  00000-0  14350-3 0  3403
2 22219 071.0601 131.2297 0020400 285.7416 212.3913 14.13448902 77862
0 COSMOS 2219
1 22219U 92076A   13283.67660369  .00000188  00000-0  12471-3 0  3416
2 22219 071.0600 128.0193 0020476 283.6735 114.2058 14.13449909 78087
0 COSMOS 2219
1 22219U 92076A   13286.10245502  .00000108  00000-0  82470-4 0  3436
2 22219 071.0599 122.9532 0020582 280.5012 217.4243 14.13451138 78423
0 COSMOS 2219
1 22219U 92076A   13287.49429440  .00000068  00000-0  61014-4 0  3441
2 22219 071.0599 120.0464 0020632 278.6726 099.3955 14.13451973 78628
0 COSMOS 2219
1 22219U 92076A   13288.78119988  .00000053  00000-0  53392-4 0  3452
2 22219 071.0601 117.3589 0020689 277.0336 167.3941 14.13452676 78803
0 COSMOS 2219
1 22219U 92076A   13289.84460245  .00000013  00000-0  31896-4 0  3467
2 22219 071.0603 115.1381 0020728 275.6550 178.1966 14.13453045 78951
0 COSMOS 2219
1 22219U 92076A   13291.05598296 -.00000015  00000-0  17121-4 0  3470
2 22219 071.0605 112.6082 0020759 274.0797 221.9475 14.13453320 79121
0 COSMOS 2219
1 22219U 92076A   13292.44794407 -.00000012  00000-0  18418-4 0  3484
2 22219 071.0607 109.7014 0020795 272.2658 104.5352 14.13453543 79320
0 COSMOS 2219
1 22219U 92076A   13293.50827919 -.00000015  00000-0  16938-4 0  3496
2 22219 071.0607 107.4869 0020845 270.7415 099.8843 14.13453685 79477
0 COSMOS 2219
1 22219U 92076A   13294.50877238 -.00000021  00000-0  13924-4 0  3507
2 22219 071.0607 105.3974 0020904 269.2859 150.7552 14.13453808 79619
0 COSMOS 2219
1 22219U 92076A   13295.86154854 -.00000023  00000-0  12574-4 0  3512
2 22219 071.0607 102.5725 0021043 267.4502 194.0375 14.13453719 79808
