0 SL-16 DEB
1 22393U 92093CJ  13281.68647347  .00000890  00000-0  58252-3 0  7251
2 22393 071.1260 002.6496 0126279 191.7391 244.0990 14.00989756 57798
0 SL-16 DEB
1 22393U 92093CJ  13284.18077632  .00000929  00000-0  60641-3 0  7262
2 22393 071.1259 357.5624 0126111 188.0221 224.2561 14.00998857 58143
0 SL-16 DEB
1 22393U 92093CJ  13286.53950411  .00000948  00000-0  61876-3 0  7271
2 22393 071.1255 352.7518 0125930 184.5283 240.6801 14.01002445 58470
0 SL-16 DEB
1 22393U 92093CJ  13288.54770662  .00001298  00000-0  83633-3 0  7287
2 22393 071.1252 348.6562 0125726 181.5493 289.2368 14.01007935 58750
0 SL-16 DEB
1 22393U 92093CJ  13290.62000866  .00001103  00000-0  71525-3 0  7294
2 22393 071.1249 344.4298 0125515 178.4754 301.1203 14.01014787 59045
0 SL-16 DEB
1 22393U 92093CJ  13292.83200356  .00001001  00000-0  65149-3 0  7309
2 22393 071.1249 339.9180 0125312 175.1506 297.6580 14.01020668 59354
0 SL-16 DEB
1 22393U 92093CJ  13295.47247286  .00001150  00000-0  74480-3 0  7319
2 22393 071.1248 334.5322 0125036 171.1817 295.3392 14.01026128 59720
