0 SL-16 DEB
1 22406U 92093CX  13280.74201609  .00000108  00000-0  12982-3 0  9646
2 22406 070.7532 152.4078 0179759 276.4022 150.8267 13.80725134 43660
0 SL-16 DEB
1 22406U 92093CX  13282.77061372  .00000156  00000-0  17006-3 0  9658
2 22406 070.7528 148.3316 0179746 273.6069 154.1624 13.80725868 43949
0 SL-16 DEB
1 22406U 92093CX  13287.06284318  .00000224  00000-0  22786-3 0  9671
2 22406 070.7522 139.7066 0179667 267.6760 249.1267 13.80727598 44538
0 SL-16 DEB
1 22406U 92093CX  13289.65086478  .00000215  00000-0  21999-3 0  9681
2 22406 070.7520 134.5058 0179632 264.0994 153.1671 13.80729688 44896
0 SL-16 DEB
1 22406U 92093CX  13291.98871459  .00000234  00000-0  23624-3 0  9690
2 22406 070.7522 129.8078 0179598 260.8690 253.7191 13.80730780 45211
0 SL-16 DEB
1 22406U 92093CX  13294.22607763  .00000276  00000-0  27161-3 0  9703
2 22406 070.7523 125.3115 0179567 257.7809 214.7960 13.80732126 45529
