0 SL-16 DEB
1 22455U 92093EU  13284.14673064  .00002752  00000-0  14496-2 0  3794
2 22455 070.8821 204.7421 0127587 166.3451 312.7174 14.10746045 56280
0 SL-16 DEB
1 22455U 92093EU  13286.20348500  .00002351  00000-0  12419-2 0  3807
2 22455 070.8824 200.4262 0127567 163.1443 318.4944 14.10755121 56578
0 SL-16 DEB
1 22455U 92093EU  13288.81459374  .00002809  00000-0  14785-2 0  3815
2 22455 070.8822 194.9468 0127553 159.1172 259.7741 14.10769803 56945
0 SL-16 DEB
1 22455U 92093EU  13291.16710484  .00002885  00000-0  15176-2 0  3829
2 22455 070.8814 190.0105 0127582 155.4840 327.8150 14.10781279 57273
0 SL-16 DEB
1 22455U 92093EU  13293.77783834  .00002948  00000-0  15497-2 0  3834
2 22455 070.8804 184.5319 0127648 151.4417 267.4551 14.10793405 57645
0 SL-16 DEB
1 22455U 92093EU  13296.13087986  .00003491  00000-0  18296-2 0  3847
2 22455 070.8803 179.5937 0127676 147.8017 338.4063 14.10804771 57972
