0 SL-16 DEB
1 22468U 92093FH  13281.65645200  .00005485  00000-0  25133-2 0  5093
2 22468 071.1768 013.7570 0116679 203.5819 279.4649 14.18195279 57465
0 SL-16 DEB
1 22468U 92093FH  13282.64324312  .00007726  00000-0  35287-2 0  5104
2 22468 071.1768 011.6915 0116582 202.0618 277.5370 14.18219569 57604
0 SL-16 DEB
1 22468U 92093FH  13283.69222347  .00007768  00000-0  35475-2 0  5111
2 22468 071.1768 009.4958 0116554 200.5257 233.1092 14.18225729 57757
0 SL-16 DEB
1 22468U 92093FH  13286.22309163  .00005097  00000-0  23351-2 0  5129
2 22468 071.1771 004.1984 0116402 196.8303 194.6319 14.18256185 58117
0 SL-16 DEB
1 22468U 92093FH  13288.27368699  .00008368  00000-0  38170-2 0  5135
2 22468 071.1773 359.9067 0116205 193.6984 224.4219 14.18282331 58408
0 SL-16 DEB
1 22468U 92093FH  13290.17062970  .00007110  00000-0  32460-2 0  5141
2 22468 071.1768 355.9357 0116030 190.8389 189.8529 14.18306551 58672
0 SL-16 DEB
1 22468U 92093FH  13292.30593823  .00006266  00000-0  28631-2 0  5151
2 22468 071.1768 351.4662 0115730 187.7160 292.4375 14.18333792 58970
0 SL-16 DEB
1 22468U 92093FH  13294.56239566  .00007680  00000-0  35031-2 0  5166
2 22468 071.1767 346.7424 0115358 184.3572 293.8757 14.18359775 59292
