0 HGS 4 (GALAXY 4)
1 22694U 93039A   13279.84791588 -.00000122  00000-0  10000-3 0  6378
2 22694 012.6334 038.2710 0010822 166.0531 193.9827 01.00268333 72510
0 HGS 4 (GALAXY 4)
1 22694U 93039A   13282.83975746 -.00000128  00000-0  10000-3 0  6388
2 22694 012.6380 038.2374 0010592 166.5604 193.4681 01.00268123 72540
0 HGS 4 (GALAXY 4)
1 22694U 93039A   13282.83977588  .00000000  00000-0  10000-3 0  6405
2 22694 012.6393 038.2301 0011067 169.1956 190.8335 01.00264169 72544
0 HGS 4 (GALAXY 4)
1 22694U 93039A   13285.83161689 -.00000134  00000-0  10000-3 0  6404
2 22694 012.6431 038.2017 0010743 169.7361 190.2881 01.00267951 72572
0 HGS 4 (GALAXY 4)
1 22694U 93039A   13287.82616925 -.00000134  00000-0  10000-3 0  6414
2 22694 012.6464 038.1783 0010890 171.3508 188.6617 01.00267836 72594
0 HGS 4 (GALAXY 4)
1 22694U 93039A   13289.82070737 -.00000133  00000-0  10000-3 0  6421
2 22694 012.6498 038.1549 0011009 171.7802 188.2161 01.00267713 72612
0 HGS 4 (GALAXY 4)
1 22694U 93039A   13292.81252304 -.00000130  00000-0  10000-3 0  6434
2 22694 012.6546 038.1191 0011107 172.1715 187.8081 01.00267588 72645
