0 NAVSTAR 33 (USA 92)
1 22700U 93042A   13281.30562161 -.00000049  00000-0  00000+0 0  1634
2 22700 056.3494 334.3092 0166220 099.4687 199.2277 02.00559042148544
0 NAVSTAR 33 (USA 92)
1 22700U 93042A   13282.01768809 -.00000051  00000-0  00000+0 0  1644
2 22700 056.3492 334.2811 0166238 099.4831 353.3457 02.00559089148566
0 NAVSTAR 33 (USA 92)
1 22700U 93042A   13282.01768809 -.00000051  00000-0  00000+0 0  1655
2 22700 056.3492 334.2811 0166238 099.4831 353.3457 02.00559089148566
0 NAVSTAR 33 (USA 92)
1 22700U 93042A   13283.80530426 -.00000057  00000-0  00000+0 0  1662
2 22700 056.3488 334.2108 0166191 099.5290 204.0101 02.00559259148598
0 NAVSTAR 33 (USA 92)
1 22700U 93042A   13285.29478588 -.00000061  00000-0  00000+0 0  1673
2 22700 056.3484 334.1523 0166191 099.5675 199.4204 02.00559368148627
0 NAVSTAR 33 (USA 92)
1 22700U 93042A   13286.49319785 -.00000062  00000-0  00000+0 0  1681
2 22700 056.3482 334.1052 0166089 099.5740 344.7026 02.00559439148650
0 NAVSTAR 33 (USA 92)
1 22700U 93042A   13287.31986480 -.00000062  00000-0  00000+0 0  1696
2 22700 056.3480 334.0728 0166070 099.5909 221.5637 02.00559488148669
0 NAVSTAR 33 (USA 92)
1 22700U 93042A   13287.79441795 -.00000062  00000-0  00000+0 0  1705
2 22700 056.3478 334.0542 0166100 099.6067 204.1896 02.00559518148679
0 NAVSTAR 33 (USA 92)
1 22700U 93042A   13288.57327135 -.00000063  00000-0  00000+0 0  1715
2 22700 056.3476 334.0236 0166117 099.6239 046.5282 02.00559554148695
0 NAVSTAR 33 (USA 92)
1 22700U 93042A   13288.57327135 -.00000063  00000-0  00000+0 0  1726
2 22700 056.3476 334.0236 0166117 099.6239 046.5282 02.00559554148695
0 NAVSTAR 33 (USA 92)
1 22700U 93042A   13291.30828931 -.00000069  00000-0  00000+0 0  1738
2 22700 056.3469 333.9163 0166100 099.6745 221.2449 02.00559634148740
0 NAVSTAR 33 (USA 92)
1 22700U 93042A   13291.30828931 -.00000069  00000-0  00000+0 0  1749
2 22700 056.3469 333.9163 0166100 099.6745 221.2449 02.00559634148740
0 NAVSTAR 33 (USA 92)
1 22700U 93042A   13291.30828931 -.00000069  00000-0  00000+0 0  1750
2 22700 056.3469 333.9163 0166100 099.6745 221.2449 02.00559634148740
0 NAVSTAR 33 (USA 92)
1 22700U 93042A   13292.79691166 -.00000074  00000-0  00000+0 0  1769
2 22700 056.3459 333.8587 0165916 099.7032 216.0478 02.00559720148775
0 NAVSTAR 33 (USA 92)
1 22700U 93042A   13294.28334456 -.00000078  00000-0  00000+0 0  1776
2 22700 056.3462 333.7994 0165929 099.6831 209.3223 02.00559709148804
0 NAVSTAR 33 (USA 92)
1 22700U 93042A   13295.29844705 -.00000079  00000-0  00000+0 0  1783
2 22700 056.3458 333.7595 0165933 099.7006 222.2416 02.00559668148820
