0 METEOR 2-21
1 22782U 93055A   13282.44216791  .00000034  00000-0  17718-4 0  8649
2 22782 082.5530 012.2602 0021376 246.4830 163.6961 13.83715548 15446
0 METEOR 2-21
1 22782U 93055A   13283.76559623  .00000037  00000-0  20564-4 0  8656
2 22782 082.5530 011.2104 0021423 242.5787 276.3811 13.83715505 15622
0 METEOR 2-21
1 22782U 93055A   13285.78845867  .00000033  00000-0  16316-4 0  8676
2 22782 082.5530 009.6060 0021519 236.6717 273.2505 13.83715266 15908
0 METEOR 2-21
1 22782U 93055A   13286.79412807  .00000044  00000-0  26130-4 0  8680
2 22782 082.5529 008.8083 0021581 233.7737 242.9443 13.83715161 16045
0 METEOR 2-21
1 22782U 93055A   13287.93802068  .00000046  00000-0  28524-4 0  8691
2 22782 082.5526 007.9012 0021652 230.4565 181.2109 13.83715049 16203
0 METEOR 2-21
1 22782U 93055A   13289.02324556  .00000040  00000-0  23124-4 0  8701
2 22782 082.5524 007.0405 0021727 227.3874 187.1469 13.83715081 16355
0 METEOR 2-21
1 22782U 93055A   13290.39613499  .00000035  00000-0  18326-4 0  8713
2 22782 082.5521 005.9516 0021799 223.4287 186.1308 13.83715266 16543
0 METEOR 2-21
1 22782U 93055A   13291.78816834  .00000031  00000-0  14929-4 0  8727
2 22782 082.5519 004.8475 0021875 219.4064 280.4876 13.83715376 16736
0 METEOR 2-21
1 22782U 93055A   13292.80045207  .00000014  00000-0 -57977-6 0  8734
2 22782 082.5517 004.0446 0021943 216.4996 283.1191 13.83715442 16870
0 METEOR 2-21
1 22782U 93055A   13294.15821564  .00000004  00000-0 -99960-5 0  8749
2 22782 082.5512 002.9672 0022190 212.5125 206.8272 13.83715413 17061
0 METEOR 2-21
1 22782U 93055A   13295.16974678  .00000004  00000-0 -98661-5 0  8754
2 22782 082.5510 002.1648 0022253 209.6108 205.7081 13.83715285 17201
0 METEOR 2-21
1 22782U 93055A   13296.17678966  .00000003  00000-0 -10278-4 0  8764
2 22782 082.5509 001.3659 0022325 206.7955 182.1571 13.83715129 17344
