0 SL-16 DEB
1 22805U 93059D   13283.05560845  .00000067  00000-0  10696-3 0  9104
2 22805 070.9728 274.5589 0216081 241.4223 176.0615 13.69765740  3072
0 SL-16 DEB
1 22805U 93059D   13287.38366604  .00000029  00000-0  70093-4 0  9129
2 22805 070.9732 266.1127 0215930 235.3829 278.3522 13.69766813  3668
0 SL-16 DEB
1 22805U 93059D   13290.37807530  .00000059  00000-0  99504-4 0  9132
2 22805 070.9738 260.2692 0215830 231.2023 284.2397 13.69767278  4074
0 SL-16 DEB
1 22805U 93059D   13292.90859255  .00000075  00000-0  11526-3 0  9140
2 22805 070.9740 255.3315 0215696 227.6646 162.6119 13.69767550  4427
0 SL-16 DEB
1 22805U 93059D   13295.33653602  .00000067  00000-0  10747-3 0  9154
2 22805 070.9741 250.5940 0215590 224.2695 255.1806 13.69768098  4754
