0 SL-8 R/B
1 23180U 94041B   13281.85711920  .00000033  00000-0  17234-4 0  2989
2 23180 082.9483 213.5253 0029932 044.2741 008.4655 13.77792389967363
0 SL-8 R/B
1 23180U 94041B   13284.19267414  .00000042  00000-0  26004-4 0  2999
2 23180 082.9486 211.7884 0029798 037.9022 072.7658 13.77792741967681
0 SL-8 R/B
1 23180U 94041B   13286.37708017  .00000048  00000-0  32812-4 0  3014
2 23180 082.9489 210.1639 0029655 031.8832 107.4326 13.77792722967989
0 SL-8 R/B
1 23180U 94041B   13287.39369823  .00000063  00000-0  47093-4 0  3020
2 23180 082.9489 209.4080 0029580 029.0478 109.8986 13.77792688968128
0 SL-8 R/B
1 23180U 94041B   13288.68211476  .00000079  00000-0  63175-4 0  3030
2 23180 082.9489 208.4500 0029494 025.4723 020.4782 13.77792664968307
0 SL-8 R/B
1 23180U 94041B   13289.84662558  .00000090  00000-0  74145-4 0  3043
2 23180 082.9489 207.5842 0029420 022.2402 036.4826 13.77792926968468
0 SL-8 R/B
1 23180U 94041B   13291.17144008  .00000099  00000-0  83158-4 0  3051
2 23180 082.9488 206.5992 0029333 018.5768 127.5847 13.77793142968644
0 SL-8 R/B
1 23180U 94041B   13292.19331227  .00000098  00000-0  82030-4 0  3063
2 23180 082.9487 205.8395 0029273 015.7665 156.0729 13.77793361968784
0 SL-8 R/B
1 23180U 94041B   13293.20872763  .00000090  00000-0  74868-4 0  3074
2 23180 082.9486 205.0845 0029198 012.9368 152.5727 13.77793546968920
0 SL-8 R/B
1 23180U 94041B   13294.36398184  .00000074  00000-0  58440-4 0  3083
2 23180 082.9485 204.2255 0029122 009.7159 122.6808 13.77793878969088
0 SL-8 R/B
1 23180U 94041B   13295.38173725  .00000072  00000-0  56131-4 0  3092
2 23180 082.9485 203.4687 0029047 006.8243 130.8446 13.77794135969228
