0 SL-12 R/B(2)
1 23270U 94060D   13280.45732595  .00000109  00000-0  10000-3 0  6550
2 23270 013.3062 033.2355 0010326 037.3410 322.7330 01.00072018 69163
0 SL-12 R/B(2)
1 23270U 94060D   13283.45501441  .00000102  00000-0  10000-3 0  6561
2 23270 013.3104 033.2008 0010316 037.4502 322.6224 01.00073290 69194
0 SL-12 R/B(2)
1 23270U 94060D   13287.45185655  .00000096  00000-0  10000-3 0  6573
2 23270 013.3160 033.1545 0010264 037.7237 322.3401 01.00075004 69235
0 SL-12 R/B(2)
1 23270U 94060D   13290.44938808  .00000000  00000-0  10000-3 0  6588
2 23270 013.3190 033.1157 0010190 036.8410 323.2058 01.00072882 69260
0 SL-12 R/B(2)
1 23270U 94060D   13290.44940966  .00000095  00000-0  10000-3 0  6580
2 23270 013.3203 033.1198 0010062 038.0517 321.9934 01.00076316 69264
0 SL-12 R/B(2)
1 23270U 94060D   13293.44694911  .00000095  00000-0  10000-3 0  6590
2 23270 013.3246 033.0852 0010141 038.2783 321.7580 01.00077608 69295
