0 SL-16 DEB
1 23275U 92093JF  13281.68613524  .00000220  00000-0  18512-3 0  3079
2 23275 071.2464 168.3834 0107514 200.1200 190.1771 13.95345907 14222
0 SL-16 DEB
1 23275U 92093JF  13283.14538023  .00000213  00000-0  18057-3 0  3089
2 23275 071.2462 165.4539 0107438 197.9255 320.3088 13.95346622 14434
0 SL-16 DEB
1 23275U 92093JF  13287.08678959  .00000309  00000-0  24810-3 0  3090
2 23275 071.2454 157.5414 0107179 191.8765 319.0849 13.95348189 14979
0 SL-16 DEB
1 23275U 92093JF  13288.09100080  .00000368  00000-0  28980-3 0  3106
2 23275 071.2454 155.5254 0107102 190.3304 323.5191 13.95349508 15122
0 SL-16 DEB
1 23275U 92093JF  13289.30356774  .00000263  00000-0  21540-3 0  3114
2 23275 071.2452 153.0912 0107076 188.5589 294.4931 13.95350751 15285
0 SL-16 DEB
1 23275U 92093JF  13292.03370023  .00000314  00000-0  25174-3 0  3126
2 23275 071.2453 147.6097 0106940 184.4359 328.6681 13.95352332 15670
0 SL-16 DEB
1 23275U 92093JF  13293.03737691  .00000333  00000-0  26510-3 0  3132
2 23275 071.2453 145.5947 0106884 182.9145 330.4106 13.95352959 15818
0 SL-16 DEB
1 23275U 92093JF  13294.04166344  .00000316  00000-0  25269-3 0  3147
2 23275 071.2453 143.5783 0106797 181.3889 335.2203 13.95353917 15956
