0 SL-12 DEB
1 23292U 85118P   13280.43732089  .00002333  00000-0  12564-2 0  3817
2 23292 065.0470 319.0227 5732596 183.9529 168.2043 04.37571045333728
0 SL-12 DEB
1 23292U 85118P   13282.26577417  .00002612  00000-0  14518-2 0  3824
2 23292 065.0466 318.3073 5732779 183.8634 168.4792 04.37593036333809
0 SL-12 DEB
1 23292U 85118P   13283.40851666  .00002426  00000-0  13748-2 0  3830
2 23292 065.0465 317.8603 5732921 183.8076 168.6495 04.37602101333851
0 SL-12 DEB
1 23292U 85118P   13283.40851830  .00002961  00000-0  16131-2 0  3836
2 23292 065.0411 317.8607 5732333 183.7985 168.6948 04.37588638333841
0 SL-12 DEB
1 23292U 85118P   13287.06514616  .00002378  00000-0  13060-2 0  3841
2 23292 065.0453 316.4291 5733390 183.6298 169.1789 04.37618210334010
0 SL-12 DEB
1 23292U 85118P   13288.66486838  .00002237  00000-0  11823-2 0  3852
2 23292 065.0443 315.8030 5733516 183.5521 169.4079 04.37624088334083
0 SL-12 DEB
1 23292U 85118P   13291.40718897  .00002086  00000-0  10655-2 0  3866
2 23292 065.0432 314.7297 5733828 183.4186 169.8088 04.37634016334206
0 SL-12 DEB
1 23292U 85118P   13293.46389216  .00002170  00000-0  11356-2 0  3877
2 23292 065.0425 313.9244 5734077 183.3192 170.1149 04.37641809334294
