0 SL-16 DEB
1 23407U 94077D   13282.85710785  .00000057  00000-0  93760-4 0  6022
2 23407 071.0327 104.0141 0201666 354.9475 103.7372 13.72797279945754
0 SL-16 DEB
1 23407U 94077D   13287.51236861  .00000010  00000-0  49880-4 0  6043
2 23407 071.0334 094.9117 0201884 348.3235 070.3709 13.72798646946398
0 SL-16 DEB
1 23407U 94077D   13289.85369492  .00000037  00000-0  74814-4 0  6054
2 23407 071.0340 090.3339 0202048 344.9975 121.3783 13.72798990946714
0 SL-16 DEB
1 23407U 94077D   13292.11438953  .00000064  00000-0  10036-3 0  6062
2 23407 071.0344 085.9140 0202161 341.7922 133.8947 13.72799082947029
0 SL-16 DEB
1 23407U 94077D   13294.81755940  .00000105  00000-0  13908-3 0  6077
2 23407 071.0347 080.6290 0202265 337.9612 173.1573 13.72799626947394
