0 SL-19 DEB
1 23488U 94085L   13282.46614206 -.00001948  00000-0 -53066-1 0  7618
2 23488 064.9892 339.2238 0213733 337.0360 134.2590 11.27215954772351
0 SL-19 DEB
1 23488U 94085L   13283.70157650 -.00001818  00000-0 -49439-1 0  7627
2 23488 064.9891 337.2391 0214050 336.7404 107.6698 11.27213203772499
0 SL-19 DEB
1 23488U 94085L   13286.17246912 -.00001534  00000-0 -41518-1 0  7648
2 23488 064.9891 333.2691 0214625 336.1562 054.5316 11.27207927772779
0 SL-19 DEB
1 23488U 94085L   13287.53273317 -.00001525  00000-0 -41285-1 0  7650
2 23488 064.9889 331.0838 0214894 335.8633 174.4253 11.27205571772920
0 SL-19 DEB
1 23488U 94085L   13288.66992142 -.00001513  00000-0 -40928-1 0  7660
2 23488 064.9889 329.2570 0215225 335.6143 109.0803 11.27203940773053
0 SL-19 DEB
1 23488U 94085L   13289.73885544 -.00001305  00000-0 -35137-1 0  7672
2 23488 064.9887 327.5399 0215434 335.3944 126.7427 11.27201677773175
0 SL-19 DEB
1 23488U 94085L   13290.51194638 -.00001127  00000-0  10000-3 0  7683
2 23488 064.9914 326.2883 0210892 336.1187 023.0276 11.27199471773260
0 SL-19 DEB
1 23488U 94085L   13291.15704921 -.00001158  00000-0 -31035-1 0  7680
2 23488 064.9885 325.2617 0215827 335.0908 121.6824 11.27201100773338
0 SL-19 DEB
1 23488U 94085L   13292.21311398 -.00001092  00000-0 -29201-1 0  7690
2 23488 064.9882 323.5650 0216102 334.8761 087.1109 11.27200058773450
0 SL-19 DEB
1 23488U 94085L   13293.47820700 -.00000827  00000-0 -21846-1 0  7705
2 23488 064.9879 321.5323 0216185 334.6357 180.7457 11.27199622773596
0 SL-19 DEB
1 23488U 94085L   13294.70796451 -.00000744  00000-0 -19525-1 0  7717
2 23488 064.9879 319.5565 0216521 334.4078 130.9796 11.27198163773731
0 SL-19 DEB
1 23488U 94085L   13296.21029502 -.00000466  00000-0 -11788-1 0  7726
2 23488 064.9881 317.1427 0216895 334.1440 107.2742 11.27198730773906
