0 SL-8 R/B
1 23604U 95032B   13283.50337532 -.00000020  00000-0 -37776-4 0  1269
2 23604 082.9027 077.5443 0024414 027.6158 003.6944 13.74163666916206
0 SL-8 R/B
1 23604U 95032B   13285.84863609 -.00000018  00000-0 -34642-4 0  1274
2 23604 082.9031 075.7996 0024257 021.0505 085.7110 13.74163595916525
0 SL-8 R/B
1 23604U 95032B   13287.96885229 -.00000013  00000-0 -30190-4 0  1281
2 23604 082.9034 074.2222 0024119 015.1184 134.4283 13.74163340916811
0 SL-8 R/B
1 23604U 95032B   13290.49379878  .00000016  00000-0  13169-5 0  1291
2 23604 082.9037 072.3440 0023961 007.8358 025.5652 13.74163205917169
0 SL-8 R/B
1 23604U 95032B   13291.52001929  .00000027  00000-0  12512-4 0  1309
2 23604 082.9039 071.5806 0023896 004.9580 062.2878 13.74163242917305
0 SL-8 R/B
1 23604U 95032B   13292.85029765  .00000049  00000-0  36004-4 0  1311
2 23604 082.9040 070.5915 0023965 001.4176 162.9974 13.74163322917480
0 SL-8 R/B
1 23604U 95032B   13293.86973755  .00000077  00000-0  65639-4 0  1328
2 23604 082.9041 069.8332 0023908 358.5649 166.1707 13.74163587917622
0 SL-8 R/B
1 23604U 95032B   13295.52522994  .00000122  00000-0  11385-3 0  1338
2 23604 082.9042 068.6019 0023790 353.8827 075.9507 13.74164280917858
