0 COSMOS 2316 (GLONASS)
1 23620U 95037A   13280.42138497 -.00000035  00000-0  00000+0 0  5588
2 23620 066.7025 354.0780 0011531 158.7972 219.5207 02.13101120141719
0 COSMOS 2316 (GLONASS)
1 23620U 95037A   13283.68252889 -.00000010  00000-0  10000-3 0  5602
2 23620 066.7024 353.9729 0011779 157.0700 203.0507 02.13099907141781
0 COSMOS 2316 (GLONASS)
1 23620U 95037A   13283.75039208 -.00000052  00000-0  00000+0 0  5597
2 23620 066.7025 353.9699 0011671 157.6194 254.5623 02.13101286141786
0 COSMOS 2316 (GLONASS)
1 23620U 95037A   13286.49806556 -.00000063  00000-0  00000+0 0  5603
2 23620 066.7026 353.8809 0011674 157.7284 202.3446 02.13101395141845
0 COSMOS 2316 (GLONASS)
1 23620U 95037A   13289.42003133 -.00000059  00000-0  00000+0 0  5615
2 23620 066.7026 353.7864 0011571 158.7285 282.9454 02.13101431141904
0 COSMOS 2316 (GLONASS)
1 23620U 95037A   13291.72442895 -.00000056  00000-0  00000+0 0  5621
2 23620 066.7026 353.7118 0011544 158.9002 250.6064 02.13101438141956
0 COSMOS 2316 (GLONASS)
1 23620U 95037A   13294.36020463 -.00000060  00000-0  00000+0 0  5633
2 23620 066.7025 353.6265 0011545 159.1782 112.3811 02.13101388142001
