0 COSMOS 2317 (GLONASS)
1 23621U 95037B   13282.79641564 -.00000046  00000-0  00000+0 0  6106
2 23621 066.7131 354.0876 0010913 174.0154 090.4092 02.13101303141755
0 COSMOS 2317 (GLONASS)
1 23621U 95037B   13286.80425589 -.00000064  00000-0  00000+0 0  6110
2 23621 066.7132 353.9577 0010903 174.3425 284.7172 02.13101470141847
0 COSMOS 2317 (GLONASS)
1 23621U 95037B   13291.83349550 -.00000056  00000-0  00000+0 0  6124
2 23621 066.7131 353.7950 0010844 175.4442 181.8278 02.13101529141944
0 COSMOS 2317 (GLONASS)
1 23621U 95037B   13294.08671553 -.00000059  00000-0  00000+0 0  6139
2 23621 066.7131 353.7220 0010838 175.5349 110.3108 02.13101501141998
