0 SL-16 R/B
1 23705U 95058B   13282.45747445 -.00000053  00000-0 -28636-5 0   845
2 23705 071.0244 334.2843 0012843 202.4060 157.6504 14.14977850926670
0 SL-16 R/B
1 23705U 95058B   13283.65926758 -.00000078  00000-0 -15807-4 0   857
2 23705 071.0241 331.7635 0012764 200.5910 159.4700 14.14978171926847
0 SL-16 R/B
1 23705U 95058B   13286.69909666 -.00000179  00000-0 -68089-4 0   877
2 23705 071.0232 325.3876 0012570 196.1755 163.8968 14.14978225927289
0 SL-16 R/B
1 23705U 95058B   13288.18366449 -.00000239  00000-0 -99097-4 0   880
2 23705 071.0229 322.2735 0012481 194.0449 166.0328 14.14978179927499
0 SL-16 R/B
1 23705U 95058B   13289.24406994 -.00000269  00000-0 -11447-3 0   894
2 23705 071.0227 320.0492 0012413 192.4896 167.5921 14.14978039927643
0 SL-16 R/B
1 23705U 95058B   13290.51655663 -.00000281  00000-0 -12064-3 0   907
2 23705 071.0225 317.3798 0012380 190.2852 169.8019 14.14977670927823
0 SL-16 R/B
1 23705U 95058B   13291.64765609 -.00000288  00000-0 -12430-3 0   919
2 23705 071.0224 315.0072 0012320 188.4831 171.6085 14.14977262927980
0 SL-16 R/B
1 23705U 95058B   13293.13222456 -.00000282  00000-0 -12117-3 0   920
2 23705 071.0224 311.8931 0012244 186.0730 174.0247 14.14976539928192
0 SL-16 R/B
1 23705U 95058B   13294.19263089 -.00000258  00000-0 -10894-3 0   938
2 23705 071.0223 309.6687 0012161 184.3435 175.7584 14.14975899928342
0 SL-16 R/B
1 23705U 95058B   13295.46511907 -.00000225  00000-0 -91752-4 0   942
2 23705 071.0221 306.9996 0012071 182.2070 177.9001 14.14974920928527
