0 IRS 1C
1 23751U 95072A   13282.43394108  .00000291  00000-0  15032-3 0  7195
2 23751 098.5182 235.7621 0001356 075.2191 076.9285 14.22142749922937
0 IRS 1C
1 23751U 95072A   13282.77801111  .00000293  00000-0  15152-3 0  7206
2 23751 098.5185 236.0946 0001387 073.9492 038.7362 14.22142748922983
0 IRS 1C
1 23751U 95072A   13283.12015396  .00000199  00000-0  10878-3 0  7214
2 23751 098.5187 236.4248 0001403 073.9158 349.4470 14.22142478923031
0 IRS 1C
1 23751U 95072A   13283.42058150  .00000114  00000-0  70610-4 0  7221
2 23751 098.5187 236.7151 0001381 073.0473 087.5440 14.22142234923074
0 IRS 1C
1 23751U 95072A   13283.76317372  .00000047  00000-0  40394-4 0  7234
2 23751 098.5187 237.0464 0001377 072.8020 040.7649 14.22141899923129
0 IRS 1C
1 23751U 95072A   13284.10581140  .00000179  00000-0  10000-3 0  7246
2 23751 098.5189 237.3770 0001409 067.7866 358.9912 14.22142526923171
0 IRS 1C
1 23751U 95072A   13284.40543992  .00000179  00000-0  10000-3 0  7253
2 23751 098.5192 237.6666 0001413 070.3288 089.5894 14.22142370923213
0 IRS 1C
1 23751U 95072A   13285.45045361  .00000057  00000-0  45019-4 0  7283
2 23751 098.5194 238.6765 0001390 070.3563 036.6938 14.22142280923364
0 IRS 1C
1 23751U 95072A   13285.79237616  .00000219  00000-0  11813-3 0  7291
2 23751 098.5192 239.0069 0001371 070.4329 346.1713 14.22143135923410
0 IRS 1C
1 23751U 95072A   13286.09810185  .00000264  00000-0  13824-3 0  7309
2 23751 098.5193 239.3024 0001348 070.4239 110.5218 14.22143563923451
0 IRS 1C
1 23751U 95072A   13286.43545600  .00000283  00000-0  14663-3 0  7318
2 23751 098.5195 239.6285 0001364 070.5454 036.5783 14.22143882923507
0 IRS 1C
1 23751U 95072A   13286.78795412  .00000384  00000-0  19251-3 0  7325
2 23751 098.5199 239.9691 0001375 070.5279 040.2629 14.22144471923553
0 IRS 1C
1 23751U 95072A   13287.08322917  .00000349  00000-0  17680-3 0  7331
2 23751 098.5198 240.2547 0001367 070.4878 111.1703 14.22144560923596
0 IRS 1C
1 23751U 95072A   13287.42927796  .00000282  00000-0  14628-3 0  7341
2 23751 098.5198 240.5891 0001357 070.0669 082.2577 14.22144513923645
0 IRS 1C
1 23751U 95072A   13287.77334618  .00000196  00000-0  10763-3 0  7355
2 23751 098.5198 240.9214 0001343 071.7049 041.1500 14.22144112923693
0 IRS 1C
1 23751U 95072A   13288.11473079  .00000129  00000-0  77358-4 0  7360
2 23751 098.5194 241.2514 0001348 071.1839 348.4711 14.22143961923746
0 IRS 1C
1 23751U 95072A   13288.41566400  .00000067  00000-0  49522-4 0  7378
2 23751 098.5196 241.5424 0001349 071.7897 087.6840 14.22143836923782
0 IRS 1C
1 23751U 95072A   13288.75876399 -.00000023  00000-0  84724-5 0  7384
2 23751 098.5197 241.8740 0001340 072.5377 042.5117 14.22143352923836
0 IRS 1C
1 23751U 95072A   13289.12550926 -.00000041  00000-0  42591-6 0  7399
2 23751 098.5197 242.2286 0001348 072.8171 118.7993 14.22143408923884
0 IRS 1C
1 23751U 95072A   13289.40101803  .00000179  00000-0  10000-3 0  7406
2 23751 098.5198 242.4949 0001343 072.8777 088.4685 14.22144536923929
0 IRS 1C
1 23751U 95072A   13289.74398274  .00000179  00000-0  10000-3 0  7414
2 23751 098.5193 242.8263 0001324 075.8341 040.3964 14.22144365923978
0 IRS 1C
1 23751U 95072A   13290.11032407  .00000042  00000-0  38200-4 0  7423
2 23751 098.5191 243.1804 0001327 074.2115 116.5178 14.22143899924027
0 IRS 1C
1 23751U 95072A   13290.23468463  .00000083  00000-0  56731-4 0  7436
2 23751 098.5190 243.3005 0001325 074.2710 032.7890 14.22144172924047
0 IRS 1C
1 23751U 95072A   13290.79348448  .00000271  00000-0  14145-3 0  7449
2 23751 098.5196 243.8409 0001313 072.9014 013.4368 14.22145299924121
0 IRS 1C
1 23751U 95072A   13291.08285551  .00000342  00000-0  17358-3 0  7456
2 23751 098.5196 244.1205 0001286 071.8190 055.1792 14.22145862924165
0 IRS 1C
1 23751U 95072A   13291.43899306  .00000377  00000-0  18921-3 0  7460
2 23751 098.5195 244.4647 0001298 070.3053 078.9848 14.22146303924214
0 IRS 1C
1 23751U 95072A   13291.78326517  .00000359  00000-0  18132-3 0  7472
2 23751 098.5195 244.7976 0001297 071.2434 039.6234 14.22146294924261
0 IRS 1C
1 23751U 95072A   13292.12457328  .00000326  00000-0  16616-3 0  7486
2 23751 098.5194 245.1272 0001278 071.6456 345.6332 14.22146399924312
0 IRS 1C
1 23751U 95072A   13292.42460530  .00000271  00000-0  14153-3 0  7492
2 23751 098.5197 245.4176 0001282 071.2592 081.2294 14.22146395924353
0 IRS 1C
1 23751U 95072A   13292.76864825  .00000233  00000-0  12422-3 0  7501
2 23751 098.5195 245.7504 0001277 072.1437 040.7492 14.22146262924400
0 IRS 1C
1 23751U 95072A   13293.10991200  .00000152  00000-0  87695-4 0  7514
2 23751 098.5198 246.0801 0001283 072.6230 346.4537 14.22146004924455
0 IRS 1C
1 23751U 95072A   13293.41051858  .00000017  00000-0  26933-4 0  7523
2 23751 098.5196 246.3706 0001235 073.1925 084.0322 14.22145501924496
0 IRS 1C
1 23751U 95072A   13293.75409963 -.00000023  00000-0  84920-5 0  7534
2 23751 098.5198 246.7026 0001230 073.2109 042.0539 14.22145251924549
0 IRS 1C
1 23751U 95072A   13293.95645317 -.00000041  00000-0  48174-6 0  7544
2 23751 098.5195 246.8981 0001230 071.6527 359.0185 14.22145284924570
0 IRS 1C
1 23751U 95072A   13294.45649696  .00000179  00000-0  10000-3 0  7550
2 23751 098.5201 247.3815 0001233 073.4492 035.8597 14.22146526924648
0 IRS 1C
1 23751U 95072A   13294.79134675  .00000077  00000-0  53874-4 0  7568
2 23751 098.5206 247.7053 0001222 071.7997 310.8715 14.22145850924692
0 IRS 1C
1 23751U 95072A   13295.10447917  .00000159  00000-0  90794-4 0  7574
2 23751 098.5210 248.0077 0001183 071.4939 113.4221 14.22146476924735
0 IRS 1C
1 23751U 95072A   13295.44139539  .00000157  00000-0  89925-4 0  7582
2 23751 098.5213 248.3336 0001204 072.6001 036.2566 14.22146610924785
0 IRS 1C
1 23751U 95072A   13295.79337050  .00000286  00000-0  14809-3 0  7590
2 23751 098.5206 248.6734 0001201 073.9073 035.9451 14.22147334924831
0 IRS 1C
1 23751U 95072A   13296.08937500  .00000340  00000-0  17272-3 0  7609
2 23751 098.5205 248.9595 0001186 073.4178 111.0394 14.22147884924877
