0 SL-12 R/B(2)
1 23883U 96034D   13283.35166110 -.00000038  00000-0  10000-3 0  9543
2 23883 012.9062 039.2699 0030354 344.1239 015.7822 00.97945984 62160
0 SL-12 R/B(2)
1 23883U 96034D   13283.35170174  .00000000  00000-0  10000-3 0  9557
2 23883 012.9062 039.2690 0030244 343.9849 015.9253 00.97942017 62167
0 SL-12 R/B(2)
1 23883U 96034D   13285.39353069 -.00000052  00000-0  10000-3 0  9557
2 23883 012.9093 039.2475 0030537 344.2812 015.6248 00.97946139 62183
0 SL-12 R/B(2)
1 23883U 96034D   13287.43537319 -.00000085  00000-0  10000-3 0  9563
2 23883 012.9126 039.2243 0030508 344.4640 015.4371 00.97946696 62208
0 SL-12 R/B(2)
1 23883U 96034D   13289.47716707 -.00000131  00000-0  10000-3 0  9572
2 23883 012.9160 039.2011 0030395 343.9877 015.8970 00.97947495 62228
0 SL-12 R/B(2)
1 23883U 96034D   13290.49807032  .00000000  00000-0  10000-3 0  9594
2 23883 012.9186 039.1889 0030234 344.0531 015.8288 00.97944215 62239
0 SL-12 R/B(2)
1 23883U 96034D   13291.51895214 -.00000175  00000-0  10000-3 0  9580
2 23883 012.9195 039.1778 0030273 343.6460 016.2228 00.97948218 62242
0 SL-12 R/B(2)
1 23883U 96034D   13293.56074749 -.00000202  00000-0  10000-3 0  9591
2 23883 012.9232 039.1545 0030229 343.4182 016.4446 00.97948625 62264
0 SL-12 R/B(2)
1 23883U 96034D   13295.60256028 -.00000200  00000-0  10000-3 0  9600
2 23883 012.9265 039.1311 0030177 343.7690 016.1007 00.97948533 62280
