0 SL-6 R/B(2)
1 24296U 96050F   13280.19183079  .00000038  00000-0  00000+0 0  9872
2 24296 064.0545 255.7365 4934514 253.7504 279.3398 04.15050621259313
0 SL-6 R/B(2)
1 24296U 96050F   13286.38747469  .00000023  00000-0  00000+0 0  9883
2 24296 064.0514 253.9811 4934256 253.6492 176.7891 04.15050702259579
0 SL-6 R/B(2)
1 24296U 96050F   13290.63843407  .00000005  00000-0  10000-3 0  9903
2 24296 064.0340 252.7724 4930395 253.4664 048.5836 04.15036514259755
0 SL-6 R/B(2)
1 24296U 96050F   13290.82249008  .00000010  00000-0  00000+0 0  9913
2 24296 064.0496 252.7252 4934168 253.5766 323.5354 04.15050678259757
