0 PEGASUS DEB
1 24487U 94029UL  13282.50514157  .00009108  00000-0  60661-3 0  3278
2 24487 081.9537 303.5820 0071043 163.9311 196.4192 15.04880917936878
0 PEGASUS DEB
1 24487U 94029UL  13283.76848978  .00009567  00000-0  63702-3 0  3287
2 24487 081.9536 302.2660 0071108 159.6544 200.7541 15.04892010937063
0 PEGASUS DEB
1 24487U 94029UL  13283.76850141  .00008974  00000-0  60024-3 0  3298
2 24487 081.9505 302.2637 0070800 159.8090 200.6467 15.04886719937064
0 PEGASUS DEB
1 24487U 94029UL  13285.49726164  .00007104  00000-0  47236-3 0  3291
2 24487 081.9532 300.4653 0071120 153.8446 206.6401 15.04913025937321
0 PEGASUS DEB
1 24487U 94029UL  13287.82441359  .00010806  00000-0  71857-3 0  3301
2 24487 081.9523 298.0411 0071156 146.1150 214.4652 15.04943857937670
0 PEGASUS DEB
1 24487U 94029UL  13290.41744977  .00011945  00000-0  79342-3 0  3315
2 24487 081.9521 295.3389 0071140 137.6205 223.0547 15.04990975938067
0 PEGASUS DEB
1 24487U 94029UL  13291.81366696  .00010662  00000-0  70759-3 0  3327
2 24487 081.9525 293.8837 0071121 133.0751 227.6458 15.05015982938278
0 PEGASUS DEB
1 24487U 94029UL  13294.14064444  .00011487  00000-0  76159-3 0  3339
2 24487 081.9538 291.4586 0071162 125.5359 235.2530 15.05054587938621
