0 SL-12 R/B(2)
1 25048U 97070D   13279.86537609  .00000046  00000-0  10000-3 0  8755
2 25048 012.9697 037.2688 0018459 040.1053 320.0346 00.99629518 57851
0 SL-12 R/B(2)
1 25048U 97070D   13285.88738072  .00000091  00000-0  10000-3 0  8762
2 25048 012.9789 037.1981 0018576 039.8618 320.2730 00.99630789 57918
0 SL-12 R/B(2)
1 25048U 97070D   13290.90556547  .00000097  00000-0  10000-3 0  8773
2 25048 012.9867 037.1366 0018527 040.3029 319.7963 00.99632589 57967
0 SL-12 R/B(2)
1 25048U 97070D   13292.91283315  .00000091  00000-0  10000-3 0  8781
2 25048 012.9898 037.1129 0018803 041.0162 319.0779 00.99633442 57980
