0 IRIDIUM 54
1 25171U 98010C   13282.34614420  .00000363  00000-0  12253-3 0  4627
2 25171 086.4023 193.2968 0002002 100.2686 259.8736 14.34222107818885
0 IRIDIUM 54
1 25171U 98010C   13282.34614420  .00000363  00000-0  12253-3 0  4638
2 25171 086.4023 193.2968 0002002 100.2686 259.8736 14.34222107818885
0 IRIDIUM 54
1 25171U 98010C   13283.32290108  .00000349  00000-0  11740-3 0  4645
2 25171 086.4024 192.8892 0002005 100.4449 259.6973 14.34222659819029
0 IRIDIUM 54
1 25171U 98010C   13284.36942551  .00000374  00000-0  12639-3 0  4653
2 25171 086.4024 192.4526 0002003 100.7112 259.4310 14.34223239819171
0 IRIDIUM 54
1 25171U 98010C   13285.34618119  .00000336  00000-0  11295-3 0  4668
2 25171 086.4024 192.0450 0001997 101.2892 258.8528 14.34223702819310
0 IRIDIUM 54
1 25171U 98010C   13286.32293643  .00000362  00000-0  12235-3 0  4673
2 25171 086.4023 191.6375 0002000 101.5161 258.6259 14.34224139819457
0 IRIDIUM 54
1 25171U 98010C   13287.29969139  .00000403  00000-0  13691-3 0  4684
2 25171 086.4023 191.2299 0002005 101.4630 258.6791 14.34224782819593
0 IRIDIUM 54
1 25171U 98010C   13288.27644585  .00000519  00000-0  17836-3 0  4692
2 25171 086.4022 190.8225 0002006 101.5125 258.6296 14.34226055819738
0 IRIDIUM 54
1 25171U 98010C   13289.32296770  .00000393  00000-0  13341-3 0  4707
2 25171 086.4019 190.3859 0001992 101.9908 258.1511 14.34227231819886
0 IRIDIUM 54
1 25171U 98010C   13289.32296770  .00000393  00000-0  13341-3 0  4718
2 25171 086.4019 190.3859 0001992 101.9908 258.1511 14.34227231819886
0 IRIDIUM 54
1 25171U 98010C   13289.81134913  .00000426  00000-0  14500-3 0  4728
2 25171 086.4019 190.1822 0002038 100.2896 259.8530 14.34215738819950
0 IRIDIUM 54
1 25171U 98010C   13290.29972993  .00000431  00000-0  14678-3 0  4733
2 25171 086.4020 189.9784 0002008 101.0061 259.1361 14.34215491820026
0 IRIDIUM 54
1 25171U 98010C   13291.27649087  .00000375  00000-0  12682-3 0  4748
2 25171 086.4019 189.5708 0002023 101.3225 258.8198 14.34216125820162
0 IRIDIUM 54
1 25171U 98010C   13292.46255676  .00000419  00000-0  14240-3 0  4759
2 25171 086.4013 189.0760 0002040 102.6487 257.4937 14.34217172820330
0 IRIDIUM 54
1 25171U 98010C   13293.43931649  .00000430  00000-0  14660-3 0  4768
2 25171 086.4012 188.6685 0002044 102.7313 257.4111 14.34218085820476
0 IRIDIUM 54
1 25171U 98010C   13294.41607569  .00000424  00000-0  14427-3 0  4773
2 25171 086.4011 188.2610 0002043 102.3794 257.7631 14.34219182820612
0 IRIDIUM 54
1 25171U 98010C   13295.46260250  .00000446  00000-0  15210-3 0  4787
2 25171 086.4011 187.8243 0002038 102.5846 257.5578 14.34220184820761
