0 SL-14 DEB
1 25225U 87068BC  13281.91556836  .00001146  00000-0  77930-3 0  5507
2 25225 082.5095 335.6892 0089343 129.7896 350.0652 13.97349950791426
0 SL-14 DEB
1 25225U 87068BC  13283.11509859  .00001110  00000-0  75409-3 0  5515
2 25225 082.5096 334.7102 0089212 126.4126 264.1933 13.97354422791591
0 SL-14 DEB
1 25225U 87068BC  13284.11761191  .00001312  00000-0  89364-3 0  5525
2 25225 082.5095 333.8919 0089123 123.5792 267.2735 13.97357066791731
0 SL-14 DEB
1 25225U 87068BC  13286.57765642  .00001595  00000-0  10889-2 0  5542
2 25225 082.5092 331.8842 0089006 116.6254 042.4201 13.97363432792070
0 SL-14 DEB
1 25225U 87068BC  13287.85952781  .00001841  00000-0  12580-2 0  5551
2 25225 082.5089 330.8380 0088935 113.0055 010.8364 13.97369349792254
0 SL-14 DEB
1 25225U 87068BC  13288.86165747  .00001977  00000-0  13522-2 0  5569
2 25225 082.5088 330.0199 0088830 110.1627 012.0555 13.97373959792393
0 SL-14 DEB
1 25225U 87068BC  13290.42510539  .00002427  00000-0  16617-2 0  5577
2 25225 082.5089 328.7444 0088842 105.7067 317.0452 13.97380094792619
0 SL-14 DEB
1 25225U 87068BC  13291.42698270  .00002404  00000-0  16458-2 0  5586
2 25225 082.5087 327.9265 0088804 102.8631 317.0378 13.97384513792754
0 SL-14 DEB
1 25225U 87068BC  13292.42952813  .00002483  00000-0  17006-2 0  5591
2 25225 082.5086 327.1080 0088788 100.0204 320.4054 13.97389067792890
0 SL-14 DEB
1 25225U 87068BC  13293.43208573  .00002618  00000-0  17930-2 0  5608
2 25225 082.5087 326.2893 0088776 097.1839 323.8454 13.97393825793035
0 SL-14 DEB
1 25225U 87068BC  13294.80471358  .00002895  00000-0  19841-2 0  5614
2 25225 082.5088 325.1685 0088728 093.2893 028.9901 13.97401486793221
0 SL-14 DEB
1 25225U 87068BC  13295.87877468  .00003081  00000-0  21120-2 0  5626
2 25225 082.5090 324.2916 0088647 090.2306 032.2011 13.97406657793378
