0 NIMBUS 2 DEB
1 25612U 66040E   13281.49894060  .00001952  00000-0  28581-2 0  1150
2 25612 100.5040 126.3698 0049174 093.7881 324.9439 13.55559503804034
0 NIMBUS 2 DEB
1 25612U 66040E   13284.03076748  .00002497  00000-0  36354-2 0  1161
2 25612 100.5042 129.0618 0049187 087.5976 080.3813 13.55572217804371
0 NIMBUS 2 DEB
1 25612U 66040E   13286.51209446  .00002291  00000-0  33408-2 0  1179
2 25612 100.5037 131.7011 0049349 081.4891 309.5220 13.55583109804719
0 NIMBUS 2 DEB
1 25612U 66040E   13289.04690944  .00002848  00000-0  41336-2 0  1185
2 25612 100.5027 134.3975 0049506 075.3332 079.7162 13.55596900805055
0 NIMBUS 2 DEB
1 25612U 66040E   13292.07493296  .00002647  00000-0  38468-2 0  1193
2 25612 100.5020 137.6184 0049632 067.9999 096.9686 13.55612182805460
0 NIMBUS 2 DEB
1 25612U 66040E   13294.56356020  .00002998  00000-0  43460-2 0  1201
2 25612 100.5029 140.2655 0049898 061.9138 002.0638 13.55625244805801
