0 ASIASAT 3S
1 25657U 99013A   13281.43334678 -.00000344  00000-0  10000-3 0  5813
2 25657 000.0116 137.4844 0002191 058.1721 083.0937 01.00269594 53344
0 ASIASAT 3S
1 25657U 99013A   13281.88245329 -.00000346  00000-0  10000-3 0  5829
2 25657 000.0058 159.9188 0002194 035.8877 245.0573 01.00269046 53355
0 ASIASAT 3S
1 25657U 99013A   13282.72716039 -.00000348  00000-0  10000-3 0  5837
2 25657 000.0055 194.5869 0002370 358.2531 192.9412 01.00268551 53361
0 ASIASAT 3S
1 25657U 99013A   13283.10219627  .00000000  00000-0  10000-3 0  5846
2 25657 000.0195 104.5729 0003051 099.0962 317.4853 01.00265127 52815
0 ASIASAT 3S
1 25657U 99013A   13283.96995058 -.00000352  00000-0  10000-3 0  5840
2 25657 000.0034 187.1942 0002280 357.4431 289.7608 01.00268023 53375
0 ASIASAT 3S
1 25657U 99013A   13285.50684287 -.00000357  00000-0  10000-3 0  5857
2 25657 000.0221 206.4854 0002678 347.4441 115.2832 01.00274131 53381
0 ASIASAT 3S
1 25657U 99013A   13286.57526407 -.00000359  00000-0  10000-3 0  5867
2 25657 000.0059 175.9833 0002612 012.3642 146.5604 01.00273772 53391
0 ASIASAT 3S
1 25657U 99013A   13287.49718453 -.00000359  00000-0  10000-3 0  5874
2 25657 000.0009 254.5852 0002610 294.0805 119.0465 01.00273243 53404
0 ASIASAT 3S
1 25657U 99013A   13287.81727973 -.00000359  00000-0  10000-3 0  5888
2 25657 000.0076 149.3268 0002625 041.7571 232.1792 01.00273108 53414
0 ASIASAT 3S
1 25657U 99013A   13288.84782622 -.00000359  00000-0  10000-3 0  5895
2 25657 000.0086 149.2370 0002629 043.0029 243.0385 01.00272594 53423
0 ASIASAT 3S
1 25657U 99013A   13289.94398216 -.00000357  00000-0  10000-3 0  5909
2 25657 000.0096 146.9561 0002639 052.5712 271.4458 01.00271989 53439
0 ASIASAT 3S
1 25657U 99013A   13291.77101071 -.00000353  00000-0  10000-3 0  5911
2 25657 000.0125 141.2697 0002745 060.0430 209.1942 01.00271360 53450
0 ASIASAT 3S
1 25657U 99013A   13292.78174113 -.00000351  00000-0  10000-3 0  5929
2 25657 000.0143 140.7054 0002734 061.7169 212.9420 01.00270934 53466
0 ASIASAT 3S
1 25657U 99013A   13293.79380221 -.00000349  00000-0  10000-3 0  5938
2 25657 000.0157 140.7512 0002713 061.3570 218.5924 01.00270492 53470
0 ASIASAT 3S
1 25657U 99013A   13294.90290287 -.00000347  00000-0  10000-3 0  5943
2 25657 000.0174 140.4099 0002727 062.7998 257.8546 01.00270004 53486
