0 GLOBALSTAR M044
1 25678U 99019C   13282.12004557 -.00000093  00000-0 -12693-3 0  2638
2 25678 051.9961 199.0359 0006931 081.3187 009.3530 11.90148393662973
0 GLOBALSTAR M044
1 25678U 99019C   13283.30988278 -.00000085  00000-0 -19238-4 0  2645
2 25678 051.9959 195.8778 0006961 083.4008 067.4616 11.90148336663111
0 GLOBALSTAR M044
1 25678U 99019C   13284.31879571 -.00000077  00000-0  99371-4 0  2659
2 25678 051.9959 193.2000 0006962 085.2169 070.3118 11.90148243663230
0 GLOBALSTAR M044
1 25678U 99019C   13285.63766706 -.00000054  00000-0  41706-3 0  2664
2 25678 051.9957 189.6996 0006970 087.5779 321.2426 11.90147989663395
0 GLOBALSTAR M044
1 25678U 99019C   13286.72162147 -.00000039  00000-0  62238-3 0  2671
2 25678 051.9956 186.8225 0006995 089.5196 285.6289 11.90147837663527
0 GLOBALSTAR M044
1 25678U 99019C   13287.74199890 -.00000029  00000-0  77032-3 0  2687
2 25678 051.9953 184.1143 0007013 091.3399 337.6158 11.90147904663643
0 GLOBALSTAR M044
1 25678U 99019C   13288.74567447 -.00000040  00000-0  60856-3 0  2695
2 25678 051.9951 181.4503 0006993 093.1816 317.9887 11.90148066663764
0 GLOBALSTAR M044
1 25678U 99019C   13289.84322060 -.00000056  00000-0  38315-3 0  2701
2 25678 051.9949 178.5372 0007017 095.1714 340.5864 11.90148246663890
0 GLOBALSTAR M044
1 25678U 99019C   13291.12442184 -.00000066  00000-0  24646-3 0  2719
2 25678 051.9947 175.1367 0007040 097.4424 070.1344 11.90148423664048
0 GLOBALSTAR M044
1 25678U 99019C   13292.21171600 -.00000078  00000-0  75698-4 0  2720
2 25678 051.9946 172.2507 0007052 099.3656 048.8551 11.90148615664171
0 GLOBALSTAR M044
1 25678U 99019C   13293.29788522 -.00000094  00000-0 -14475-3 0  2731
2 25678 051.9946 169.3677 0007076 101.3075 022.7356 11.90148797664301
0 GLOBALSTAR M044
1 25678U 99019C   13294.79037888 -.00000092  00000-0 -12117-3 0  2749
2 25678 051.9945 165.4062 0007088 103.9965 297.5652 11.90148840664483
0 GLOBALSTAR M044
1 25678U 99019C   13295.80685576 -.00000078  00000-0  75653-4 0  2754
2 25678 051.9945 162.7082 0007049 105.7620 332.8910 11.90148692664609
