0 CZ-4B R/B
1 25732U 99025C   13283.16403661  .00000063  00000-0  53107-4 0  3698
2 25732 098.8636 255.7343 0036741 328.5865 159.7761 14.17397986745937
0 CZ-4B R/B
1 25732U 99025C   13285.83285145  .00000044  00000-0  43661-4 0  3715
2 25732 098.8638 258.3959 0036663 320.7551 097.9720 14.17398812746310
0 CZ-4B R/B
1 25732U 99025C   13287.18754253  .00000029  00000-0  36101-4 0  3721
2 25732 098.8641 259.7468 0036623 316.7831 170.5694 14.17399210746508
0 CZ-4B R/B
1 25732U 99025C   13288.53084997  .00000064  00000-0  53383-4 0  3733
2 25732 098.8645 261.0864 0036580 312.8589 185.0683 14.17399503746691
0 CZ-4B R/B
1 25732U 99025C   13289.85612983  .00000074  00000-0  58639-4 0  3742
2 25732 098.8649 262.4080 0036524 308.9994 107.5700 14.17399662746880
0 CZ-4B R/B
1 25732U 99025C   13291.14097634  .00000068  00000-0  55285-4 0  3755
2 25732 098.8652 263.6893 0036487 305.2228 183.7869 14.17399967747068
0 CZ-4B R/B
1 25732U 99025C   13292.67882233  .00000065  00000-0  53886-4 0  3764
2 25732 098.8655 265.2231 0036474 300.6961 110.9967 14.17400294747285
0 CZ-4B R/B
1 25732U 99025C   13293.87441964  .00000079  00000-0  61016-4 0  3779
2 25732 098.8657 266.4156 0036460 297.1848 091.7982 14.17400600747458
0 CZ-4B R/B
1 25732U 99025C   13295.09492939  .00000101  00000-0  71733-4 0  3787
2 25732 098.8659 267.6331 0036447 293.5997 199.7247 14.17400739747623
0 CZ-4B R/B
1 25732U 99025C   13296.15293612  .00000105  00000-0  73418-4 0  3799
2 25732 098.8659 268.6886 0036437 290.4952 198.4404 14.17400963747771
