0 ARIANE 1 DEB
1 25767U 79104J   13281.14812117  .00018054  00000-0  24247-2 0  3025
2 25767 017.8439 216.8469 4013317 145.5819 348.8878 07.33493961414380
0 ARIANE 1 DEB
1 25767U 79104J   13282.10213410  .00023830  00000-0  32149-2 0  3032
2 25767 017.8438 215.0439 4012930 148.9226 348.0888 07.33531902414455
0 ARIANE 1 DEB
1 25767U 79104J   13287.14615874  .00017942  00000-0  23989-2 0  3063
2 25767 017.8496 205.4876 4012369 166.6196 349.5981 07.33702851414820
0 ARIANE 1 DEB
1 25767U 79104J   13288.09740461  .00025655  00000-0  34346-2 0  3079
2 25767 017.8510 203.6879 4012207 169.9570 342.2211 07.33743988414892
0 ARIANE 1 DEB
1 25767U 79104J   13291.09515780  .00022973  00000-0  30691-2 0  3087
2 25767 017.8524 198.0212 4011530 180.4697 341.4809 07.33877419415118
0 ARIANE 1 DEB
1 25767U 79104J   13292.04711986  .00022426  00000-0  29939-2 0  3096
2 25767 017.8526 196.2201 4011269 183.8125 336.6449 07.33928803415187
0 ARIANE 1 DEB
1 25767U 79104J   13292.99620271  .00024102  00000-0  32421-2 0  3101
2 25767 017.8522 194.4308 4010533 187.1278 324.3744 07.33981298415257
0 ARIANE 1 DEB
1 25767U 79104J   13294.09379439  .00027380  00000-0  36449-2 0  3117
2 25767 017.8524 192.3411 4010891 191.0069 344.7231 07.34039629415339
