0 N-1 R/B(2)
1 25776U 79009C   13282.16623550  .00379712 -31280-5  15325-2 0  2727
2 25776 023.9284 199.5755 2185384 067.4615 053.3677 11.26671821530585
0 N-1 R/B(2)
1 25776U 79009C   13282.26341337  .00382233 -31253-5  15447-2 0  2736
2 25776 023.9285 199.2029 2184975 068.1096 087.5356 11.26748405530590
0 N-1 R/B(2)
1 25776U 79009C   13283.14561699  .00376924 -31044-5  15164-2 0  2744
2 25776 023.9281 195.8168 2182107 073.9873 067.0393 11.27395327530691
0 N-1 R/B(2)
1 25776U 79009C   13283.23530425  .00377052 -31027-5  15149-2 0  2755
2 25776 023.9279 195.4730 2181881 074.5844 071.0617 11.27454258530707
0 N-1 R/B(2)
1 25776U 79009C   13284.20822490  .00372550 -30930-5  14942-2 0  2760
2 25776 023.9279 191.7346 2178742 081.0745 061.2197 11.28136609530818
0 N-1 R/B(2)
1 25776U 79009C   13285.78054448  .00351027 -31063-5  14163-2 0  2785
2 25776 023.9288 185.6859 2173496 091.5779 329.9390 11.29203757530991
0 N-1 R/B(2)
1 25776U 79009C   13286.15326019  .00349395 -31148-5  14113-2 0  2798
2 25776 023.9291 184.2501 2172253 094.0732 045.2557 11.29459157531037
0 N-1 R/B(2)
1 25776U 79009C   13286.84629537  .00355871 -31368-5  14520-2 0  2809
2 25776 023.9300 181.5780 2169689 098.7234 343.7616 11.29923380531119
0 N-1 R/B(2)
1 25776U 79009C   13287.12338252  .00347517 -31467-5  14120-2 0  2817
2 25776 023.9294 180.5101 2169075 100.5753 030.9832 11.30087676531143
0 N-1 R/B(2)
1 25776U 79009C   13287.62879073  .00380239 -31701-5  15447-2 0  2826
2 25776 023.9292 178.5621 2167309 103.9555 287.4945 11.30467255531206
0 N-1 R/B(2)
1 25776U 79009C   13288.09457334  .00384417 -31933-5  15572-2 0  2839
2 25776 023.9287 176.7655 2166089 107.0699 023.3522 11.30750730531251
0 N-1 R/B(2)
1 25776U 79009C   13290.71448971  .00362929  00000-0  11582-2 0  2856
2 25776 023.9274 166.6202 2165818 124.7705 257.6937 11.32703725531555
0 N-1 R/B(2)
1 25776U 79009C   13290.73088641  .00386043 -33919-5  15559-2 0  2843
2 25776 023.9278 166.5689 2157113 124.7781 324.5542 11.32703773531559
0 N-1 R/B(2)
1 25776U 79009C   13290.99965178  .00373397 -34175-5  15060-2 0  2851
2 25776 023.9271 165.5298 2156152 126.5762 340.6146 11.32901822531585
0 N-1 R/B(2)
1 25776U 79009C   13291.60619081  .00375911 -34788-5  15210-2 0  2861
2 25776 023.9274 163.1773 2153972 130.6687 294.8622 11.33340089531659
0 N-1 R/B(2)
1 25776U 79009C   13291.96883307  .00369170 -35161-5  14676-2 0  2876
2 25776 023.9259 161.7657 2153449 133.1205 334.5708 11.33595257531690
0 N-1 R/B(2)
1 25776U 79009C   13292.84921075  .00372626 -36164-5  14871-2 0  2881
2 25776 023.9260 158.3505 2150361 139.0447 328.3653 11.34221645531798
0 N-1 R/B(2)
1 25776U 79009C   13292.94192191  .00367319 -36276-5  14741-2 0  2895
2 25776 023.9265 157.9929 2149826 139.6623 346.9412 11.34289692531801
0 N-1 R/B(2)
1 25776U 79009C   13293.81649652  .00383783 -37363-5  15426-2 0  2905
2 25776 023.9273 154.5934 2146856 145.5681 319.2334 11.34910691531906
0 N-1 R/B(2)
1 25776U 79009C   13293.99679054  .00379469 -37596-5  15242-2 0  2914
2 25776 023.9275 153.8913 2146241 146.7877 335.9141 11.35047119531925
0 N-1 R/B(2)
1 25776U 79009C   13294.78403999  .00399313 -38652-5  15977-2 0  2925
2 25776 023.9283 150.8265 2143674 152.1155 313.6108 11.35627251532016
0 N-1 R/B(2)
1 25776U 79009C   13294.96346212  .00387803 -38899-5  15526-2 0  2934
2 25776 023.9286 150.1279 2142973 153.3275 327.1979 11.35770803532034
0 N-1 R/B(2)
1 25776U 79009C   13295.93473315  .00387717 -40280-5  15460-2 0  2946
2 25776 023.9296 146.3430 2139715 159.9038 339.8158 11.36498202532142
