0 GLOBALSTAR M032
1 25852U 99037B   13282.49114334 -.00000070  00000-0  60505-4 0  2097
2 25852 052.0001 346.9926 0000939 106.5239 353.5864 11.44898134656686
0 GLOBALSTAR M032
1 25852U 99037B   13283.72633706 -.00000052  00000-0  50114-3 0  2109
2 25852 051.9999 343.9976 0000891 107.2937 046.0073 11.44898143656835
0 GLOBALSTAR M032
1 25852U 99037B   13286.50116707 -.00000048  00000-0  59063-3 0  2124
2 25852 051.9994 337.2697 0000815 108.4985 326.5189 11.44898137657140
0 GLOBALSTAR M032
1 25852U 99037B   13287.65298995 -.00000060  00000-0  29786-3 0  2135
2 25852 051.9992 334.4768 0000786 108.9381 035.4978 11.44898233657282
0 GLOBALSTAR M032
1 25852U 99037B   13288.68689894 -.00000070  00000-0  64237-4 0  2144
2 25852 051.9990 331.9696 0000733 108.3579 339.2916 11.44898335657399
0 GLOBALSTAR M032
1 25852U 99037B   13290.43266734 -.00000072  00000-0  24935-4 0  2158
2 25852 051.9986 327.7366 0000634 100.4937 345.6473 11.44898351657591
0 GLOBALSTAR M032
1 25852U 99037B   13291.49556725 -.00000081  00000-0 -21240-3 0  2164
2 25852 051.9987 325.1591 0000662 106.4666 042.4296 11.44898424657721
0 GLOBALSTAR M032
1 25852U 99037B   13292.63077248 -.00000080  00000-0 -17372-3 0  2170
2 25852 051.9987 322.4065 0000641 105.0417 044.7535 11.44898396657856
0 GLOBALSTAR M032
1 25852U 99037B   13294.08670006 -.00000070  00000-0  51283-4 0  2181
2 25852 051.9986 318.8762 0000606 101.8510 291.3082 11.44898338658019
0 GLOBALSTAR M032
1 25852U 99037B   13295.41058054 -.00000055  00000-0  41381-3 0  2193
2 25852 051.9984 315.6662 0000581 097.7989 354.2423 11.44898234658165
