0 SL-6 R/B(2)
1 25850U 99036D   13280.45199444  .00000227  00000-0  00000+0 0  7955
2 25850 063.6192 124.8439 6995925 257.1540 310.7095 01.96643185102347
0 SL-6 R/B(2)
1 25850U 99036D   13284.06466166  .00000944  00000-0  00000+0 0  7961
2 25850 063.6197 124.4354 6998029 257.1402 348.1694 01.96640624102412
0 SL-6 R/B(2)
1 25850U 99036D   13286.47276426  .00001114  00000-0  00000+0 0  7977
2 25850 063.6200 124.1635 6999342 257.1313 252.9032 01.96643328102463
0 SL-6 R/B(2)
1 25850U 99036D   13294.18555396 -.00000236  00000-0  00000+0 0  7986
2 25850 063.6173 123.2904 7003497 257.1009 313.2221 01.96659944102610
