0 SL-16 R/B
1 25861U 99039B   13281.46691604  .00000295  00000-0  48609-4 0  4445
2 25861 097.9126 239.4826 0017496 108.7946 038.9341 14.77360195766699
0 SL-16 R/B
1 25861U 99039B   13282.48111023  .00000363  00000-0  58184-4 0  4456
2 25861 097.9127 240.4778 0017477 105.7871 032.6547 14.77362643766847
0 SL-16 R/B
1 25861U 99039B   13283.49714631  .00000322  00000-0  52410-4 0  4464
2 25861 097.9128 241.4748 0017484 102.8107 036.1382 14.77363606766996
0 SL-16 R/B
1 25861U 99039B   13285.85128140  .00000330  00000-0  53544-4 0  4480
2 25861 097.9133 243.7846 0017472 095.8540 315.9804 14.77364959767344
0 SL-16 R/B
1 25861U 99039B   13286.86167094  .00000406  00000-0  64176-4 0  4491
2 25861 097.9136 244.7760 0017443 092.8462 289.4972 14.77365443767497
0 SL-16 R/B
1 25861U 99039B   13287.94890918  .00000552  00000-0  84688-4 0  4503
2 25861 097.9139 245.8427 0017422 089.6230 311.6999 14.77367572767656
0 SL-16 R/B
1 25861U 99039B   13289.52450071  .00000378  00000-0  60294-4 0  4515
2 25861 097.9143 247.3886 0017395 084.9773 051.0773 14.77369776767884
0 SL-16 R/B
1 25861U 99039B   13290.54005880  .00000490  00000-0  75903-4 0  4522
2 25861 097.9146 248.3852 0017362 081.9407 052.1119 14.77370096768037
0 SL-16 R/B
1 25861U 99039B   13291.81238657  .00000492  00000-0  76241-4 0  4532
2 25861 097.9148 249.6338 0017334 078.1724 338.6877 14.77371131768226
0 SL-16 R/B
1 25861U 99039B   13292.96074809  .00000523  00000-0  80545-4 0  4544
2 25861 097.9150 250.7608 0017291 074.7793 325.9741 14.77372625768398
0 SL-16 R/B
1 25861U 99039B   13293.97658602  .00000526  00000-0  81031-4 0  4550
2 25861 097.9151 251.7578 0017230 071.7113 328.5382 14.77374084768540
0 SL-16 R/B
1 25861U 99039B   13294.99292979  .00000599  00000-0  91213-4 0  4568
2 25861 097.9152 252.7554 0017174 068.6149 333.8254 14.77374736768694
