0 NAVSTAR 46 (USA 145)
1 25933U 99055A   13282.50515504  .00000028  00000-0  10000-3 0   604
2 25933 050.9621 136.8634 0144069 069.8138 291.8180 02.00560757102641
0 NAVSTAR 46 (USA 145)
1 25933U 99055A   13283.00373000  .00000026  00000-0  10000-3 0   612
2 25933 050.9623 136.8415 0144089 069.8315 291.7981 02.00560754102655
0 NAVSTAR 46 (USA 145)
1 25933U 99055A   13284.00088207  .00000024  00000-0  10000-3 0   624
2 25933 050.9626 136.7974 0144127 069.8641 291.7625 02.00560745102679
0 NAVSTAR 46 (USA 145)
1 25933U 99055A   13284.99803885  .00000027  00000-0  10000-3 0   633
2 25933 050.9630 136.7534 0144174 069.8912 291.7356 02.00560735102691
0 NAVSTAR 46 (USA 145)
1 25933U 99055A   13285.99519740  .00000032  00000-0  10000-3 0   645
2 25933 050.9633 136.7097 0144218 069.9121 291.7166 02.00560735102712
0 NAVSTAR 46 (USA 145)
1 25933U 99055A   13286.99235815  .00000040  00000-0  10000-3 0   654
2 25933 050.9637 136.6658 0144267 069.9399 291.6919 02.00560727102737
0 NAVSTAR 46 (USA 145)
1 25933U 99055A   13287.98952153  .00000046  00000-0  10000-3 0   662
2 25933 050.9639 136.6221 0144321 069.9653 291.6710 02.00560715102757
0 NAVSTAR 46 (USA 145)
1 25933U 99055A   13288.98668166  .00000050  00000-0  10000-3 0   677
2 25933 050.9642 136.5781 0144353 069.9963 291.6426 02.00560707102777
0 NAVSTAR 46 (USA 145)
1 25933U 99055A   13289.48526177  .00000051  00000-0  10000-3 0   680
2 25933 050.9644 136.5563 0144370 070.0078 291.6327 02.00560706102786
0 NAVSTAR 46 (USA 145)
1 25933U 99055A   13291.47957199  .00000042  00000-0  10000-3 0   695
2 25933 050.9648 136.4687 0144448 070.0674 291.5711 02.00560693102820
0 NAVSTAR 46 (USA 145)
1 25933U 99055A   13291.97814925  .00000038  00000-0  10000-3 0   706
2 25933 050.9649 136.4468 0144458 070.0792 291.5582 02.00560681102834
0 NAVSTAR 46 (USA 145)
1 25933U 99055A   13292.47672551  .00000033  00000-0  10000-3 0   715
2 25933 050.9652 136.4247 0144507 070.0936 291.5414 02.00560665102845
0 NAVSTAR 46 (USA 145)
1 25933U 99055A   13293.97245377  .00000020  00000-0  10000-3 0   720
2 25933 050.9657 136.3587 0144579 070.1322 291.4968 02.00560628102870
0 NAVSTAR 46 (USA 145)
1 25933U 99055A   13294.96960587  .00000014  00000-0  10000-3 0   731
2 25933 050.9660 136.3149 0144601 070.1614 291.4643 02.00560622102894
