0 GLOBALSTAR M056
1 25945U 99058C   13282.13955929 -.00000071  00000-0  18350-3 0  5507
2 25945 051.9955 129.7300 0000342 098.5586 057.9735 12.62293795645482
0 GLOBALSTAR M056
1 25945U 99058C   13283.53502664 -.00000060  00000-0  24394-3 0  5510
2 25945 051.9955 125.4808 0000341 099.6831 281.2979 12.62293757645662
0 GLOBALSTAR M056
1 25945U 99058C   13285.76515630 -.00000074  00000-0  16630-3 0  5535
2 25945 051.9956 118.6901 0000351 107.0298 333.1653 12.62294079645948
0 GLOBALSTAR M056
1 25945U 99058C   13286.79279896 -.00000082  00000-0  11884-3 0  5546
2 25945 051.9957 115.5609 0000344 109.9470 322.3935 12.62294314646075
0 GLOBALSTAR M056
1 25945U 99058C   13287.82858449 -.00000100  00000-0  20508-4 0  5554
2 25945 051.9958 112.4068 0000318 109.7969 351.7106 12.62294455646200
0 GLOBALSTAR M056
1 25945U 99058C   13288.86876832 -.00000112  00000-0 -45038-4 0  5565
2 25945 051.9960 109.2394 0000304 106.5877 044.0843 12.62294526646330
0 GLOBALSTAR M056
1 25945U 99058C   13290.05761968 -.00000121  00000-0 -95030-4 0  5570
2 25945 051.9963 105.6194 0000284 110.7124 045.0371 12.62294564646485
0 GLOBALSTAR M056
1 25945U 99058C   13290.49848424  .00000000  00000-0  10000-3 0  5589
2 25945 052.0003 104.2749 0000793 226.5647 133.5689 12.62294168644353
0 GLOBALSTAR M056
1 25945U 99058C   13290.65684957  .00000023  00000-0  10000-3 0  5592
2 25945 051.9995 103.7950 0000522 249.4796 110.6547 12.62294606646569
0 GLOBALSTAR M056
1 25945U 99058C   13291.45367128 -.00000096  00000-0  41090-4 0  5583
2 25945 051.9966 101.3685 0000267 106.6186 276.2400 12.62294611646663
0 GLOBALSTAR M056
1 25945U 99058C   13292.48526785 -.00000078  00000-0  14340-3 0  5591
2 25945 051.9968 098.2274 0000243 115.6865 277.2968 12.62294636646792
0 GLOBALSTAR M056
1 25945U 99058C   13293.76741228 -.00000066  00000-0  21173-3 0  5605
2 25945 051.9970 094.3234 0000210 130.6201 331.5964 12.62294499646958
0 GLOBALSTAR M056
1 25945U 99058C   13294.80487874 -.00000061  00000-0  24020-3 0  5615
2 25945 051.9971 091.1645 0000187 137.6344 001.3934 12.62294505647080
0 GLOBALSTAR M056
1 25945U 99058C   13295.83988208 -.00000073  00000-0  17198-3 0  5628
2 25945 051.9973 088.0131 0000167 135.2182 029.4217 12.62294525647211
