0 SL-14 DEB
1 26007U 91068S   13282.86157542 -.00000020  00000-0 -20458-3 0  3454
2 26007 082.7016 207.8671 0011582 359.4310 063.6454 12.48329801637815
0 SL-14 DEB
1 26007U 91068S   13287.19085892  .00000022  00000-0  81567-4 0  3474
2 26007 082.7020 205.2202 0011425 349.7022 079.5333 12.48329380638354
0 SL-14 DEB
1 26007U 91068S   13289.52621767  .00000037  00000-0  18252-3 0  3487
2 26007 082.7018 203.7926 0011327 344.3414 134.7929 12.48329244638640
0 SL-14 DEB
1 26007U 91068S   13291.52978163  .00000035  00000-0  16742-3 0  3496
2 26007 082.7015 202.5679 0011248 339.7403 138.9452 12.48329344638892
0 SL-14 DEB
1 26007U 91068S   13293.84219593  .00000016  00000-0  39586-4 0  3501
2 26007 082.7013 201.1544 0011168 334.2256 091.2966 12.48329670639189
0 SL-14 DEB
1 26007U 91068S   13296.18705235 -.00000005  00000-0 -10350-3 0  3512
2 26007 082.7012 199.7210 0011083 328.7243 189.3589 12.48329809639476
