0 SL-14 DEB
1 26027U 91068AN  13278.21606419  .00000128  00000-0  93034-3 0  3639
2 26027 083.2908 187.8258 0112190 097.1768 057.1389 12.33230270642514
0 SL-14 DEB
1 26027U 91068AN  13281.53334733  .00000112  00000-0  80179-3 0  3645
2 26027 083.2905 186.0134 0113325 089.9537 024.6364 12.33232038642920
0 SL-14 DEB
1 26027U 91068AN  13286.16581446  .00000210  00000-0  15870-2 0  3659
2 26027 083.2905 183.4813 0113868 079.9860 070.9924 12.33234768643496
0 SL-14 DEB
1 26027U 91068AN  13288.19442167  .00000429  00000-0  33444-2 0  3660
2 26027 083.2872 182.3732 0114359 075.6342 077.2208 12.33236508643748
0 SL-14 DEB
1 26027U 91068AN  13292.16992347  .00000324  00000-0  25015-2 0  3672
2 26027 083.2882 180.1991 0114959 067.1375 086.9061 12.33239809644236
