0 COSMOS 1823 DEB
1 26111U 87020DS  13283.05517674  .00000105  00000-0  89280-3 0   537
2 26111 073.5991 130.8003 0030698 032.2294 095.5297 12.42181219207445
0 COSMOS 1823 DEB
1 26111U 87020DS  13286.66650022  .00000108  00000-0  91217-3 0   549
2 26111 073.5989 125.9467 0030740 027.0983 044.7945 12.42182209207891
0 COSMOS 1823 DEB
1 26111U 87020DS  13288.92026773  .00000077  00000-0  68509-3 0   554
2 26111 073.5988 122.9177 0030773 023.8779 043.3091 12.42183006208173
0 COSMOS 1823 DEB
1 26111U 87020DS  13290.94496097  .00000063  00000-0  58446-3 0   564
2 26111 073.5989 120.1965 0030803 020.9203 097.5075 12.42183613208428
0 COSMOS 1823 DEB
1 26111U 87020DS  13293.50183788  .00000087  00000-0  75746-3 0   578
2 26111 073.5991 116.7600 0030835 017.2299 011.5321 12.42183947208742
0 COSMOS 1823 DEB
1 26111U 87020DS  13295.85607488  .00000116  00000-0  96945-3 0   584
2 26111 073.5991 113.5957 0030919 013.7932 099.4188 12.42184073209030
