0 CZ-4 DEB
1 26283U 99057FV  13282.33294171  .00001143  00000-0  34534-3 0  1899
2 26283 098.3652 238.2191 0096597 142.3547 021.2111 14.41600907710912
0 CZ-4 DEB
1 26283U 99057FV  13285.44883385  .00001035  00000-0  31396-3 0  1900
2 26283 098.3658 241.2714 0096729 133.0704 351.8585 14.41606988711364
0 CZ-4 DEB
1 26283U 99057FV  13287.86462161  .00001482  00000-0  44364-3 0  1919
2 26283 098.3663 243.6379 0096839 125.8400 289.2394 14.41613819711719
0 CZ-4 DEB
1 26283U 99057FV  13289.87859573  .00001542  00000-0  46094-3 0  1929
2 26283 098.3669 245.6108 0096939 119.8382 301.3305 14.41620534712003
0 CZ-4 DEB
1 26283U 99057FV  13292.86184667  .00001825  00000-0  54300-3 0  1931
2 26283 098.3674 248.5335 0097010 110.9629 303.8338 14.41628861712431
0 CZ-4 DEB
1 26283U 99057FV  13294.87556179  .00001962  00000-0  58257-3 0  1943
2 26283 098.3675 250.5068 0097059 104.9739 314.6815 14.41635192712723
