0 COSMOS 1249 COOLANT
1 26511U 81021N   13282.31185838  .00000057  00000-0  11738-3 0  5867
2 26511 064.9579 238.2058 0057866 315.3537 044.2886 13.90100347695914
0 COSMOS 1249 COOLANT
1 26511U 81021N   13287.20390490  .00000062  00000-0  12199-3 0  5882
2 26511 064.9577 225.3873 0057663 313.7931 045.8419 13.90102064696591
0 COSMOS 1249 COOLANT
1 26511U 81021N   13289.43409993  .00000063  00000-0  12227-3 0  5892
2 26511 064.9577 219.5447 0057766 313.0344 046.5888 13.90102767696901
0 COSMOS 1249 COOLANT
1 26511U 81021N   13292.16788424  .00000084  00000-0  13910-3 0  5900
2 26511 064.9572 212.3799 0057936 312.5229 047.0978 13.90104407697283
0 COSMOS 1249 COOLANT
1 26511U 81021N   13295.11749269  .00000088  00000-0  14218-3 0  5919
2 26511 064.9573 204.6500 0058075 311.4933 048.1233 13.90105625697697
