0 PEGASUS R/B
1 26562U 00061B   13282.15179274  .00002589  00000-0  12956-3 0   834
2 26562 001.9640 359.1658 0019740 068.2702 291.9411 15.01720041711935
0 PEGASUS R/B
1 26562U 00061B   13283.47994827  .00002781  00000-0  14375-3 0   841
2 26562 001.9643 349.2672 0020035 087.8668 272.3943 15.01726087712133
0 PEGASUS R/B
1 26562U 00061B   13286.06979727  .00003518  00000-0  19848-3 0   851
2 26562 001.9649 329.9343 0019659 128.0459 232.1646 15.01742840712527
0 PEGASUS R/B
1 26562U 00061B   13290.12052267  .00003872  00000-0  22456-3 0   867
2 26562 001.9627 299.7291 0020047 189.0221 171.0054 15.01768201713137
0 PEGASUS R/B
1 26562U 00061B   13291.18298260  .00004000  00000-0  23394-3 0   876
2 26562 001.9617 291.7726 0020075 205.2051 154.7379 15.01775764713291
0 PEGASUS R/B
1 26562U 00061B   13293.97195872  .00004111  00000-0  24206-3 0   887
2 26562 001.9630 271.0357 0020233 246.8424 112.9554 15.01794552713712
