0 DELTA 1 R/B
1 02661U 67006B   13282.13720087 -.00000025  00000-0  12296-3 0  2745
2 02661 102.0690 120.3730 0064651 136.9214 296.6639 12.67888871161273
0 DELTA 1 R/B
1 02661U 67006B   13284.19669484 -.00000018  00000-0  15933-3 0  2750
2 02661 102.0686 122.5232 0064665 132.8922 337.0273 12.67888958161534
0 DELTA 1 R/B
1 02661U 67006B   13286.47432463 -.00000036  00000-0  65289-4 0  2769
2 02661 102.0680 124.9012 0064678 128.4332 293.0528 12.67889179161822
0 DELTA 1 R/B
1 02661U 67006B   13288.51863389 -.00000030  00000-0  95153-4 0  2779
2 02661 102.0677 127.0355 0064685 124.4861 264.0557 12.67889369162083
0 DELTA 1 R/B
1 02661U 67006B   13291.13258656 -.00000043  00000-0  25901-4 0  2785
2 02661 102.0675 129.7645 0064702 119.3582 315.2097 12.67889441162411
0 DELTA 1 R/B
1 02661U 67006B   13293.19161360 -.00000051  00000-0 -10416-4 0  2794
2 02661 102.0675 131.9140 0064718 115.3188 353.4558 12.67889469162675
0 DELTA 1 R/B
1 02661U 67006B   13295.46917749 -.00000035  00000-0  70022-4 0  2808
2 02661 102.0674 134.2915 0064726 110.8983 309.1470 12.67889547162962
