0 TURKSAT 2A
1 26666U 01002A   13282.13230808  .00000133  00000-0  10000-3 0  3355
2 26666 000.0526 000.1598 0003727 210.6102 256.8121 01.00274375 46694
0 TURKSAT 2A
1 26666U 01002A   13283.14454971  .00000130  00000-0  10000-3 0  3364
2 26666 000.0507 358.8844 0003817 216.2425 257.8611 01.00274116 46700
0 TURKSAT 2A
1 26666U 01002A   13284.16988722  .00000126  00000-0  10000-3 0  3379
2 26666 000.0484 353.6097 0003834 221.2948 268.2186 01.00274007 46715
0 TURKSAT 2A
1 26666U 01002A   13286.12515053  .00000122  00000-0  10000-3 0  3387
2 26666 000.0451 346.1645 0003439 216.0039 266.7374 01.00270388 46731
0 TURKSAT 2A
1 26666U 01002A   13287.15090972  .00000121  00000-0  10000-3 0  3399
2 26666 000.0449 353.8289 0003322 215.0381 270.3023 01.00269188 46746
0 TURKSAT 2A
1 26666U 01002A   13288.15307868  .00000121  00000-0  10000-3 0  3407
2 26666 000.0465 002.0128 0003315 198.3205 280.5985 01.00269380 46754
0 TURKSAT 2A
1 26666U 01002A   13289.15451356  .00000122  00000-0  10000-3 0  3412
2 26666 000.0477 005.8030 0003256 184.3081 292.3259 01.00271018 46768
0 TURKSAT 2A
1 26666U 01002A   13289.66071924  .00000000  00000-0  10000-3 0  3423
2 26666 000.0361 348.7617 0004109 229.2230 087.2270 01.00271178 46764
0 TURKSAT 2A
1 26666U 01002A   13292.95349525  .00000129  00000-0  10000-3 0  3426
2 26666 000.0527 024.2229 0003256 165.9650 223.6612 01.00275418 46809
0 TURKSAT 2A
1 26666U 01002A   13294.82630051  .00000132  00000-0  10000-3 0  3436
2 26666 000.0559 023.6610 0003257 166.5647 179.6965 01.00275610 46822
0 TURKSAT 2A
1 26666U 01002A   13295.77444633  .00000133  00000-0  10000-3 0  3442
2 26666 000.0496 356.1768 0003487 219.7329 136.2818 01.00275842 46826
