0 CZ-3 DEB
1 26788U 86010E   13283.17399068  .00000011  00000-0  28346-2 0  6945
2 26788 030.6314 223.0342 6843868 149.8027 357.0110 02.60191019126948
0 CZ-3 DEB
1 26788U 86010E   13288.17263786 -.00000063  00000-0  28205-2 0  6950
2 26788 030.6307 221.1236 6843435 152.7840 359.1678 02.60193592127072
0 CZ-3 DEB
1 26788U 86010E   13291.25016007 -.00000054  00000-0  20626-2 0  6965
2 26788 030.6306 219.9443 6843403 154.6170 001.8560 02.60194492127158
0 CZ-3 DEB
1 26788U 86010E   13293.16735294 -.00000049  00000-0  16618-2 0  6974
2 26788 030.6299 219.2111 6843420 155.7640 357.6776 02.60195327127202
0 CZ-3 DEB
1 26788U 86010E   13295.08594564 -.00000074  00000-0  12617-2 0  6984
2 26788 030.6315 218.4733 6843471 156.9345 354.8132 02.60196052127259
