0 DELTA 1 DEB
1 26827U 75052KF  13282.33932115  .00000319  00000-0  77573-3 0  8553
2 26827 099.7356 057.8013 0112618 086.1179 307.7030 13.27054844983010
0 DELTA 1 DEB
1 26827U 75052KF  13285.36028258  .00000305  00000-0  74552-3 0  8563
2 26827 099.7359 060.6378 0112401 078.8846 340.0815 13.27056966983410
0 DELTA 1 DEB
1 26827U 75052KF  13290.19850932  .00000375  00000-0  89898-3 0  8579
2 26827 099.7367 065.1810 0112099 067.2831 054.3612 13.27061207984054
0 DELTA 1 DEB
1 26827U 75052KF  13292.84371142  .00000465  00000-0  10922-2 0  8586
2 26827 099.7369 067.6652 0111903 060.9008 091.6972 13.27063156984403
0 DELTA 1 DEB
1 26827U 75052KF  13294.88033152  .00000479  00000-0  11226-2 0  8592
2 26827 099.7368 069.5778 0111808 056.0016 101.5583 13.27065770984673
