0 PSLV DEB
1 27114U 01049BJ  13282.85219839  .00011453  00000-0  92395-3 0  2954
2 27114 097.7694 239.0564 0025151 253.3887 158.6824 14.99790513639705
0 PSLV DEB
1 27114U 01049BJ  13283.85297395  .00013579  00000-0  10936-2 0  2960
2 27114 097.7694 240.0554 0025235 249.8047 162.3721 14.99809401639858
0 PSLV DEB
1 27114U 01049BJ  13286.20147091  .00010831  00000-0  87245-3 0  2987
2 27114 097.7694 242.4001 0025403 241.4649 243.3018 14.99856733640204
0 PSLV DEB
1 27114U 01049BJ  13287.52470178  .00011315  00000-0  91057-3 0  2993
2 27114 097.7695 243.7209 0025550 236.8903 188.2581 14.99878881640405
0 PSLV DEB
1 27114U 01049BJ  13288.52561130  .00016008  00000-0  12842-2 0  3004
2 27114 097.7697 244.7200 0025642 233.3660 192.9612 14.99911064640557
0 PSLV DEB
1 27114U 01049BJ  13289.52595618  .00014096  00000-0  11310-2 0  3018
2 27114 097.7700 245.7186 0025744 229.8830 194.6745 14.99934791640703
0 PSLV DEB
1 27114U 01049BJ  13290.52668931  .00014744  00000-0  11819-2 0  3024
2 27114 097.7703 246.7176 0025877 226.4700 198.4923 14.99956317640856
0 PSLV DEB
1 27114U 01049BJ  13291.52733167  .00012874  00000-0  10322-2 0  3030
2 27114 097.7706 247.7166 0025978 223.0698 201.8960 14.99978857641001
0 PSLV DEB
1 27114U 01049BJ  13292.85921179  .00012459  00000-0  99824-3 0  3044
2 27114 097.7708 249.0464 0026143 218.4895 194.1395 15.00009447641202
0 PSLV DEB
1 27114U 01049BJ  13293.85981716  .00013321  00000-0  10662-2 0  3050
2 27114 097.7708 250.0453 0026284 215.1118 197.5064 15.00028985641354
0 PSLV DEB
1 27114U 01049BJ  13294.86044308  .00015149  00000-0  12108-2 0  3067
2 27114 097.7707 251.0444 0026414 211.7342 201.0581 15.00051078641501
0 PSLV DEB
1 27114U 01049BJ  13295.86098219  .00014151  00000-0  11308-2 0  3072
2 27114 097.7706 252.0436 0026551 208.3990 204.1748 15.00072637641654
