0 PSLV DEB
1 27123U 01049BT  13283.00384215  .00000891  00000-0  18662-3 0  9072
2 27123 097.3281 295.4931 0047724 165.9528 246.8391 14.61077149628098
0 PSLV DEB
1 27123U 01049BT  13284.09767140  .00000991  00000-0  20658-3 0  9084
2 27123 097.3278 296.4624 0047796 162.5443 240.1592 14.61078704628258
0 PSLV DEB
1 27123U 01049BT  13285.34620113  .00000826  00000-0  17342-3 0  9095
2 27123 097.3276 297.5687 0047903 158.6212 327.2157 14.61081068628438
0 PSLV DEB
1 27123U 01049BT  13286.77084321  .00001039  00000-0  21604-3 0  9103
2 27123 097.3273 298.8310 0048001 154.1531 260.6000 14.61083065628646
0 PSLV DEB
1 27123U 01049BT  13288.00962551  .00001523  00000-0  31293-3 0  9115
2 27123 097.3271 299.9284 0048066 150.2868 296.3789 14.61088209628822
0 PSLV DEB
1 27123U 01049BT  13289.03064249  .00001219  00000-0  25205-3 0  9125
2 27123 097.3271 300.8329 0048127 147.1165 266.7509 14.61091566628974
0 PSLV DEB
1 27123U 01049BT  13290.48945584  .00001197  00000-0  24752-3 0  9138
2 27123 097.3273 302.1251 0048208 142.5776 019.8857 14.61095038629187
0 PSLV DEB
1 27123U 01049BT  13291.76797203  .00001241  00000-0  25630-3 0  9140
2 27123 097.3273 303.2576 0048294 138.5938 264.7091 14.61097193629375
0 PSLV DEB
1 27123U 01049BT  13292.99814356  .00001344  00000-0  27696-3 0  9154
2 27123 097.3275 304.3472 0048325 134.7985 255.2185 14.61099432629556
0 PSLV DEB
1 27123U 01049BT  13294.03067453  .00001294  00000-0  26691-3 0  9168
2 27123 097.3275 305.2618 0048383 131.5841 286.2050 14.61102736629702
0 PSLV DEB
1 27123U 01049BT  13295.82422631  .00001444  00000-0  29683-3 0  9171
2 27123 097.3275 306.8506 0048410 126.0483 000.0478 14.61106872629966
