0 PSLV DEB
1 27153U 01049CZ  13283.15655179  .00003646  00000-0  43036-3 0   324
2 27153 097.7572 244.1795 0048716 090.8707 030.6720 14.84456328637375
0 PSLV DEB
1 27153U 01049CZ  13284.16751045  .00004232  00000-0  49848-3 0   335
2 27153 097.7569 245.1631 0048703 087.5981 033.2475 14.84460324637528
0 PSLV DEB
1 27153U 01049CZ  13286.19073943  .00004052  00000-0  47729-3 0   352
2 27153 097.7570 247.1317 0048772 081.2142 045.2981 14.84473785637822
0 PSLV DEB
1 27153U 01049CZ  13287.47011231  .00003525  00000-0  41602-3 0   365
2 27153 097.7575 248.3766 0048614 077.2109 042.2301 14.84483593638014
0 PSLV DEB
1 27153U 01049CZ  13288.87293706  .00004459  00000-0  52441-3 0   370
2 27153 097.7575 249.7415 0048547 072.6505 339.1221 14.84496700638220
0 PSLV DEB
1 27153U 01049CZ  13290.16654786  .00005153  00000-0  60494-3 0   384
2 27153 097.7578 251.0001 0048520 068.6110 052.2463 14.84504781638419
0 PSLV DEB
1 27153U 01049CZ  13291.17848150  .00005144  00000-0  60377-3 0   397
2 27153 097.7585 251.9846 0048498 065.4188 060.1340 14.84513668638569
0 PSLV DEB
1 27153U 01049CZ  13292.84579766  .00004926  00000-0  57828-3 0   402
2 27153 097.7594 253.6070 0048449 060.1258 330.5590 14.84529191638810
0 PSLV DEB
1 27153U 01049CZ  13293.86083946  .00004878  00000-0  57258-3 0   419
2 27153 097.7597 254.5948 0048357 056.8561 355.2142 14.84539021638960
0 PSLV DEB
1 27153U 01049CZ  13294.86731978  .00005794  00000-0  67875-3 0   420
2 27153 097.7597 255.5743 0048274 053.6194 334.1433 14.84546950639115
0 PSLV DEB
1 27153U 01049CZ  13296.16547912  .00005469  00000-0  64097-3 0   431
2 27153 097.7598 256.8378 0048199 049.5394 071.8341 14.84555418639309
