0 DASH/VEP 3
1 27368U 02003B   13282.05814047  .00003090  00000-0  43791-2 0  4540
2 27368 028.3129 135.5158 7215448 104.8116 007.7955 02.31005893 97755
0 DASH/VEP 3
1 27368U 02003B   13282.92317838  .00003060  00000-0  43361-2 0  4553
2 27368 028.3145 135.1929 7215414 105.3297 007.1763 02.31011062 97772
0 DASH/VEP 3
1 27368U 02003B   13283.75429605  .00004294  00000-0  57942-2 0  4562
2 27368 028.3099 134.9056 7217191 105.8083 338.3709 02.31010014 97797
0 DASH/VEP 3
1 27368U 02003B   13287.26023627  .00003383  00000-0  48133-2 0  4577
2 27368 028.3258 133.5692 7215604 107.9311 014.2247 02.31035863 97874
0 DASH/VEP 3
1 27368U 02003B   13290.67690156  .00003261  00000-0  43864-2 0  4585
2 27368 028.3319 132.3144 7216898 109.9497 336.1092 02.31057311 97959
0 DASH/VEP 3
1 27368U 02003B   13290.72521464  .00003597  00000-0  51191-2 0  4580
2 27368 028.3344 132.2735 7215681 110.0058 016.2866 02.31061143 97950
0 DASH/VEP 3
1 27368U 02003B   13291.15877814  .00003345  00000-0  47462-2 0  4599
2 27368 028.3357 132.1100 7215786 110.2679 016.9267 02.31065191 97966
0 DASH/VEP 3
1 27368U 02003B   13292.01099086  .00003354  00000-0  47562-2 0  4605
2 27368 028.3377 131.7919 7215735 110.7776 005.8283 02.31069361 97988
0 DASH/VEP 3
1 27368U 02003B   13293.96102109  .00003082  00000-0  43429-2 0  4618
2 27368 028.3430 131.0635 7215668 111.9450 187.9823 02.31085499 98021
0 DASH/VEP 3
1 27368U 02003B   13295.04301894  .00003173  00000-0  44152-2 0  4627
2 27368 028.3474 130.6535 7215892 112.6006 008.1011 02.31091361 98058
