0 INTELSAT 904
1 27380U 02007A   13280.64467773  .00000040  00000-0  10000-3 0  2426
2 27380 000.0160 294.3977 0002777 248.0461 126.0965 01.00272379 42611
0 INTELSAT 904
1 27380U 02007A   13281.73158932  .00000037  00000-0  10000-3 0  2438
2 27380 000.0118 307.8977 0002790 236.2928 156.7088 01.00272532 42624
0 INTELSAT 904
1 27380U 02007A   13282.74890140  .00000034  00000-0  10000-3 0  2442
2 27380 000.0102 311.3208 0002804 233.0563 163.7587 01.00272751 42636
0 INTELSAT 904
1 27380U 02007A   13282.99559782  .00000000  00000-0  10000-3 0  2457
2 27380 000.0145 358.8128 0002973 193.7617 244.6277 01.00270431 42312
0 INTELSAT 904
1 27380U 02007A   13286.54790394  .00000024  00000-0  10000-3 0  2465
2 27380 000.0020 135.1682 0002956 055.2924 089.0654 01.00273170 42671
0 INTELSAT 904
1 27380U 02007A   13288.57633853  .00000024  00000-0  10000-3 0  2477
2 27380 000.0047 137.8065 0002951 052.2849 101.6803 01.00273682 42699
0 INTELSAT 904
1 27380U 02007A   13289.95147079  .00000000  00000-0  10000-3 0  2485
2 27380 000.0137 355.0040 0003607 203.8805 229.3335 01.00272145 42388
0 INTELSAT 904
1 27380U 02007A   13292.96150850  .00000032  00000-0  10000-3 0  2486
2 27380 000.0146 303.2474 0003269 261.9102 229.5927 01.00272733 42745
0 INTELSAT 904
1 27380U 02007A   13294.03785667  .00000034  00000-0  10000-3 0  2499
2 27380 000.0128 306.9573 0003274 259.7154 256.6271 01.00273053 42753
