0 NOAA 17
1 27453U 02032A   13281.51580244  .00000103  00000-0  61891-4 0  2998
2 27453 098.3128 289.5871 0011812 187.5149 327.5902 14.24623858586855
0 NOAA 17
1 27453U 02032A   13282.50046454  .00000118  00000-0  68269-4 0  3003
2 27453 098.3127 290.5195 0011876 184.7596 337.4378 14.24624882586990
0 NOAA 17
1 27453U 02032A   13283.48384167  .00000126  00000-0  71641-4 0  3015
2 27453 098.3126 291.4507 0011932 181.8436 340.8633 14.24624976587133
0 NOAA 17
1 27453U 02032A   13284.46637316  .00000137  00000-0  76642-4 0  3020
2 27453 098.3124 292.3812 0012000 178.9975 339.8855 14.24625054587279
0 NOAA 17
1 27453U 02032A   13284.46637316  .00000137  00000-0  76642-4 0  3031
2 27453 098.3124 292.3812 0012000 178.9975 339.8855 14.24625054587279
0 NOAA 17
1 27453U 02032A   13285.43873144  .00000123  00000-0  70271-4 0  3048
2 27453 098.3122 293.3019 0012064 176.2381 286.6759 14.24625518587412
0 NOAA 17
1 27453U 02032A   13286.50389124  .00000113  00000-0  66308-4 0  3053
2 27453 098.3121 294.3105 0012118 173.3118 349.3080 14.24626087587566
0 NOAA 17
1 27453U 02032A   13287.48709917  .00000119  00000-0  68874-4 0  3064
2 27453 098.3120 295.2414 0012166 170.5680 351.6982 14.24626408587704
0 NOAA 17
1 27453U 02032A   13288.47109866  .00000188  00000-0  98522-4 0  3071
2 27453 098.3120 296.1729 0012214 167.8151 358.1573 14.24626942587845
0 NOAA 17
1 27453U 02032A   13289.44226241  .00000139  00000-0  77065-4 0  3082
2 27453 098.3120 297.0924 0012274 165.0489 298.8378 14.24627544587989
0 NOAA 17
1 27453U 02032A   13291.49053846  .00000125  00000-0  71419-4 0  3104
2 27453 098.3122 299.0313 0012379 159.3808 003.4025 14.24628357588277
0 NOAA 17
1 27453U 02032A   13292.47411021  .00000155  00000-0  84036-4 0  3119
2 27453 098.3123 299.9624 0012442 156.6082 007.6958 14.24628500588414
0 NOAA 17
1 27453U 02032A   13293.45891264  .00000172  00000-0  91254-4 0  3129
2 27453 098.3124 300.8948 0012471 153.9805 018.1526 14.24628859588551
0 NOAA 17
1 27453U 02032A   13294.51047916  .00000151  00000-0  82433-4 0  3131
2 27453 098.3124 301.8903 0012533 151.0742 011.1021 14.24629472588703
0 NOAA 17
1 27453U 02032A   13295.49230816  .00000158  00000-0  85412-4 0  3140
2 27453 098.3124 302.8199 0012549 148.4214 006.3452 14.24629862588844
