0 DELTA 1 DEB
1 27578U 75052LF  13282.35058274  .00000075  00000-0  13950-3 0  2275
2 27578 099.7034 069.2731 0040575 237.6057 152.2094 13.68965128623364
0 DELTA 1 DEB
1 27578U 75052LF  13286.90730882  .00000082  00000-0  14779-3 0  2292
2 27578 099.7036 073.8573 0040815 226.4969 288.4496 13.68967220623998
0 DELTA 1 DEB
1 27578U 75052LF  13289.23951510  .00000104  00000-0  17247-3 0  2304
2 27578 099.7038 076.2042 0040920 220.7064 262.0371 13.68968348624317
0 DELTA 1 DEB
1 27578U 75052LF  13291.28468933  .00000138  00000-0  21219-3 0  2316
2 27578 099.7039 078.2618 0040956 215.7253 260.9813 13.68969046624596
0 DELTA 1 DEB
1 27578U 75052LF  13294.28146190  .00000177  00000-0  25619-3 0  2329
2 27578 099.7037 081.2771 0040995 208.4210 269.5752 13.68970881625006
