0 SORCE
1 27651U 03004A   13282.11766234  .00001256  00000-0  15982-3 0  2281
2 27651 039.9953 253.2546 0025830 155.9395 260.0593 14.84840170580176
0 SORCE
1 27651U 03004A   13283.41328262  .00001151  00000-0  14771-3 0  2290
2 27651 039.9953 246.0776 0026029 164.9070 345.7812 14.84845002580367
0 SORCE
1 27651U 03004A   13286.37208039  .00001146  00000-0  14703-3 0  2319
2 27651 039.9951 229.6877 0026424 185.0387 322.4263 14.84852021580808
0 SORCE
1 27651U 03004A   13288.10829824  .00002049  00000-0  25093-3 0  2321
2 27651 039.9950 220.0701 0026634 196.7751 243.7275 14.84860202581062
0 SORCE
1 27651U 03004A   13289.12576914  .00001622  00000-0  20168-3 0  2338
2 27651 039.9949 214.4338 0026745 203.6032 282.8942 14.84864742581211
0 SORCE
1 27651U 03004A   13290.13618183  .00001502  00000-0  18787-3 0  2348
2 27651 039.9948 208.8367 0026826 210.3543 284.3746 14.84867597581367
0 SORCE
1 27651U 03004A   13291.14996424  .00001457  00000-0  18273-3 0  2357
2 27651 039.9946 203.2208 0026895 217.1269 303.8841 14.84871263581519
0 SORCE
1 27651U 03004A   13292.15656247  .00001518  00000-0  18970-3 0  2368
2 27651 039.9944 197.6447 0026924 223.7489 285.1057 14.84873566581663
0 SORCE
1 27651U 03004A   13293.16681365  .00001640  00000-0  20366-3 0  2378
2 27651 039.9944 192.0482 0026949 230.4638 285.7988 14.84877250581819
0 SORCE
1 27651U 03004A   13294.17108076  .00001670  00000-0  20708-3 0  2387
2 27651 039.9943 186.4848 0026987 237.1321 254.5207 14.84881822581960
0 SORCE
1 27651U 03004A   13295.18149649  .00001832  00000-0  22567-3 0  2396
2 27651 039.9942 180.8873 0026988 243.8738 256.0951 14.84885642582117
