0 M-3H DEB
1 27731U 78087C   13287.62612310  .00027913  00000-0  20302-2 0  2806
2 27731 031.3282 126.8408 4802699 078.3304 329.1161 06.01159216249440
0 M-3H DEB
1 27731U 78087C   13287.79283244  .00030430  00000-0  25671-2 0  2817
2 27731 031.3100 126.6019 4796181 078.3596 330.0157 06.01204525249457
0 M-3H DEB
1 27731U 78087C   13293.79722648  .00028551  00000-0  22342-2 0  2824
2 27731 031.3270 118.9447 4797714 090.2837 007.5550 06.01472207249815
0 M-3H DEB
1 27731U 78087C   13294.77339896  .00006684  00000-0  51645-3 0  2835
2 27731 031.3071 117.7170 4799034 092.0641 321.4338 06.01373657249871
