0 ARIANE 1 DEB
1 27795U 79104T   13281.32037793  .00000031  00000-0  12545-2 0  8149
2 27795 014.8549 255.9079 7337685 209.3573 353.3331 02.00846672 89304
0 ARIANE 1 DEB
1 27795U 79104T   13282.31637300  .00000035  00000-0  15268-2 0  8159
2 27795 014.8493 255.5903 7337601 209.9499 353.4843 02.00847113 89327
0 ARIANE 1 DEB
1 27795U 79104T   13290.26078940 -.00000150  00000-0 -64592-3 0  8167
2 27795 014.7988 253.0947 7336270 214.6013 337.6810 02.00847886 89484
0 ARIANE 1 DEB
1 27795U 79104T   13291.75414426 -.00000222  00000-0 -11571-2 0  8174
2 27795 014.7929 252.6160 7336393 215.4960 337.4486 02.00847650 89517
