0 AMC-9 (GE-12)
1 27820U 03024A   13281.52173896 -.00000227  00000-0  00000+0 0  8646
2 27820 000.0057 176.8356 0002524 010.3653 294.9557 01.00272045 37899
0 AMC-9 (GE-12)
1 27820U 03024A   13283.34085625  .00000000  00000-0  10000-3 0  8654
2 27820 000.0094 350.0406 0003246 202.0521 226.7103 01.00265667 37913
0 AMC-9 (GE-12)
1 27820U 03024A   13287.47620560 -.00000241  00000-0  00000+0 0  8669
2 27820 000.0006 048.7223 0002704 136.6875 286.2073 01.00270406 37954
0 AMC-9 (GE-12)
1 27820U 03024A   13291.53439042 -.00000236  00000-0  00000+0 0  8679
2 27820 000.0066 265.5195 0003032 295.6473 295.4050 01.00271473 37998
0 AMC-9 (GE-12)
1 27820U 03024A   13294.51247601 -.00000230  00000-0  00000+0 0  8683
2 27820 000.0004 265.4796 0003032 295.7459 290.4010 01.00272085 38027
