0 SCISAT 1
1 27858U 03036A   13282.30779709  .00000419  00000-0  66226-4 0   665
2 27858 073.9343 323.8103 0008331 006.8429 066.2259 14.75793667546971
0 SCISAT 1
1 27858U 03036A   13283.46310725  .00000393  00000-0  62461-4 0   671
2 27858 073.9341 321.5357 0008391 004.3752 084.1473 14.75794219547144
0 SCISAT 1
1 27858U 03036A   13285.64186186  .00000405  00000-0  64178-4 0   698
2 27858 073.9337 317.2460 0008515 359.6915 139.4558 14.75795396547461
0 SCISAT 1
1 27858U 03036A   13286.72280164  .00000470  00000-0  73604-4 0   707
2 27858 073.9335 315.1177 0008555 357.4777 122.1795 14.75796114547626
0 SCISAT 1
1 27858U 03036A   13287.74180832  .00000540  00000-0  83865-4 0   710
2 27858 073.9334 313.1113 0008613 355.3086 135.9533 14.75798148547775
0 SCISAT 1
1 27858U 03036A   13289.15158186  .00000552  00000-0  85603-4 0   720
2 27858 073.9334 310.3353 0008658 352.3551 065.7555 14.75800987547985
0 SCISAT 1
1 27858U 03036A   13290.52671388  .00000582  00000-0  90013-4 0   732
2 27858 073.9333 307.6274 0008729 349.4903 171.5126 14.75802340548180
0 SCISAT 1
1 27858U 03036A   13291.67002007  .00000605  00000-0  93257-4 0   745
2 27858 073.9334 305.3761 0008778 347.1265 125.6204 14.75802995548359
0 SCISAT 1
1 27858U 03036A   13292.68797575  .00000663  00000-0  10173-3 0   758
2 27858 073.9335 303.3716 0008830 345.0709 133.7271 14.75803812548507
0 SCISAT 1
1 27858U 03036A   13294.10120155  .00000621  00000-0  95690-4 0   764
2 27858 073.9336 300.5890 0008932 342.2236 081.7864 14.75805988548716
0 SCISAT 1
1 27858U 03036A   13295.11735164  .00000701  00000-0  10724-3 0   772
2 27858 073.9335 298.5881 0008974 340.1691 080.3132 14.75806904548867
0 SCISAT 1
1 27858U 03036A   13296.13505522  .00000704  00000-0  10767-3 0   789
2 27858 073.9335 296.5843 0009044 338.2063 086.9999 14.75808907549019
