0 FREGAT R/B
1 28133U 03059B   13278.14417235 -.00000419  00000-0  00000+0 0  4418
2 28133 023.0662 248.3301 5950775 220.5129 294.7748 02.01471083 71946
0 FREGAT R/B
1 28133U 03059B   13285.28216773 -.00000376  00000-0  00000+0 0  4428
2 28133 023.0496 247.2069 5952262 222.4351 071.8562 02.01464520 72094
0 FREGAT R/B
1 28133U 03059B   13285.62023025 -.00000371  00000-0  00000+0 0  4438
2 28133 023.0409 247.1494 5951251 222.5351 317.0282 02.01465545 72099
0 FREGAT R/B
1 28133U 03059B   13289.58580156 -.00000341  00000-0  00000+0 0  4448
2 28133 023.0301 246.5262 5951450 223.6033 313.1335 02.01462621 72173
0 FREGAT R/B
1 28133U 03059B   13290.24287720  .00000061  00000-0  10000-3 0  4469
2 28133 023.0174 246.4514 5950135 223.7548 069.6846 02.01461379 72192
0 FREGAT R/B
1 28133U 03059B   13291.63079257 -.00000333  00000-0  00000+0 0  4454
2 28133 023.0248 246.2053 5951561 224.1537 356.2884 02.01461137 72220
