0 CZ-2C R/B
1 28222U 04012C   13282.06955116  .00001655  00000-0  12884-3 0   749
2 28222 097.3501 265.0039 0058655 119.3508 283.1944 15.01192121517821
0 CZ-2C R/B
1 28222U 04012C   13283.13800258  .00002246  00000-0  17321-3 0   753
2 28222 097.3506 266.0148 0058724 115.6357 297.5015 15.01193731517989
0 CZ-2C R/B
1 28222U 04012C   13285.87238747  .00002063  00000-0  15943-3 0   771
2 28222 097.3494 268.6033 0058497 106.6552 314.6540 15.01203509518395
0 CZ-2C R/B
1 28222U 04012C   13287.06869049  .00002536  00000-0  19496-3 0   782
2 28222 097.3490 269.7357 0058391 102.7309 299.7402 15.01205802518570
0 CZ-2C R/B
1 28222U 04012C   13288.48154951  .00003608  00000-0  27543-3 0   792
2 28222 097.3487 271.0729 0058249 098.0881 015.1751 15.01217118518782
0 CZ-2C R/B
1 28222U 04012C   13289.55256650  .00003818  00000-0  29117-3 0   804
2 28222 097.3486 272.0864 0058215 094.4720 043.3463 15.01221632518944
0 CZ-2C R/B
1 28222U 04012C   13291.06795213  .00003194  00000-0  24434-3 0   811
2 28222 097.3485 273.5202 0058040 089.4714 312.9689 15.01230764519175
0 CZ-2C R/B
1 28222U 04012C   13292.87067079  .00003321  00000-0  25391-3 0   829
2 28222 097.3486 275.2260 0057822 083.5010 335.5106 15.01239805519440
0 CZ-2C R/B
1 28222U 04012C   13294.06747340  .00003597  00000-0  27461-3 0   834
2 28222 097.3488 276.3586 0057666 079.5298 323.5051 15.01245770519628
0 CZ-2C R/B
1 28222U 04012C   13295.42201682  .00004131  00000-0  31473-3 0   843
2 28222 097.3488 277.6404 0057480 075.0254 084.0345 15.01253699519824
