0 DELTA 2 DEB
1 28263U 00071D   13282.41334983  .00907146  39621-5  21804-3 0   745
2 28263 038.7677 289.7918 1282819 101.7789 031.6833 13.42227543265852
0 DELTA 2 DEB
1 28263U 00071D   13282.48654081  .01019492  39390-5  37321-3 0   750
2 28263 038.7450 289.4779 1274152 102.4261 025.2915 13.42546199265869
0 DELTA 2 DEB
1 28263U 00071D   13283.37918637  .00986652  39333-5  37920-3 0   762
2 28263 038.7836 285.3142 1265773 107.9034 022.2910 13.44282176265982
0 DELTA 2 DEB
1 28263U 00071D   13284.03061816  .00955069  39002-5  33790-3 0   777
2 28263 038.7587 282.3462 1261823 111.7146 296.2956 13.45497221266070
0 DELTA 2 DEB
1 28263U 00071D   13285.07220553  .00993010  38580-5  29820-3 0   785
2 28263 038.7584 277.5068 1255198 117.7882 306.0151 13.47647583266219
0 DELTA 2 DEB
1 28263U 00071D   13285.07220553  .01042317  38444-5  37625-3 0   793
2 28263 038.7462 277.5311 1251798 118.0797 305.7066 13.47717238266212
0 DELTA 2 DEB
1 28263U 00071D   13288.02961714  .01258040  36489-5  46255-3 0   802
2 28263 038.7535 263.7310 1222896 136.0773 288.7613 13.54273539266611
0 DELTA 2 DEB
1 28263U 00071D   13289.36928485  .01191097  35405-5  40202-3 0   810
2 28263 038.7523 257.4702 1209623 144.5153 348.3746 13.57644610266796
0 DELTA 2 DEB
1 28263U 00071D   13290.25169671  .01052999  34479-5  35598-3 0   824
2 28263 038.7121 253.3441 1201517 149.8558 344.1907 13.59501111266913
0 DELTA 2 DEB
1 28263U 00071D   13291.12948396  .01032480  33857-5  34604-3 0   830
2 28263 038.7472 249.1273 1193835 155.2077 323.1759 13.61298769267039
0 DELTA 2 DEB
1 28263U 00071D   13291.28184522  .01035783  33746-5  32701-3 0   843
2 28263 038.7510 248.4158 1193424 156.0813 350.0134 13.61624226267056
0 DELTA 2 DEB
1 28263U 00071D   13292.23346551  .01115396  32754-5  38388-3 0   856
2 28263 038.7502 243.8726 1182355 162.0021 338.6641 13.63835409267184
0 DELTA 2 DEB
1 28263U 00071D   13292.94983132  .01100836  32011-5  35989-3 0   860
2 28263 038.7463 240.4565 1176412 166.5123 257.8463 13.65399580267285
0 DELTA 2 DEB
1 28263U 00071D   13293.89871356  .01096748  31056-5  34470-3 0   878
2 28263 038.7498 235.9393 1168057 172.4787 245.4956 13.67474690267412
0 DELTA 2 DEB
1 28263U 00071D   13294.20855794  .01096259  30721-5  33321-3 0   882
2 28263 038.7482 234.4561 1165690 174.4631 331.1536 13.68150650267455
0 DELTA 2 DEB
1 28263U 00071D   13295.15488223  .01011480  29880-5  33371-3 0   899
2 28263 038.7593 229.9058 1156300 180.2034 315.2904 13.69992223267585
0 DELTA 2 DEB
1 28263U 00071D   13296.17710884  .00938180  28836-5  28023-3 0   907
2 28263 038.7573 225.0004 1149946 186.7272 320.0889 13.71844314267726
