0 SL-24 R/B
1 28367U 04025B   13281.84629231  .00000114  00000-0  77147-4 0  5809
2 28367 098.2410 358.7751 0352166 159.1268 313.4389 13.87963961470019
0 SL-24 R/B
1 28367U 04025B   13284.20666971 -.00000117  00000-0 -41697-4 0  5811
2 28367 098.2412 000.8649 0352244 152.5846 227.4524 13.87967163470347
0 SL-24 R/B
1 28367U 04025B   13286.82580036  .00000079  00000-0  58921-4 0  5822
2 28367 098.2410 003.1840 0352332 145.3368 354.3966 13.87965229470702
0 SL-24 R/B
1 28367U 04025B   13288.83897692  .00000217  00000-0  12950-3 0  5830
2 28367 098.2405 004.9667 0352364 139.7707 333.5756 13.87964746470980
0 SL-24 R/B
1 28367U 04025B   13291.20640216 -.00000047  00000-0 -58211-5 0  5849
2 28367 098.2398 007.0628 0352412 133.2191 282.8036 13.87967811471313
0 SL-24 R/B
1 28367U 04025B   13293.29487419 -.00000056  00000-0 -10866-4 0  5858
2 28367 098.2396 008.9116 0352452 127.4371 278.2199 13.87968349471600
0 SL-24 R/B
1 28367U 04025B   13295.46148637  .00000152  00000-0  95679-4 0  5866
2 28367 098.2395 010.8296 0352506 121.4443 304.0896 13.87966651471903
