0 AURA
1 28376U 04026A   13281.45296864  .00000519  00000-0  12521-3 0  9390
2 28376 098.2065 223.2876 0001814 071.5728 288.5675 14.57134091491068
0 AURA
1 28376U 04026A   13282.55166347  .00000617  00000-0  14683-3 0  9406
2 28376 098.2071 224.3703 0001880 068.7240 291.4145 14.57135664491226
0 AURA
1 28376U 04026A   13283.58169789  .00001253  00000-0  27803-3 0  9420
2 28376 098.2073 225.3858 0001712 068.7437 291.4446 14.57136931491370
0 AURA
1 28376U 04026A   13283.71902950 -.00001955  00000-0 -42391-3 0  9419
2 28376 098.2073 225.5205 0001796 046.0540 314.0156 14.57120853491392
0 AURA
1 28376U 04026A   13283.71905345 -.00002281  00000-0  00000+0 0  9431
2 28376 098.2072 225.5185 0001646 059.3106 300.8754 14.57118263491228
0 AURA
1 28376U 04026A   13284.06238756 -.00005107  00000-0 -11245-2 0  9421
2 28376 098.2080 225.8567 0002443 059.8019 300.2269 14.57099196491440
0 AURA
1 28376U 04026A   13284.47443083 -.00006737  00000-0 -14877-2 0  9432
2 28376 098.2076 226.2632 0001771 062.4724 297.6392 14.57086130491506
0 AURA
1 28376U 04026A   13285.64184941 -.00007177  00000-0 -15861-2 0  9441
2 28376 098.2087 227.4122 0002381 052.4229 307.7426 14.57069582491673
0 AURA
1 28376U 04026A   13286.39722828 -.00003456  00000-0 -75789-3 0  9459
2 28376 098.2087 228.1584 0002487 058.3003 301.8961 14.57079185491786
0 AURA
1 28376U 04026A   13286.80924503 -.00001538  00000-0 -33158-3 0  9463
2 28376 098.2102 228.5639 0001417 071.4405 288.7431 14.57085540491847
0 AURA
1 28376U 04026A   13287.49593929  .00000830  00000-0  19425-3 0  9477
2 28376 098.2083 229.2417 0001619 060.8115 299.3335 14.57094558491942
0 AURA
1 28376U 04026A   13288.66333272  .00000729  00000-0  17195-3 0  9480
2 28376 098.2082 230.3924 0001672 061.2712 298.8618 14.57095852492110
0 AURA
1 28376U 04026A   13289.76205546  .00000847  00000-0  19810-3 0  9492
2 28376 098.2075 231.4754 0001555 064.3573 295.7758 14.57098303492276
0 AURA
1 28376U 04026A   13290.92944732  .00000846  00000-0  19780-3 0  9506
2 28376 098.2075 232.6255 0001573 062.0672 298.0672 14.57100573492443
0 AURA
1 28376U 04026A   13291.95949721  .00001029  00000-0  23847-3 0  9517
2 28376 098.2075 233.6404 0001561 063.1762 296.9622 14.57103506492596
0 AURA
1 28376U 04026A   13293.12688400  .00001009  00000-0  23401-3 0  9527
2 28376 098.2077 234.7911 0001427 065.5605 294.5739 14.57105850492762
0 AURA
1 28376U 04026A   13294.29427038  .00000880  00000-0  20534-3 0  9535
2 28376 098.2075 235.9415 0001424 061.8437 298.2910 14.57107691492937
0 AURA
1 28376U 04026A   13295.39298507  .00000754  00000-0  17736-3 0  9545
2 28376 098.2087 237.0245 0001293 071.7707 288.3608 14.57108860493099
