0 PSLV DEB
1 28432U 01049NY  13283.16703594  .00003060  00000-0  63753-3 0  6763
2 28432 097.7146 063.1675 0092199 094.8079 266.3438 14.57970262549070
0 PSLV DEB
1 28432U 01049NY  13284.19648348  .00003137  00000-0  65335-3 0  6776
2 28432 097.7141 064.1210 0092075 091.5295 269.6548 14.57977641549221
0 PSLV DEB
1 28432U 01049NY  13287.14752173  .00003605  00000-0  74978-3 0  6780
2 28432 097.7167 066.8593 0091231 082.9953 278.2474 14.58002461549651
0 PSLV DEB
1 28432U 01049NY  13289.13770795  .00003794  00000-0  78831-3 0  6793
2 28432 097.7172 068.7088 0091336 077.6514 283.5144 14.58018917549945
0 PSLV DEB
1 28432U 01049NY  13290.16710827  .00003807  00000-0  79135-3 0  6803
2 28432 097.7199 069.6636 0090871 075.5181 285.6353 14.58027217550099
0 PSLV DEB
1 28432U 01049NY  13291.19650191  .00003846  00000-0  79913-3 0  6812
2 28432 097.7199 070.6192 0090838 072.2198 288.8917 14.58035543550242
0 PSLV DEB
1 28432U 01049NY  13293.18665230  .00004030  00000-0  83617-3 0  6826
2 28432 097.7191 072.4681 0091309 065.4100 295.6508 14.58052995550532
0 PSLV DEB
1 28432U 01049NY  13294.21603235  .00004020  00000-0  83369-3 0  6832
2 28432 097.7190 073.4242 0091547 062.0779 298.9578 14.58061156550682
0 PSLV DEB
1 28432U 01049NY  13295.17678149  .00003899  00000-0  80764-3 0  6844
2 28432 097.7128 074.3209 0092585 058.3271 302.6623 14.58067876550829
