0 SJ-7
1 28737U 05024A   13282.50355120  .00000327  00000-0  36226-4 0  3668
2 28737 097.6947 298.7596 0034603 126.3307 234.1084 14.93379605453804
0 SJ-7
1 28737U 05024A   13282.83857180  .00000208  00000-0  25005-4 0  3679
2 28737 097.6947 299.0874 0034677 125.2864 235.1577 14.93378831453857
0 SJ-7
1 28737U 05024A   13283.17359229  .00000154  00000-0  19928-4 0  3686
2 28737 097.6945 299.4152 0034694 124.1832 236.2679 14.93378579453900
0 SJ-7
1 28737U 05024A   13283.30760026  .00000132  00000-0  17817-4 0  3694
2 28737 097.6946 299.5465 0034669 123.7743 236.6781 14.93378458453923
0 SJ-7
1 28737U 05024A   13283.64262018  .00000073  00000-0  12284-4 0  3696
2 28737 097.6947 299.8744 0034698 122.7275 237.7285 14.93378117453976
0 SJ-7
1 28737U 05024A   13283.84363225  .00000028  00000-0  80476-5 0  3701
2 28737 097.6947 300.0713 0034708 121.9934 238.4642 14.93377807454007
0 SJ-7
1 28737U 05024A   13284.17865236  .00000014  00000-0  67243-5 0  3710
2 28737 097.6946 300.3991 0034692 120.9270 239.5374 14.93377840454057
0 SJ-7
1 28737U 05024A   13284.51367186  .00000033  00000-0  85353-5 0  3723
2 28737 097.6948 300.7271 0034702 119.8273 240.6416 14.93378096454106
0 SJ-7
1 28737U 05024A   13285.51872941  .00000096  00000-0  14421-4 0  3753
2 28737 097.6949 301.7106 0034751 116.5832 243.8973 14.93379027454258
0 SJ-7
1 28737U 05024A   13285.85374841  .00000125  00000-0  17166-4 0  3769
2 28737 097.6951 302.0385 0034804 115.5303 244.9539 14.93379395454309
0 SJ-7
1 28737U 05024A   13286.18876650  .00000201  00000-0  24396-4 0  3770
2 28737 097.6947 302.3661 0034787 114.4879 245.9984 14.93380245454356
0 SJ-7
1 28737U 05024A   13286.52378499  .00000273  00000-0  31092-4 0  3787
2 28737 097.6948 302.6942 0034905 113.4458 247.0458 14.93381060454407
0 SJ-7
1 28737U 05024A   13286.85880333  .00000330  00000-0  36469-4 0  3796
2 28737 097.6948 303.0221 0034906 112.4087 248.0864 14.93381766454450
0 SJ-7
1 28737U 05024A   13287.19382070  .00000396  00000-0  42733-4 0  3804
2 28737 097.6947 303.3499 0034875 111.3458 249.1496 14.93382661454508
0 SJ-7
1 28737U 05024A   13287.52883869  .00000470  00000-0  49649-4 0  3810
2 28737 097.6950 303.6781 0034929 110.2038 250.2964 14.93383616454550
0 SJ-7
1 28737U 05024A   13287.86385636  .00000513  00000-0  53694-4 0  3820
2 28737 097.6950 304.0058 0034924 109.1885 251.3149 14.93384382454608
0 SJ-7
1 28737U 05024A   13288.19887307  .00000563  00000-0  58441-4 0  3830
2 28737 097.6950 304.3335 0034957 108.1298 252.3731 14.93385260454651
0 SJ-7
1 28737U 05024A   13288.53389039  .00000674  00000-0  68910-4 0  3843
2 28737 097.6951 304.6616 0034989 107.0340 253.4750 14.93386615454702
0 SJ-7
1 28737U 05024A   13288.86890713  .00000735  00000-0  74631-4 0  3851
2 28737 097.6953 304.9893 0034988 105.9132 254.5978 14.93387648454755
0 SJ-7
1 28737U 05024A   13289.20392339  .00000775  00000-0  78381-4 0  3862
2 28737 097.6952 305.3171 0034975 104.7896 255.7215 14.93388573454809
0 SJ-7
1 28737U 05024A   13289.53893963  .00000885  00000-0  88743-4 0  3873
2 28737 097.6955 305.6452 0035098 103.7463 256.7699 14.93390088454859
0 SJ-7
1 28737U 05024A   13289.87395557  .00000930  00000-0  92960-4 0  3884
2 28737 097.6952 305.9728 0035083 102.6904 257.8272 14.93391126454906
0 SJ-7
1 28737U 05024A   13290.20897082  .00000975  00000-0  97260-4 0  3891
2 28737 097.6951 306.3006 0035074 101.5881 258.9291 14.93392250454958
0 SJ-7
1 28737U 05024A   13290.34297703  .00001029  00000-0  10224-3 0  3907
2 28737 097.6953 306.4320 0035167 101.2001 259.3201 14.93392989454971
0 SJ-7
1 28737U 05024A   13290.67799202  .00001082  00000-0  10726-3 0  3911
2 28737 097.6952 306.7596 0035181 100.1794 260.3406 14.93394143455021
0 SJ-7
1 28737U 05024A   13290.87900117  .00001138  00000-0  11251-3 0  3929
2 28737 097.6954 306.9562 0035184 099.6350 260.8892 14.93395130455055
0 SJ-7
1 28737U 05024A   13291.21401496  .00001217  00000-0  12000-3 0  3936
2 28737 097.6952 307.2841 0035139 098.4806 262.0417 14.93396687455101
0 SJ-7
1 28737U 05024A   13291.54902919  .00001298  00000-0  12759-3 0  3949
2 28737 097.6952 307.6123 0035198 097.3993 263.1244 14.93398181455154
0 SJ-7
1 28737U 05024A   13291.88404341  .00001315  00000-0  12916-3 0  3958
2 28737 097.6952 307.9400 0035199 096.3190 264.2044 14.93399198455209
0 SJ-7
1 28737U 05024A   13292.21905747  .00001341  00000-0  13165-3 0  3969
2 28737 097.6950 308.2680 0035226 095.2354 265.2888 14.93400323455257
0 SJ-7
1 28737U 05024A   13292.55407136  .00001388  00000-0  13606-3 0  3977
2 28737 097.6951 308.5960 0035256 094.1481 266.3778 14.93401594455301
0 SJ-7
1 28737U 05024A   13292.88908513  .00001354  00000-0  13287-3 0  3987
2 28737 097.6951 308.9238 0035259 093.0963 267.4271 14.93402148455350
0 SJ-7
1 28737U 05024A   13293.15709646  .00001306  00000-0  12835-3 0  3990
2 28737 097.6951 309.1866 0035331 092.2092 268.3131 14.93402388455390
0 SJ-7
1 28737U 05024A   13293.49211070  .00001311  00000-0  12876-3 0  4000
2 28737 097.6948 309.5140 0035336 091.2435 269.2833 14.93403287455444
0 SJ-7
1 28737U 05024A   13293.82712409  .00001228  00000-0  12102-3 0  4019
2 28737 097.6948 309.8420 0035352 090.1792 270.3428 14.93403394455497
0 SJ-7
1 28737U 05024A   13294.16213866  .00001167  00000-0  11522-3 0  4028
2 28737 097.6946 310.1700 0035378 089.1355 271.3902 14.93403674455547
0 SJ-7
1 28737U 05024A   13294.49715250  .00001091  00000-0  10805-3 0  4038
2 28737 097.6946 310.4978 0035269 087.9112 272.6113 14.93403713455590
0 SJ-7
1 28737U 05024A   13294.83216648  .00000969  00000-0  96596-4 0  4049
2 28737 097.6947 310.8259 0035313 086.8602 273.6601 14.93403390455649
0 SJ-7
1 28737U 05024A   13295.16718111  .00000837  00000-0  84216-4 0  4059
2 28737 097.6943 311.1533 0035318 085.9505 274.5718 14.93402961455698
0 SJ-7
1 28737U 05024A   13295.50219509  .00000765  00000-0  77424-4 0  4068
2 28737 097.6943 311.4812 0035277 084.8221 275.6986 14.93402874455746
0 SJ-7
1 28737U 05024A   13295.83720989  .00000608  00000-0  62596-4 0  4074
2 28737 097.6941 311.8090 0035321 083.8452 276.6750 14.93402026455795
0 SJ-7
1 28737U 05024A   13296.17222430  .00000527  00000-0  55013-4 0  4087
2 28737 097.6938 312.1366 0035316 082.8553 277.6669 14.93401834455848
