0 GALAXY 14
1 28790U 05030A   13283.46611150  .00000000  00000-0  10000-3 0  6064
2 28790 000.0508 050.9505 0003377 104.7304 266.4114 01.00271611 29851
0 GALAXY 14
1 28790U 05030A   13283.60797226  .00000019  00000-0  10000-3 0  6058
2 28790 000.0567 040.0575 0002177 149.0167 284.1926 01.00273141 29857
0 GALAXY 14
1 28790U 05030A   13284.26420270  .00000017  00000-0  10000-3 0  6062
2 28790 000.0489 036.5426 0002212 152.6231 160.9946 01.00273357 29859
0 GALAXY 14
1 28790U 05030A   13286.41547924  .00000012  00000-0  10000-3 0  6084
2 28790 000.0507 047.0756 0002568 139.3027 220.3518 01.00270561 29885
0 GALAXY 14
1 28790U 05030A   13287.60874323  .00000011  00000-0  10000-3 0  6092
2 28790 000.0535 047.2767 0002940 138.6825 291.5188 01.00270692 29891
0 GALAXY 14
1 28790U 05030A   13289.40388253  .00000013  00000-0  10000-3 0  6108
2 28790 000.0568 048.3016 0002846 139.5494 217.6440 01.00271564 29915
0 GALAXY 14
1 28790U 05030A   13290.41221741  .00000014  00000-0  10000-3 0  6111
2 28790 000.0596 049.2804 0003090 138.6620 221.5480 01.00271827 29925
0 GALAXY 14
1 28790U 05030A   13291.48363066  .00000017  00000-0  10000-3 0  6120
2 28790 000.0612 049.4309 0003057 138.7785 248.0456 01.00272108 29933
0 GALAXY 14
1 28790U 05030A   13294.40631148  .00000022  00000-0  10000-3 0  6131
2 28790 000.0636 048.0357 0002797 141.8191 221.4526 01.00273006 29967
0 GALAXY 14
1 28790U 05030A   13295.44322461  .00000023  00000-0  10000-3 0  6143
2 28790 000.0645 048.6136 0002719 141.5942 235.4151 01.00273311 29972
