0 PSLV DEB
1 28853U 01049PF  13283.11839795  .00001759  00000-0  25281-3 0  5999
2 28853 097.7659 252.9358 0039249 273.5165 086.1630 14.77144029517973
0 PSLV DEB
1 28853U 01049PF  13284.13448756  .00001807  00000-0  25950-3 0  6005
2 28853 097.7671 253.9163 0039251 269.9915 089.6916 14.77148498518124
0 PSLV DEB
1 28853U 01049PF  13285.69248626  .00001827  00000-0  26246-3 0  6013
2 28853 097.7680 255.4179 0037836 262.2288 097.4778 14.77154712518358
0 PSLV DEB
1 28853U 01049PF  13287.11500104  .00001918  00000-0  27500-3 0  6020
2 28853 097.7659 256.7816 0038822 258.8120 100.8928 14.77161747518563
0 PSLV DEB
1 28853U 01049PF  13289.14715460  .00002135  00000-0  30494-3 0  6037
2 28853 097.7637 258.7340 0039919 252.7685 106.9711 14.77173619518861
0 PSLV DEB
1 28853U 01049PF  13290.16321631  .00002286  00000-0  32609-3 0  6042
2 28853 097.7648 259.7144 0039370 250.4832 109.2165 14.77179825519018
0 PSLV DEB
1 28853U 01049PF  13291.72118349  .00002393  00000-0  34105-3 0  6058
2 28853 097.7652 261.2156 0038930 243.2432 116.4896 14.77188552519244
0 PSLV DEB
1 28853U 01049PF  13293.14366805  .00002467  00000-0  35120-3 0  6069
2 28853 097.7647 262.5842 0038981 239.5561 120.1905 14.77196689519457
0 PSLV DEB
1 28853U 01049PF  13294.15972307  .00002487  00000-0  35405-3 0  6070
2 28853 097.7647 263.5626 0038864 236.5652 123.1839 14.77202065519608
0 PSLV DEB
1 28853U 01049PF  13296.12408958  .00002543  00000-0  36168-3 0  6086
2 28853 097.7639 265.4509 0039071 229.4941 130.2950 14.77212880519893
