0 SL-18 DEB
1 28963U 93014AQ  13283.73169707  .00016859  00000-0  34722-2 0  7304
2 28963 075.7772 058.4584 0132924 025.8438 334.9788 14.55024119428930
0 SL-18 DEB
1 28963U 93014AQ  13283.73171720  .00008918  00000-0  18556-2 0  7294
2 28963 075.7588 058.4527 0128085 026.9986 333.9023 14.55014683428931
0 SL-18 DEB
1 28963U 93014AQ  13284.07548593  .00009179  00000-0  19238-2 0  7308
2 28963 075.7722 057.8749 0123588 027.6004 333.3283 14.55027575428983
0 SL-18 DEB
1 28963U 93014AQ  13287.03197060  .00010051  00000-0  20985-2 0  7320
2 28963 075.7629 052.8713 0124757 020.7169 340.1089 14.55102211429410
0 SL-18 DEB
1 28963U 93014AQ  13287.71947261  .00010324  00000-0  21381-2 0  7336
2 28963 075.7455 051.7255 0129222 017.9873 342.5799 14.55120222429515
0 SL-18 DEB
1 28963U 93014AQ  13288.68201667  .00010737  00000-0  22050-2 0  7349
2 28963 075.7470 050.0773 0133525 014.1455 346.3968 14.55147656429650
0 SL-18 DEB
1 28963U 93014AQ  13289.02576628  .00011040  00000-0  22711-2 0  7353
2 28963 075.7442 049.4963 0132340 014.6821 345.9194 14.55161643429702
0 SL-18 DEB
1 28963U 93014AQ  13290.67566493  .00018404  00000-0  38178-2 0  7361
2 28963 075.7595 046.6907 0125716 009.0292 351.3587 14.55263096419854
0 SL-18 DEB
1 28963U 93014AQ  13293.01296832  .00013998  00000-0  28973-2 0  7364
2 28963 075.7560 042.7215 0126041 002.1430 358.0254 14.55345386430283
0 SL-18 DEB
1 28963U 93014AQ  13295.62513596  .00014670  00000-0  30276-2 0  7370
2 28963 075.7736 038.2848 0126968 354.8950 004.7494 14.55397837430663
