0 BREEZE-M R/B
1 29254U 06032B   13280.17819833 -.00000001  00000-0  00000+0 0  9213
2 29254 012.2942 168.6926 6053438 195.4185 357.3685 02.06439940 54119
0 BREEZE-M R/B
1 29254U 06032B   13282.59354971 -.00000209  00000-0  00000+0 0  9229
2 29254 012.2933 168.2480 6053573 196.2690 352.4007 02.06441772 54165
0 BREEZE-M R/B
1 29254U 06032B   13285.97599470 -.00000423  00000-0  00000+0 0  9238
2 29254 012.2918 167.6254 6053702 197.4590 346.1741 02.06442855 54232
0 BREEZE-M R/B
1 29254U 06032B   13290.87618043 -.00000107  00000-0  00000+0 0  9241
2 29254 012.2899 166.7271 6053947 199.1770 027.9046 02.06440070 54339
0 BREEZE-M R/B
1 29254U 06032B   13293.71376645  .00000063  00000-0  00000+0 0  9257
2 29254 012.2881 166.2052 6054084 200.1739 336.7286 02.06438939 54397
