0 SL-8 DEB
1 29289U 81120T   13277.88997838  .00000035  00000-0  26278-3 0  3835
2 29289 082.9599 323.3291 0054216 283.8383 196.3522 12.15505018370231
0 SL-8 DEB
1 29289U 81120T   13281.41548734 -.00000035  00000-0 -44967-3 0  3844
2 29289 082.9616 321.3721 0054245 276.4632 143.3310 12.15505737370666
0 SL-8 DEB
1 29289U 81120T   13286.86101109  .00000106  00000-0  98191-3 0  3855
2 29289 082.9582 318.3532 0054384 264.7359 212.2913 12.15504685371324
0 SL-8 DEB
1 29289U 81120T   13289.79728839  .00000106  00000-0  98191-3 0  3866
2 29289 082.9554 316.7196 0055149 262.2194 097.2619 12.15507140371683
0 SL-8 DEB
1 29289U 81120T   13289.82542948 -.00000012  00000-0 -21857-3 0  3879
2 29289 082.9582 316.7094 0054415 258.4273 224.1447 12.15506081371684
