0 SL-12 DEB
1 29416U 89039BU  13282.10014012  .00021011  00000-0  26863-2 0  1530
2 29416 064.1071 314.2604 5561637 357.7736 008.4772 04.73431622113919
0 SL-12 DEB
1 29416U 89039BU  13282.95033838  .00021334  00000-0  27233-2 0  1541
2 29416 064.1071 313.8699 5561466 357.7611 017.4951 04.73477032113958
0 SL-12 DEB
1 29416U 89039BU  13284.00701925  .00023155  00000-0  29446-2 0  1550
2 29416 064.1072 313.3846 5561344 357.7305 018.6385 04.73520285114003
0 SL-12 DEB
1 29416U 89039BU  13286.11308508  .00022455  00000-0  28326-2 0  1585
2 29416 064.1087 312.4167 5560962 357.6770 009.0298 04.73614590114106
0 SL-12 DEB
1 29416U 89039BU  13287.16930638  .00024025  00000-0  30102-2 0  1597
2 29416 064.1080 311.9309 5560845 357.6532 009.9375 04.73657423114159
0 SL-12 DEB
1 29416U 89039BU  13288.22676734  .00027212  00000-0  33834-2 0  1607
2 29416 064.1072 311.4444 5560653 357.6376 013.1316 04.73719721114206
0 SL-12 DEB
1 29416U 89039BU  13289.06824052  .00025767  00000-0  31875-2 0  1615
2 29416 064.1070 311.0572 5560447 357.6170 008.1944 04.73774001114242
0 SL-12 DEB
1 29416U 89039BU  13289.91731309  .00025535  00000-0  31532-2 0  1625
2 29416 064.1070 310.6669 5560274 357.5965 016.3735 04.73807514114282
0 SL-12 DEB
1 29416U 89039BU  13290.97383215  .00025582  00000-0  31513-2 0  1634
2 29416 064.1065 310.1806 5560048 357.5672 018.5482 04.73858093114335
0 SL-12 DEB
1 29416U 89039BU  13291.81684906  .00027482  00000-0  33818-2 0  1641
2 29416 064.1056 309.7917 5559921 357.5310 016.7189 04.73889355114372
0 SL-12 DEB
1 29416U 89039BU  13293.07844545  .00027237  00000-0  33347-2 0  1654
2 29416 064.1079 309.2139 5559724 357.5242 009.1268 04.73959998114435
0 SL-12 DEB
1 29416U 89039BU  13294.13955826  .00026091  00000-0  31782-2 0  1666
2 29416 064.1061 308.7235 5559544 357.5177 019.6915 04.74028596114486
0 SL-12 DEB
1 29416U 89039BU  13294.76859902  .00028579  00000-0  34812-2 0  1674
2 29416 064.1055 308.4331 5559435 357.4814 013.1946 04.74050696114512
0 SL-12 DEB
1 29416U 89039BU  13295.19140203  .00027408  00000-0  33292-2 0  1681
2 29416 064.1054 308.2386 5559360 357.4931 014.7052 04.74082772114533
