0 SL-8 DEB
1 03038U 65020EN  13282.00137712  .00001678  00000-0  56860-3 0  3774
2 03038 056.2023 239.1691 0569912 139.7881 224.6733 13.75706819580854
0 SL-8 DEB
1 03038U 65020EN  13284.18127276  .00002447  00000-0  80385-3 0  3784
2 03038 056.2019 231.7929 0569862 143.4030 220.7318 13.75714062581152
0 SL-8 DEB
1 03038U 65020EN  13286.36115026  .00002290  00000-0  75606-3 0  3793
2 03038 056.2023 224.4163 0569721 147.0192 216.7706 13.75723712581450
0 SL-8 DEB
1 03038U 65020EN  13288.75899173  .00003412  00000-0  10996-2 0  3809
2 03038 056.2028 216.3022 0569523 150.9970 212.3945 13.75740996581782
0 SL-8 DEB
1 03038U 65020EN  13291.15679884  .00003880  00000-0  12430-2 0  3817
2 03038 056.2030 208.1886 0569381 154.9735 208.0027 13.75755614582111
0 SL-8 DEB
1 03038U 65020EN  13293.19127693  .00003925  00000-0  12575-2 0  3820
2 03038 056.2025 201.3045 0569154 158.3468 204.2645 13.75769446582398
0 SL-8 DEB
1 03038U 65020EN  13295.22573068  .00005608  00000-0  17739-2 0  3835
2 03038 056.2018 194.4202 0568915 161.7206 200.5161 13.75784148582678
