0 DELTA 1 DEB
1 03051U 67114C   13280.42883253 -.00000052  00000-0 -41123-4 0  9519
2 03051 101.5066 355.7579 0089240 042.9003 017.4442 12.62141590114832
0 DELTA 1 DEB
1 03051U 67114C   13283.12519749 -.00000053  00000-0 -47228-4 0  9529
2 03051 101.5067 358.4147 0089208 037.5557 028.9479 12.62141596115173
0 DELTA 1 DEB
1 03051U 67114C   13287.66440815 -.00000013  00000-0  17586-3 0  9549
2 03051 101.5064 002.8874 0089172 028.5776 133.7929 12.62141444115740
0 DELTA 1 DEB
1 03051U 67114C   13290.17132549 -.00000011  00000-0  18753-3 0  9557
2 03051 101.5057 005.3577 0089144 023.6155 004.4943 12.62141571116063
0 DELTA 1 DEB
1 03051U 67114C   13293.18346832 -.00000024  00000-0  11137-3 0  9567
2 03051 101.5052 008.3257 0089129 017.6606 010.7866 12.62141925116442
