0 CAPE 1
1 31130U 07012P   13281.48944635  .00000792  00000-0  18690-3 0  8710
2 31130 097.9095 267.4130 0101744 076.1735 285.0759 14.53639823343233
0 CAPE 1
1 31130U 07012P   13282.65961542  .00000804  00000-0  18962-3 0  8723
2 31130 097.9094 268.5185 0101689 072.5751 288.6533 14.53644769343403
0 CAPE 1
1 31130U 07012P   13283.76094792  .00000909  00000-0  21300-3 0  8737
2 31130 097.9094 269.5589 0101643 069.1921 292.0128 14.53647733343563
0 CAPE 1
1 31130U 07012P   13285.89477129  .00000989  00000-0  23085-3 0  8754
2 31130 097.9094 271.5747 0101547 062.6309 298.5178 14.53651316343875
0 CAPE 1
1 31130U 07012P   13286.92726302  .00001149  00000-0  26675-3 0  8767
2 31130 097.9096 272.5501 0101487 059.4483 301.6682 14.53652824344025
0 CAPE 1
1 31130U 07012P   13287.95975333  .00001290  00000-0  29820-3 0  8774
2 31130 097.9098 273.5253 0101416 056.2718 304.8094 14.53657173344170
0 CAPE 1
1 31130U 07012P   13289.40523422  .00001184  00000-0  27454-3 0  8788
2 31130 097.9102 274.8907 0101308 051.8170 309.2099 14.53662333344380
0 CAPE 1
1 31130U 07012P   13290.71304480  .00001367  00000-0  31532-3 0  8791
2 31130 097.9104 276.1262 0101211 047.7768 313.1963 14.53665371344571
0 CAPE 1
1 31130U 07012P   13291.81435598  .00001380  00000-0  31843-3 0  8800
2 31130 097.9106 277.1666 0101134 044.3749 316.5497 14.53667456344731
0 CAPE 1
1 31130U 07012P   13292.91566457  .00001527  00000-0  35111-3 0  8817
2 31130 097.9108 278.2071 0101065 040.9782 319.8954 14.53670024344893
0 CAPE 1
1 31130U 07012P   13293.94813942  .00001475  00000-0  33957-3 0  8824
2 31130 097.9109 279.1826 0100982 037.7847 323.0385 14.53673741345047
0 CAPE 1
1 31130U 07012P   13295.18710529  .00001632  00000-0  37460-3 0  8838
2 31130 097.9110 280.3534 0100900 033.9617 326.7985 14.53677428345224
