0 NIMBUS 2 DEB
1 31142U 66040AQ  13281.17809885  .00000800  00000-0  15770-2 0  9055
2 31142 100.5845 005.6372 0058115 015.5360 013.3901 13.38605173320806
0 NIMBUS 2 DEB
1 31142U 66040AQ  13282.76716370  .00000843  00000-0  16567-2 0  9060
2 31142 100.5847 007.2908 0058094 011.3975 111.4620 13.38610226321010
0 NIMBUS 2 DEB
1 31142U 66040AQ  13283.81282654  .00000911  00000-0  17835-2 0  9076
2 31142 100.5848 008.3788 0058102 008.6705 110.7695 13.38612727321156
0 NIMBUS 2 DEB
1 31142U 66040AQ  13285.14670123  .00000896  00000-0  17554-2 0  9087
2 31142 100.5849 009.7669 0058138 005.2435 059.0042 13.38614322321336
0 NIMBUS 2 DEB
1 31142U 66040AQ  13286.18338346  .00000966  00000-0  18855-2 0  9094
2 31142 100.5850 010.8454 0058151 002.5492 015.0433 13.38617344321479
0 NIMBUS 2 DEB
1 31142U 66040AQ  13287.84892483  .00001149  00000-0  22249-2 0  9103
2 31142 100.5849 012.5785 0058223 358.1893 121.7643 13.38620753321698
0 NIMBUS 2 DEB
1 31142U 66040AQ  13289.18440664  .00001195  00000-0  23111-2 0  9113
2 31142 100.5847 013.9681 0058323 354.7708 077.7742 13.38624905321877
0 NIMBUS 2 DEB
1 31142U 66040AQ  13290.76491884  .00001250  00000-0  24123-2 0  9126
2 31142 100.5845 015.6128 0058445 350.7458 134.6483 13.38629126322082
0 NIMBUS 2 DEB
1 31142U 66040AQ  13292.17202906  .00001290  00000-0  24864-2 0  9135
2 31142 100.5842 017.0771 0058623 347.0341 076.0068 13.38632076322274
0 NIMBUS 2 DEB
1 31142U 66040AQ  13293.21059917  .00001413  00000-0  27155-2 0  9147
2 31142 100.5840 018.1579 0058762 344.3607 041.1867 13.38635737322412
0 NIMBUS 2 DEB
1 31142U 66040AQ  13294.73462285  .00001452  00000-0  27867-2 0  9155
2 31142 100.5840 019.7439 0058975 340.4539 185.9127 13.38640288322616
