0 SL-24 DEB
1 31791U 07028C   13282.50627265 -.00000101  00000-0  28369-5 0   466
2 31791 064.5271 031.2122 0850622 345.8948 111.7351 13.24573079303964
0 SL-24 DEB
1 31791U 07028C   13283.69334041  .00000001  00000-0  32902-6 0   472
2 31791 064.5263 028.3519 0849899 345.6289 012.2303 13.24570834304129
0 SL-24 DEB
1 31791U 07028C   13286.81579429  .00000150  00000-0  78375-4 0   488
2 31791 064.5273 020.8108 0850926 344.9872 141.5136 13.24571519304530
0 SL-24 DEB
1 31791U 07028C   13288.92807957  .00000138  00000-0  74774-4 0   498
2 31791 064.5271 015.7125 0851088 344.5391 133.8535 13.24573353304818
0 SL-24 DEB
1 31791U 07028C   13290.56374049  .00000260  00000-0  77897-4 0   510
2 31791 064.5269 011.7690 0850808 344.1722 013.4574 13.24573354305033
0 SL-24 DEB
1 31791U 07028C   13291.40398566 -.00000010  00000-0  30227-4 0   503
2 31791 064.5266 009.7362 0851232 344.0166 060.1101 13.24575371305144
0 SL-24 DEB
1 31791U 07028C   13293.45560575  .00000122  00000-0  69594-4 0   514
2 31791 064.5264 004.7840 0851390 343.5823 123.1991 13.24574937305411
0 SL-24 DEB
1 31791U 07028C   13295.80188385  .00000242  00000-0  10558-3 0   529
2 31791 064.5263 359.1206 0851556 343.0877 151.3543 13.24575142305720
