0 BREEZE-M DEB
1 32491U 06006AE  13275.65089742  .00340693  00000-0  28124-1 0  9599
2 32491 051.4670 003.2357 3353213 181.4834 341.6960 08.60756034135426
0 BREEZE-M DEB
1 32491U 06006AE  13276.69807043  .00274829  00000-0  22341-1 0  9600
2 32491 051.4779 001.5458 3350655 182.8041 348.1334 08.61453948135517
0 BREEZE-M DEB
1 32491U 06006AE  13277.62416094  .00248767  00000-0  20541-1 0  9619
2 32491 051.4706 000.0660 3347454 183.8770 340.9351 08.61876869135597
0 BREEZE-M DEB
1 32491U 06006AE  13278.66949522  .00233036  00000-0  19208-1 0  9623
2 32491 051.4962 358.3740 3345418 185.1721 345.2230 08.62290175135683
0 BREEZE-M DEB
1 32491U 06006AE  13279.59443825  .00235820  00000-0  19028-1 0  9635
2 32491 051.4878 356.8899 3344906 186.3563 337.1825 08.62648590135762
0 BREEZE-M DEB
1 32491U 06006AE  13280.58231458  .00204849  00000-0  16549-1 0  9657
2 32491 051.5030 355.3188 3342509 187.5522 165.9242 08.63099521135847
0 BREEZE-M DEB
1 32491U 06006AE  13280.63895431  .00228498  00000-0  18673-1 0  9645
2 32491 051.4760 355.2190 3341664 187.5913 341.9443 08.63108836135853
0 BREEZE-M DEB
1 32491U 06006AE  13289.47837738  .00268901  00000-0  22324-1 0  9665
2 32491 051.3878 341.0511 3315879 198.3218 162.5663 08.67784631136612
0 BREEZE-M DEB
1 32491U 06006AE  13289.53359837  .00283586  00000-0  22178-1 0  9675
2 32491 051.4652 340.8487 3320039 198.5031 335.0994 08.67731459136615
