0 DIRECTV 11
1 32729U 08013A   13283.37769992 -.00000142  00000-0  00000+0 0  1926
2 32729 000.0339 010.3826 0000075 297.0083 108.5081 01.00271333 20488
0 DIRECTV 11
1 32729U 08013A   13284.45613957 -.00000146  00000-0  00000+0 0  1930
2 32729 000.0345 010.4443 0000072 300.7977 133.9558 01.00271257 20499
0 DIRECTV 11
1 32729U 08013A   13287.45815753 -.00000151  00000-0  00000+0 0  1948
2 32729 000.0362 010.5909 0000066 308.0639 130.2204 01.00271050 20528
0 DIRECTV 11
1 32729U 08013A   13290.35103553 -.00000148  00000-0  00000+0 0  1956
2 32729 000.0208 093.5691 0000051 309.3773 010.2197 01.00271963 20557
0 DIRECTV 11
1 32729U 08013A   13290.39300374  .00000000  00000-0  10000-3 0  1951
2 32729 000.0471 052.9769 0001024 185.0427 190.2829 01.00267686 20558
0 DIRECTV 11
1 32729U 08013A   13291.35389517 -.00000146  00000-0  00000+0 0  1962
2 32729 000.0227 093.1727 0000176 279.3267 042.6852 01.00272053 20565
0 DIRECTV 11
1 32729U 08013A   13292.41759293 -.00000144  00000-0  00000+0 0  1971
2 32729 000.0246 091.4821 0000135 281.4423 066.2416 01.00272058 20579
0 DIRECTV 11
1 32729U 08013A   13293.49164345 -.00000142  00000-0  00000+0 0  1987
2 32729 000.0271 090.2695 0000225 282.2084 094.4050 01.00272017 20588
0 DIRECTV 11
1 32729U 08013A   13294.43926356 -.00000140  00000-0  00000+0 0  1999
2 32729 000.0291 087.8968 0000235 090.4253 270.6454 01.00272089 20599
0 DIRECTV 11
1 32729U 08013A   13296.17400707 -.00000137  00000-0  00000+0 0  2008
2 32729 000.0350 086.0286 0000354 107.9832 161.1778 01.00272101 20608
