0 OPS 9343 (IDSCS 22)
1 03286U 68050C   13277.29283869 -.00000074  00000-0  10000-3 0   352
2 03286 001.8363 311.3721 0022380 155.7316 203.7103 01.07757189 89876
0 OPS 9343 (IDSCS 22)
1 03286U 68050C   13278.22087417 -.00000101  00000-0  10000-3 0   369
2 03286 001.8375 311.3718 0022425 154.8653 204.6008 01.07757751 89889
0 OPS 9343 (IDSCS 22)
1 03286U 68050C   13280.07712519 -.00000122  00000-0  10000-3 0   377
2 03286 001.8304 311.5542 0022430 154.5067 204.8892 01.07758124 89901
0 OPS 9343 (IDSCS 22)
1 03286U 68050C   13283.78939914 -.00000080  00000-0  10000-3 0   382
2 03286 001.8277 311.5389 0022268 154.8476 204.6865 01.07757127 89949
0 OPS 9343 (IDSCS 22)
1 03286U 68050C   13288.42908876 -.00000096  00000-0  10000-3 0   399
2 03286 001.8239 311.6121 0022176 154.7672 204.6005 01.07757184 89991
0 OPS 9343 (IDSCS 22)
1 03286U 68050C   13291.21304952 -.00000103  00000-0  10000-3 0   406
2 03286 001.8249 311.6643 0022058 154.6913 204.6197 01.07757515 90023
