0 SATCOM 3 DEB
1 32992U 79101T   13266.04154055 -.00000161  00000-0  00000+0 0  2277
2 32992 012.7643 303.5000 4601166 039.1854 346.4272 01.78216918 39840
0 SATCOM 3 DEB
1 32992U 79101T   13276.70220446  .00000000  00000-0  10000-3 0  2286
2 32992 012.7423 302.5389 4581338 040.5422 346.0258 01.78212769 40044
0 SATCOM 3 DEB
1 32992U 79101T   13276.71016545 -.00000122  00000-0  00000+0 0  2281
2 32992 012.7106 302.5883 4593249 040.5057 351.2053 01.78214176 40033
0 SATCOM 3 DEB
1 32992U 79101T   13277.27893752 -.00000118  00000-0  00000+0 0  2292
2 32992 012.7105 302.5483 4592942 040.5914 356.1062 01.78214563 40044
