0 SKYNET 5C
1 33055U 08030A   13282.30130050 -.00000152  00000-0  10000-3 0  8650
2 33055 000.0702 355.8321 0003550 193.4724 279.4595 01.00272492 19566
0 SKYNET 5C
1 33055U 08030A   13283.79524940 -.00000157  00000-0  10000-3 0  8665
2 33055 000.0703 355.9646 0003594 193.3571 098.7355 01.00272029 19578
0 SKYNET 5C
1 33055U 08030A   13287.20751722 -.00000165  00000-0  10000-3 0  8675
2 33055 000.0703 355.8806 0003664 193.4341 250.5145 01.00271378 19615
0 SKYNET 5C
1 33055U 08030A   13290.92729365 -.00000161  00000-0  10000-3 0  8683
2 33055 000.0750 340.3205 0004601 220.6843 141.5891 01.00270130 19646
0 SKYNET 5C
1 33055U 08030A   13294.37016419 -.00000153  00000-0  10000-3 0  8697
2 33055 000.0727 342.2459 0004406 229.4850 293.7225 01.00274059 19689
0 SKYNET 5C
1 33055U 08030A   13295.24838355 -.00000152  00000-0  10000-3 0  8706
2 33055 000.0721 342.9012 0004747 226.9221 252.6655 01.00274009 19694
