0 RAPIDEYE 1
1 33314U 08040C   13282.17197038  .00000432  00000-0  63839-4 0  7055
2 33314 097.9009 009.6806 0026151 059.4223 300.9565 14.79938929276137
0 RAPIDEYE 1
1 33314U 08040C   13282.51002742  .00000420  00000-0  62271-4 0  7067
2 33314 097.9008 010.0131 0026105 058.3366 302.0390 14.79939174276185
0 RAPIDEYE 1
1 33314U 08040C   13282.84808420  .00000424  00000-0  62745-4 0  7071
2 33314 097.9009 010.3458 0026094 057.2716 303.1005 14.79939540276233
0 RAPIDEYE 1
1 33314U 08040C   13283.18614139  .00000410  00000-0  60996-4 0  7083
2 33314 097.9008 010.6782 0026092 056.1634 304.2070 14.79939770276284
0 RAPIDEYE 1
1 33314U 08040C   13283.32136385  .00000403  00000-0  59987-4 0  7092
2 33314 097.9008 010.8113 0026082 055.7292 304.6378 14.79939811276302
0 RAPIDEYE 1
1 33314U 08040C   13283.59180930  .00000409  00000-0  60811-4 0  7090
2 33314 097.9008 011.0772 0026070 054.8734 305.4920 14.79940138276344
0 RAPIDEYE 1
1 33314U 08040C   13283.79464325  .00000407  00000-0  60561-4 0  7107
2 33314 097.9008 011.2767 0026059 054.2780 306.0849 14.79940290276371
0 RAPIDEYE 1
1 33314U 08040C   13284.20031144  .00000418  00000-0  62027-4 0  7115
2 33314 097.9005 011.6756 0026015 052.9688 307.3932 14.79940832276430
0 RAPIDEYE 1
1 33314U 08040C   13284.47075595  .00000428  00000-0  63297-4 0  7124
2 33314 097.9006 011.9418 0026014 052.1366 308.2201 14.79941202276478
0 RAPIDEYE 1
1 33314U 08040C   13285.48492331  .00000508  00000-0  73844-4 0  7158
2 33314 097.9007 012.9400 0025954 049.0989 311.2475 14.79943083276622
0 RAPIDEYE 1
1 33314U 08040C   13285.82297873  .00000547  00000-0  78962-4 0  7160
2 33314 097.9008 013.2725 0025943 048.0251 312.3168 14.79943805276674
0 RAPIDEYE 1
1 33314U 08040C   13286.16103427  .00000561  00000-0  80777-4 0  7173
2 33314 097.9007 013.6051 0025918 046.9681 313.3707 14.79944377276726
0 RAPIDEYE 1
1 33314U 08040C   13286.49908952  .00000578  00000-0  83020-4 0  7188
2 33314 097.9007 013.9379 0025911 045.9703 314.3645 14.79944973276778
0 RAPIDEYE 1
1 33314U 08040C   13286.83714465  .00000612  00000-0  87523-4 0  7192
2 33314 097.9007 014.2704 0025915 044.8763 315.4543 14.79945691276825
0 RAPIDEYE 1
1 33314U 08040C   13287.17520018  .00000593  00000-0  85000-4 0  7207
2 33314 097.9005 014.6029 0025882 043.8513 316.4754 14.79945944276873
0 RAPIDEYE 1
1 33314U 08040C   13287.51325528  .00000592  00000-0  84896-4 0  7216
2 33314 097.9005 014.9356 0025879 042.7763 317.5457 14.79946371276923
0 RAPIDEYE 1
1 33314U 08040C   13287.85131016  .00000619  00000-0  88438-4 0  7227
2 33314 097.9005 015.2680 0025873 041.6738 318.6443 14.79947046276973
0 RAPIDEYE 1
1 33314U 08040C   13288.18936568  .00000595  00000-0  85356-4 0  7239
2 33314 097.9003 015.6004 0025842 040.7136 319.6014 14.79947226277025
0 RAPIDEYE 1
1 33314U 08040C   13288.52742033  .00000591  00000-0  84798-4 0  7245
2 33314 097.9003 015.9329 0025834 039.6584 320.6509 14.79947622277079
0 RAPIDEYE 1
1 33314U 08040C   13288.79786409  .00000614  00000-0  87763-4 0  7251
2 33314 097.9002 016.1987 0025811 038.7972 321.5095 14.79948167277117
0 RAPIDEYE 1
1 33314U 08040C   13289.20352987  .00000610  00000-0  87259-4 0  7265
2 33314 097.9000 016.5978 0025767 037.6644 322.6383 14.79948649277176
0 RAPIDEYE 1
1 33314U 08040C   13289.47397314  .00000607  00000-0  86853-4 0  7273
2 33314 097.8999 016.8636 0025751 036.7312 323.5660 14.79949001277217
0 RAPIDEYE 1
1 33314U 08040C   13289.81202725  .00000625  00000-0  89222-4 0  7286
2 33314 097.9000 017.1965 0025741 035.7168 324.5754 14.79949597277267
0 RAPIDEYE 1
1 33314U 08040C   13290.15008173  .00000620  00000-0  88620-4 0  7293
2 33314 097.8998 017.5290 0025715 034.7103 325.5791 14.79950053277313
0 RAPIDEYE 1
1 33314U 08040C   13290.35291404  .00000626  00000-0  89369-4 0  7305
2 33314 097.8998 017.7284 0025677 034.1195 326.1677 14.79950425277346
0 RAPIDEYE 1
1 33314U 08040C   13290.62335679  .00000648  00000-0  92262-4 0  7319
2 33314 097.9001 017.9950 0025681 033.3891 326.8937 14.79951003277386
0 RAPIDEYE 1
1 33314U 08040C   13290.82618911  .00000642  00000-0  91505-4 0  7328
2 33314 097.9001 018.1946 0025652 032.7384 327.5413 14.79951245277411
0 RAPIDEYE 1
1 33314U 08040C   13291.16424304  .00000642  00000-0  91454-4 0  7331
2 33314 097.9003 018.5272 0025625 031.6703 328.6057 14.79951738277460
0 RAPIDEYE 1
1 33314U 08040C   13291.50229643  .00000647  00000-0  92179-4 0  7349
2 33314 097.9004 018.8600 0025604 030.5882 329.6826 14.79952311277511
0 RAPIDEYE 1
1 33314U 08040C   13291.84034976  .00000663  00000-0  94206-4 0  7351
2 33314 097.9005 019.1927 0025592 029.5084 330.7569 14.79952914277567
0 RAPIDEYE 1
1 33314U 08040C   13292.17840345  .00000656  00000-0  93330-4 0  7363
2 33314 097.9006 019.5254 0025577 028.4456 331.8155 14.79953321277611
0 RAPIDEYE 1
1 33314U 08040C   13292.44884603  .00000641  00000-0  91351-4 0  7374
2 33314 097.9007 019.7914 0025542 027.5771 332.6788 14.79953568277657
0 RAPIDEYE 1
1 33314U 08040C   13292.85450982  .00000655  00000-0  93141-4 0  7383
2 33314 097.9008 020.1907 0025542 026.3174 333.9329 14.79954261277713
0 RAPIDEYE 1
1 33314U 08040C   13293.19256316  .00000661  00000-0  93969-4 0  7392
2 33314 097.9007 020.5236 0025499 025.3170 334.9303 14.79954795277767
0 RAPIDEYE 1
1 33314U 08040C   13293.46300525  .00000657  00000-0  93525-4 0  7409
2 33314 097.9008 020.7897 0025484 024.4651 335.7765 14.79955154277807
0 RAPIDEYE 1
1 33314U 08040C   13293.80105778  .00000682  00000-0  96763-4 0  7416
2 33314 097.9009 021.1221 0025484 023.3809 336.8539 14.79955800277851
0 RAPIDEYE 1
1 33314U 08040C   13294.13911103  .00000682  00000-0  96785-4 0  7425
2 33314 097.9008 021.4548 0025439 022.3250 337.9071 14.79956272277907
0 RAPIDEYE 1
1 33314U 08040C   13294.47716333  .00000697  00000-0  98679-4 0  7431
2 33314 097.9008 021.7874 0025431 021.2520 338.9747 14.79956941277951
0 RAPIDEYE 1
1 33314U 08040C   13294.81521552  .00000716  00000-0  10129-3 0  7442
2 33314 097.9008 022.1200 0025459 020.1708 340.0500 14.79957613278000
0 RAPIDEYE 1
1 33314U 08040C   13295.15326800  .00000713  00000-0  10086-3 0  7459
2 33314 097.9007 022.4525 0025410 019.1144 341.1024 14.79958123278056
0 RAPIDEYE 1
1 33314U 08040C   13295.49131983  .00000720  00000-0  10173-3 0  7468
2 33314 097.9006 022.7853 0025396 018.0103 342.2006 14.79958742278103
0 RAPIDEYE 1
1 33314U 08040C   13295.82937178  .00000713  00000-0  10080-3 0  7475
2 33314 097.9008 023.1180 0025369 016.9855 343.2190 14.79959171278151
0 RAPIDEYE 1
1 33314U 08040C   13296.16742398  .00000694  00000-0  98395-4 0  7486
2 33314 097.9007 023.4505 0025295 015.9680 344.2325 14.79959535278208
