0 BREEZE-M R/B
1 33455U 08063C   13283.82177166  .00000049  00000-0  00000+0 0  6867
2 33455 019.2675 049.0052 5598449 085.2426 333.2339 01.97938346 34949
0 BREEZE-M R/B
1 33455U 08063C   13286.32923707  .00000148  00000-0  00000+0 0  6876
2 33455 019.2690 048.6515 5597652 085.8835 319.9408 01.97939049 34994
0 BREEZE-M R/B
1 33455U 08063C   13287.85659081  .00000190  00000-0  00000+0 0  6884
2 33455 019.2700 048.4465 5597512 086.2579 328.2870 01.97939644 35025
0 BREEZE-M R/B
1 33455U 08063C   13290.41734453  .00000191  00000-0  00000+0 0  6899
2 33455 019.2717 048.1048 5597612 086.8819 353.0195 01.97940903 35072
0 BREEZE-M R/B
1 33455U 08063C   13292.91095057  .00000122  00000-0  00000+0 0  6902
2 33455 019.2733 047.7727 5597648 087.4894 329.9195 01.97942230 35121
0 BREEZE-M R/B
1 33455U 08063C   13295.47808285  .00000035  00000-0  00000+0 0  6915
2 33455 019.2748 047.4311 5597714 088.1141 359.2288 01.97943602 35178
