0 COSMOS 2251 DEB
1 33791U 93036AG  13281.12522113  .00000630  00000-0  24965-3 0  8386
2 33791 074.1790 195.8265 0036030 196.8373 228.8161 14.30494401242611
0 COSMOS 2251 DEB
1 33791U 93036AG  13283.44404054  .00000555  00000-0  22109-3 0  8391
2 33791 074.1789 191.6444 0035931 191.9160 290.3260 14.30499050242946
0 COSMOS 2251 DEB
1 33791U 93036AG  13285.74036660  .00000555  00000-0  22112-3 0  8406
2 33791 074.1787 187.5029 0035843 186.9620 236.1114 14.30500546243270
0 COSMOS 2251 DEB
1 33791U 93036AG  13287.83874731  .00000652  00000-0  25816-3 0  8410
2 33791 074.1784 183.7186 0035774 182.5197 242.4322 14.30503298243574
0 COSMOS 2251 DEB
1 33791U 93036AG  13290.01384267  .00000579  00000-0  23005-3 0  8421
2 33791 074.1780 179.7961 0035684 177.8770 283.8835 14.30505906243880
0 COSMOS 2251 DEB
1 33791U 93036AG  13292.12348168  .00000515  00000-0  20580-3 0  8431
2 33791 074.1777 175.9912 0035606 173.2697 348.3633 14.30507918244184
0 COSMOS 2251 DEB
1 33791U 93036AG  13294.15228285  .00000471  00000-0  18899-3 0  8445
2 33791 074.1776 172.3321 0035529 168.8922 356.4979 14.30510036244473
