0 IRIDIUM 33 DEB
1 34101U 97051DL  13281.68299134  .00004590  00000-0  21332-2 0  2486
2 34101 086.3946 161.2657 0146904 183.6502 230.5818 14.14905147238943
0 IRIDIUM 33 DEB
1 34101U 97051DL  13283.11233353  .00006099  00000-0  28351-2 0  2492
2 34101 086.3950 160.6863 0147034 179.0865 311.2560 14.14924893239149
0 IRIDIUM 33 DEB
1 34101U 97051DL  13286.15157167  .00005185  00000-0  24064-2 0  2512
2 34101 086.3953 159.4546 0147385 169.3738 312.5750 14.14955040239576
0 IRIDIUM 33 DEB
1 34101U 97051DL  13287.41140657  .00005591  00000-0  25943-2 0  2527
2 34101 086.3952 158.9443 0147541 165.3712 250.0152 14.14964367239751
0 IRIDIUM 33 DEB
1 34101U 97051DL  13288.41474660  .00007930  00000-0  36807-2 0  2533
2 34101 086.3949 158.5376 0147639 162.2038 320.9254 14.14979573239893
0 IRIDIUM 33 DEB
1 34101U 97051DL  13289.67594153  .00007183  00000-0  33318-2 0  2547
2 34101 086.3943 158.0262 0147762 158.2352 265.3763 14.14995236240070
0 IRIDIUM 33 DEB
1 34101U 97051DL  13291.10152490  .00006743  00000-0  31258-2 0  2555
2 34101 086.3939 157.4483 0147868 153.7686 327.2731 14.15011192240276
0 IRIDIUM 33 DEB
1 34101U 97051DL  13292.16381946  .00006325  00000-0  29306-2 0  2560
2 34101 086.3935 157.0178 0147942 150.4500 338.6290 14.15023353240426
0 IRIDIUM 33 DEB
1 34101U 97051DL  13293.35146809  .00007015  00000-0  32493-2 0  2578
2 34101 086.3933 156.5364 0148041 146.7198 268.6209 14.15036163240590
0 IRIDIUM 33 DEB
1 34101U 97051DL  13294.42424922  .00007747  00000-0  35877-2 0  2584
2 34101 086.3932 156.1015 0148157 143.3387 333.5283 14.15047704240743
0 IRIDIUM 33 DEB
1 34101U 97051DL  13295.61399087  .00007676  00000-0  35531-2 0  2598
2 34101 086.3933 155.6190 0148308 139.5726 274.3188 14.15063810240915
