0 BREEZE-M DEB
1 34225U 06006AQ  13283.02473831  .00040296  00000-0  19030+0 0  4373
2 34225 053.2269 170.7880 3487930 063.6838 020.9370 07.56690816158951
0 BREEZE-M DEB
1 34225U 06006AQ  13286.07212494  .00030474  00000-0  14253+0 0  4398
2 34225 053.2271 167.2426 3488678 066.0374 043.2795 07.56878768159182
0 BREEZE-M DEB
1 34225U 06006AQ  13286.71166193  .00030096  00000-0  14034+0 0  4402
2 34225 053.2281 166.4958 3489013 066.5297 345.9075 07.56911690159238
0 BREEZE-M DEB
1 34225U 06006AQ  13288.05229436  .00049340  00000-0  22862+0 0  4412
2 34225 053.2268 164.9401 3489192 067.5547 039.1968 07.57010726159331
0 BREEZE-M DEB
1 34225U 06006AQ  13288.97015394  .00041735  00000-0  19281+0 0  4421
2 34225 053.2254 163.8734 3489399 068.2673 020.7123 07.57082691159407
0 BREEZE-M DEB
1 34225U 06006AQ  13289.89189336  .00038797  00000-0  17879+0 0  4437
2 34225 053.2244 162.7995 3489531 068.9810 013.0268 07.57141372159475
0 BREEZE-M DEB
1 34225U 06006AQ  13291.09183681  .00037278  00000-0  17106+0 0  4446
2 34225 053.2246 161.4043 3489737 069.9089 043.9187 07.57234742159560
0 BREEZE-M DEB
1 34225U 06006AQ  13291.87223226  .00032675  00000-0  14936+0 0  4457
2 34225 053.2232 160.4910 3490222 070.5164 011.3650 07.57281019159620
0 BREEZE-M DEB
1 34225U 06006AQ  13293.07212293  .00033567  00000-0  15291+0 0  4460
2 34225 053.2205 159.0963 3490371 071.4373 042.6948 07.57352823159718
0 BREEZE-M DEB
1 34225U 06006AQ  13295.83180487  .00040582  00000-0  18314+0 0  4470
2 34225 053.2195 155.8757 3490870 073.5743 007.7757 07.57519617159928
