0 COSMOS 2251 DEB
1 34271U 93036LR  13282.39738576  .00002356  00000-0  87925-3 0  8126
2 34271 074.0376 168.8153 0043049 231.4298 244.2954 14.31962976241260
0 COSMOS 2251 DEB
1 34271U 93036LR  13287.08564627  .00002475  00000-0  92284-3 0  8149
2 34271 074.0379 160.2658 0042655 221.5296 292.9297 14.31978436241931
0 COSMOS 2251 DEB
1 34271U 93036LR  13289.11204156  .00003118  00000-0  11599-2 0  8158
2 34271 074.0374 156.5706 0042513 217.2761 299.3603 14.31990497242226
0 COSMOS 2251 DEB
1 34271U 93036LR  13292.04751331  .00002581  00000-0  96153-3 0  8160
2 34271 074.0366 151.2168 0042320 211.0272 312.4623 14.32003991242646
0 COSMOS 2251 DEB
1 34271U 93036LR  13295.05014362  .00003190  00000-0  11860-2 0  8179
2 34271 074.0368 145.7405 0042138 204.6560 311.9114 14.32014887243078
