0 COSMOS 2251 DEB
1 34319U 93036NR  13281.70660319  .00003274  00000-0  10587-2 0  9773
2 34319 074.0405 146.7157 0034505 224.9225 200.3714 14.39134496243141
0 COSMOS 2251 DEB
1 34319U 93036NR  13283.31597459  .00004243  00000-0  13689-2 0  9780
2 34319 074.0409 143.7471 0034396 221.4671 258.4773 14.39152376243377
0 COSMOS 2251 DEB
1 34319U 93036NR  13285.74059962  .00003972  00000-0  12815-2 0  9790
2 34319 074.0413 139.2752 0034304 216.2279 220.5683 14.39167309243720
0 COSMOS 2251 DEB
1 34319U 93036NR  13288.05075074  .00005975  00000-0  19223-2 0  9806
2 34319 074.0403 135.0135 0034170 211.3078 309.6351 14.39185465244053
0 COSMOS 2251 DEB
1 34319U 93036NR  13290.96162225  .00005296  00000-0  17042-2 0  9818
2 34319 074.0393 129.6431 0034007 205.1721 271.2922 14.39216227244479
0 COSMOS 2251 DEB
1 34319U 93036NR  13292.98478514  .00005672  00000-0  18237-2 0  9829
2 34319 074.0393 125.9102 0033917 200.9968 313.6895 14.39235291244762
0 COSMOS 2251 DEB
1 34319U 93036NR  13294.99533588  .00007075  00000-0  22714-2 0  9830
2 34319 074.0398 122.2005 0033823 196.7723 290.9604 14.39255015245050
