0 COSMOS 2251 DEB
1 34343U 93036PR  13281.31481605  .00001539  00000-0  50584-3 0  8623
2 34343 074.0312 133.5243 0033998 071.7353 041.5939 14.38785640243843
0 COSMOS 2251 DEB
1 34343U 93036PR  13283.52087634  .00001753  00000-0  57479-3 0  8631
2 34343 074.0309 129.4550 0034087 067.0973 308.2326 14.38799525244166
0 COSMOS 2251 DEB
1 34343U 93036PR  13285.68658993  .00001816  00000-0  59494-3 0  8642
2 34343 074.0307 125.4598 0034149 062.4764 006.0408 14.38805374244476
0 COSMOS 2251 DEB
1 34343U 93036PR  13287.78409267  .00002274  00000-0  74289-3 0  8652
2 34343 074.0307 121.5904 0034171 057.9574 070.6312 14.38814938244777
0 COSMOS 2251 DEB
1 34343U 93036PR  13289.93643303  .00002841  00000-0  92556-3 0  8660
2 34343 074.0309 117.6215 0034170 053.4940 059.1894 14.38823709245085
0 COSMOS 2251 DEB
1 34343U 93036PR  13291.96027273  .00002573  00000-0  83902-3 0  8676
2 34343 074.0312 113.8878 0034199 049.1876 102.3265 14.38832920245373
0 COSMOS 2251 DEB
1 34343U 93036PR  13293.97909627  .00003069  00000-0  99880-3 0  8685
2 34343 074.0318 110.1634 0034214 044.7790 119.6612 14.38841440245669
