0 IRIDIUM 33 DEB
1 34534U 97051JB  13281.49976185  .00018986  00000-0  27817-2 0  9286
2 34534 086.2884 086.0983 0047011 337.4187 081.0716 14.74744495245808
0 IRIDIUM 33 DEB
1 34534U 97051JB  13282.17719620  .00043922  00000-0  64106-2 0  9292
2 34534 086.2882 085.7870 0047019 335.0714 077.6634 14.74792216245900
0 IRIDIUM 33 DEB
1 34534U 97051JB  13282.93707796  .00032207  00000-0  47026-2 0  9305
2 34534 086.2886 085.4381 0046901 332.3502 152.2212 14.74841032246018
0 IRIDIUM 33 DEB
1 34534U 97051JB  13287.19794862  .00029418  00000-0  42761-2 0  9321
2 34534 086.2870 083.4787 0046901 317.0587 097.1441 14.75046873246643
0 IRIDIUM 33 DEB
1 34534U 97051JB  13287.95780748  .00051542  00000-0  74623-2 0  9339
2 34534 086.2870 083.1293 0046924 314.4237 172.1936 14.75098734246758
0 IRIDIUM 33 DEB
1 34534U 97051JB  13288.90754546  .00042744  00000-0  61846-2 0  9340
2 34534 086.2871 082.6928 0046978 311.0470 175.8720 14.75172676246893
0 IRIDIUM 33 DEB
1 34534U 97051JB  13289.92497861  .00038766  00000-0  56037-2 0  9353
2 34534 086.2869 082.2249 0046928 307.4430 179.2763 14.75236288247045
0 IRIDIUM 33 DEB
1 34534U 97051JB  13291.40554684  .00038174  00000-0  55056-2 0  9360
2 34534 086.2875 081.5443 0046973 302.2022 122.7449 14.75335058247263
0 IRIDIUM 33 DEB
1 34534U 97051JB  13293.43792523  .00041485  00000-0  59604-2 0  9374
2 34534 086.2880 080.6095 0047020 295.1494 117.6678 14.75478441247563
0 IRIDIUM 33 DEB
1 34534U 97051JB  13294.38849311  .00045750  00000-0  65605-2 0  9385
2 34534 086.2881 080.1719 0047086 291.8164 126.9704 14.75535415247705
0 IRIDIUM 33 DEB
1 34534U 97051JB  13295.13397098  .00045162  00000-0  64689-2 0  9398
2 34534 086.2880 079.8289 0047162 289.2506 126.9671 14.75583638247812
