0 COSMOS 2251 DEB
1 34565U 93036VB  13281.69680735  .00019838  00000-0  43671-2 0  3629
2 34565 074.0479 127.7465 0033901 162.6254 266.1773 14.57043956244400
0 COSMOS 2251 DEB
1 34565U 93036VB  13282.58875833  .00032571  00000-0  71402-2 0  3636
2 34565 074.0480 126.0536 0033721 160.8177 264.7430 14.57126403244534
0 COSMOS 2251 DEB
1 34565U 93036VB  13283.01707363  .00030498  00000-0  66874-2 0  3641
2 34565 074.0484 125.2407 0033924 159.4629 351.9808 14.57128578244596
0 COSMOS 2251 DEB
1 34565U 93036VB  13283.97149995  .00030015  00000-0  65762-2 0  3658
2 34565 074.0484 123.4287 0033826 157.5332 318.5488 14.57170757244738
0 COSMOS 2251 DEB
1 34565U 93036VB  13286.63879171  .00026585  00000-0  58143-2 0  3674
2 34565 074.0475 118.3655 0033559 151.7925 271.2762 14.57288894245123
0 COSMOS 2251 DEB
1 34565U 93036VB  13287.67096575  .00031367  00000-0  68469-2 0  3685
2 34565 074.0475 116.4057 0033485 149.3650 286.6331 14.57339336245270
0 COSMOS 2251 DEB
1 34565U 93036VB  13287.95970992  .00050668  00000-0  11018-1 0  3693
2 34565 074.0470 115.8574 0033558 148.6691 001.6089 14.57363857245315
0 COSMOS 2251 DEB
1 34565U 93036VB  13288.91505845  .00043441  00000-0  94413-2 0  3705
2 34565 074.0474 114.0442 0033660 146.8343 333.8138 14.57440759245459
0 COSMOS 2251 DEB
1 34565U 93036VB  13289.73508020  .00046677  00000-0  10130-1 0  3712
2 34565 074.0468 112.4853 0033292 144.9071 316.5562 14.57490267245579
0 COSMOS 2251 DEB
1 34565U 93036VB  13290.47686437  .00043960  00000-0  95349-2 0  3723
2 34565 074.0469 111.0768 0033184 143.1741 248.8871 14.57539749245686
0 COSMOS 2251 DEB
1 34565U 93036VB  13290.90446943  .00035877  00000-0  77866-2 0  3730
2 34565 074.0471 110.2646 0033094 142.3334 332.5498 14.57574643245749
0 COSMOS 2251 DEB
1 34565U 93036VB  13291.93398516  .00033901  00000-0  73498-2 0  3740
2 34565 074.0470 108.3080 0033047 140.4924 334.4592 14.57641196245890
0 COSMOS 2251 DEB
1 34565U 93036VB  13292.97331994  .00034678  00000-0  75072-2 0  3755
2 34565 074.0472 106.3334 0032789 137.9160 028.8551 14.57707993246042
0 COSMOS 2251 DEB
1 34565U 93036VB  13294.45560708  .00044647  00000-0  96314-2 0  3767
2 34565 074.0479 103.5177 0032429 134.7267 247.8109 14.57799505246263
0 COSMOS 2251 DEB
1 34565U 93036VB  13295.49621025  .00048935  00000-0  10533-1 0  3775
2 34565 074.0482 101.5406 0032147 132.3909 309.2434 14.57875795246411
