0 COSMOS 2251 DEB
1 34574U 93036VL  13282.69071282  .00001832  00000-0  51428-3 0  2119
2 34574 074.0782 114.9639 0107056 218.4862 269.0369 14.43382817242640
0 COSMOS 2251 DEB
1 34574U 93036VL  13285.31294674  .00002243  00000-0  62778-3 0  2132
2 34574 074.0781 110.1035 0106933 212.9917 214.6259 14.43393423243011
0 COSMOS 2251 DEB
1 34574U 93036VL  13286.35318663  .00002710  00000-0  75675-3 0  2142
2 34574 074.0785 108.1773 0106960 210.7816 219.9615 14.43396065243171
0 COSMOS 2251 DEB
1 34574U 93036VL  13287.68070554  .00003421  00000-0  95291-3 0  2150
2 34574 074.0784 105.7166 0106932 207.9959 278.0556 14.43402766243361
0 COSMOS 2251 DEB
1 34574U 93036VL  13288.92775885  .00004403  00000-0  12237-2 0  2167
2 34574 074.0784 103.4050 0106860 205.3799 278.0687 14.43412922243542
0 COSMOS 2251 DEB
1 34574U 93036VL  13290.23098025  .00004236  00000-0  11775-2 0  2179
2 34574 074.0787 100.9890 0106764 202.6413 209.9914 14.43421684243726
0 COSMOS 2251 DEB
1 34574U 93036VL  13291.47434292  .00004015  00000-0  11164-2 0  2184
2 34574 074.0788 098.6850 0106761 200.0291 190.9075 14.43429950243900
0 COSMOS 2251 DEB
1 34574U 93036VL  13292.60042258  .00003899  00000-0  10842-2 0  2199
2 34574 074.0793 096.5976 0106695 197.6637 282.4190 14.43438728244070
0 COSMOS 2251 DEB
1 34574U 93036VL  13293.84750125  .00004803  00000-0  13336-2 0  2204
2 34574 074.0798 094.2862 0106624 195.0476 282.7210 14.43446068244251
0 COSMOS 2251 DEB
1 34574U 93036VL  13294.88720921  .00005033  00000-0  13967-2 0  2217
2 34574 074.0801 092.3589 0106576 192.8777 285.4629 14.43453535244404
0 COSMOS 2251 DEB
1 34574U 93036VL  13296.13494333  .00005187  00000-0  14392-2 0  2226
2 34574 074.0802 090.0462 0106460 190.2635 289.2385 14.43464923244580
