0 COSMOS 2251 DEB
1 34572U 93036VJ  13283.32527331  .00003750  00000-0  17820-2 0  6638
2 34572 074.0224 241.4586 0111534 281.1810 232.4185 14.16561657239795
0 COSMOS 2251 DEB
1 34572U 93036VJ  13285.91896141  .00003429  00000-0  16305-2 0  6644
2 34572 074.0224 236.8416 0111342 276.0223 139.2538 14.16577900240159
0 COSMOS 2251 DEB
1 34572U 93036VJ  13288.17958396  .00005189  00000-0  24603-2 0  6652
2 34572 074.0231 232.8163 0111166 271.5499 147.6903 14.16594242240473
0 COSMOS 2251 DEB
1 34572U 93036VJ  13290.52227087  .00004128  00000-0  19599-2 0  6661
2 34572 074.0238 228.6451 0110996 266.9171 214.7791 14.16611699240813
0 COSMOS 2251 DEB
1 34572U 93036VJ  13293.27741860  .00003577  00000-0  16997-2 0  6673
2 34572 074.0239 223.7403 0110778 261.4486 225.5069 14.16629141241207
0 COSMOS 2251 DEB
1 34572U 93036VJ  13295.87812926  .00003463  00000-0  16463-2 0  6686
2 34572 074.0232 219.1108 0110454 256.2381 168.8322 14.16644917241566
