0 H-2A DEB
1 34604U 09002L   13281.49837006  .00031842  00000-0  26733-2 0  3940
2 34604 098.0856 047.5493 0004232 199.8702 224.4039 14.98253451253549
0 H-2A DEB
1 34604U 09002L   13282.09659965  .00062494  00000-0  52099-2 0  3955
2 34604 098.0855 048.1691 0003997 197.3160 211.7068 14.98320166253632
0 H-2A DEB
1 34604U 09002L   13282.84510888  .00044846  00000-0  37413-2 0  3963
2 34604 098.0853 048.9445 0004053 194.4804 289.5825 14.98405700253746
0 H-2A DEB
1 34604U 09002L   13283.15601704  .00108342  00000-0  90844-2 0  3976
2 34604 098.0867 049.2651 0004565 192.1872 167.9745 14.98416639253790
0 H-2A DEB
1 34604U 09002L   13283.84722167  .00054960  00000-0  45684-2 0  3977
2 34604 098.0850 049.9827 0003937 191.3252 295.2086 14.98481027253896
0 H-2A DEB
1 34604U 09002L   13285.50455257  .00043056  00000-0  35740-2 0  3993
2 34604 098.0850 051.7003 0003729 186.6072 235.3573 14.98612241254148
0 H-2A DEB
1 34604U 09002L   13286.65144128  .00044127  00000-0  36541-2 0  4005
2 34604 098.0854 052.8891 0003622 181.8991 303.9301 14.98698770254319
0 H-2A DEB
1 34604U 09002L   13287.65293115  .00048391  00000-0  39962-2 0  4015
2 34604 098.0860 053.9272 0003509 175.9456 310.0782 14.98776648254464
0 H-2A DEB
1 34604U 09002L   13288.10656725  .00075736  00000-0  62170-2 0  4027
2 34604 098.0859 054.3977 0003341 175.7949 236.4297 14.98839983254530
0 H-2A DEB
1 34604U 09002L   13288.85377144  .00058638  00000-0  48155-2 0  4034
2 34604 098.0864 055.1727 0003338 172.3721 309.2879 14.98926979254644
0 H-2A DEB
1 34604U 09002L   13289.85463096  .00065285  00000-0  53425-2 0  4040
2 34604 098.0869 056.2109 0003155 169.2265 310.0864 14.99023056254795
0 H-2A DEB
1 34604U 09002L   13290.30542005  .00064675  00000-0  52873-2 0  4059
2 34604 098.0869 056.6786 0003006 169.1368 221.4072 14.99065546254851
0 H-2A DEB
1 34604U 09002L   13291.30695069  .00054904  00000-0  44829-2 0  4066
2 34604 098.0875 057.7178 0002902 164.2440 228.1005 14.99174133255007
0 H-2A DEB
1 34604U 09002L   13292.31286259  .00053702  00000-0  43738-2 0  4079
2 34604 098.0881 058.7617 0002700 159.2852 258.8637 14.99278650255167
0 H-2A DEB
1 34604U 09002L   13293.31451626  .00057657  00000-0  46805-2 0  4084
2 34604 098.0885 059.8013 0002634 151.2562 270.0952 14.99380792255313
0 H-2A DEB
1 34604U 09002L   13294.31000627  .00060906  00000-0  49302-2 0  4093
2 34604 098.0888 060.8349 0002456 147.6336 244.0276 14.99470453255459
0 H-2A DEB
1 34604U 09002L   13295.31599799  .00066224  00000-0  53423-2 0  4107
2 34604 098.0889 061.8794 0002246 142.2604 276.7132 14.99570699255615
