0 COSMOS 2251 DEB
1 34629U 93036XA  13281.57085025  .00003494  00000-0  59231-3 0  1357
2 34629 073.7959 331.7798 0099149 233.5277 252.7702 14.66469076246517
0 COSMOS 2251 DEB
1 34629U 93036XA  13283.53867051  .00005302  00000-0  89481-3 0  1363
2 34629 073.7960 327.9287 0099043 229.3706 201.4810 14.66493064246809
0 COSMOS 2251 DEB
1 34629U 93036XA  13286.47128623  .00004145  00000-0  70096-3 0  1382
2 34629 073.7958 322.1902 0098904 223.1741 203.8778 14.66513651247235
0 COSMOS 2251 DEB
1 34629U 93036XA  13287.50564764  .00004760  00000-0  80380-3 0  1398
2 34629 073.7955 320.1665 0098856 220.9856 264.7274 14.66521580247387
0 COSMOS 2251 DEB
1 34629U 93036XA  13288.53385503  .00006145  00000-0  10353-2 0  1407
2 34629 073.7951 318.1544 0098783 218.7991 293.1405 14.66536389247532
0 COSMOS 2251 DEB
1 34629U 93036XA  13290.51294610  .00006416  00000-0  10803-2 0  1418
2 34629 073.7945 314.2809 0098651 214.6040 301.8490 14.66556769247827
0 COSMOS 2251 DEB
1 34629U 93036XA  13292.49015016  .00005488  00000-0  92479-3 0  1427
2 34629 073.7939 310.4102 0098590 210.4011 300.7573 14.66577381248114
0 COSMOS 2251 DEB
1 34629U 93036XA  13293.51445079  .00006306  00000-0  10615-2 0  1439
2 34629 073.7943 308.4054 0098473 208.2200 308.7472 14.66587102248261
0 COSMOS 2251 DEB
1 34629U 93036XA  13295.49314240  .00007804  00000-0  13114-2 0  1445
2 34629 073.7947 304.5326 0098329 204.0152 315.7322 14.66608520248556
