0 COSMOS 2251 DEB
1 34632U 93036XD  13282.68113547  .00259335  00000-0  11050-1 0  9647
2 34632 073.9962 029.3640 0092918 120.2112 308.8060 15.17964385245687
0 COSMOS 2251 DEB
1 34632U 93036XD  13282.75735740  .00270309  00000-0  11504-1 0  9659
2 34632 073.9962 029.2050 0092715 119.8794 005.4903 15.17976897245706
0 COSMOS 2251 DEB
1 34632U 93036XD  13283.72304191  .00447828  00000-0  19420-1 0  9678
2 34632 073.9978 027.1787 0091317 117.1238 243.9902 15.18473615245853
0 COSMOS 2251 DEB
1 34632U 93036XD  13286.70982757  .00208431  00000-0  85867-2 0  9662
2 34632 073.9965 020.9121 0088875 108.8830 018.5033 15.19601407246307
0 COSMOS 2251 DEB
1 34632U 93036XD  13288.94597486  .00291029  00000-0  11543-1 0  9676
2 34632 073.9935 016.2140 0086758 102.3766 016.9405 15.20695035246642
0 COSMOS 2251 DEB
1 34632U 93036XD  13289.66995876  .00285127  00000-0  11241-1 0  9689
2 34632 073.9948 014.6900 0086090 100.5727 020.9169 15.20967154246756
0 COSMOS 2251 DEB
1 34632U 93036XD  13290.65700645  .00279164  00000-0  10884-1 0  9695
2 34632 073.9941 012.6137 0085430 097.6900 026.9114 15.21406538246903
0 COSMOS 2251 DEB
1 34632U 93036XD  13292.28962572  .00216904  00000-0  83219-2 0  9703
2 34632 073.9937 009.1702 0085824 091.2351 333.7334 15.22143447247142
0 COSMOS 2251 DEB
1 34632U 93036XD  13293.27522090  .00222233  00000-0  84478-2 0  9711
2 34632 073.9910 007.0930 0084598 089.5482 334.5506 15.22518172247292
0 COSMOS 2251 DEB
1 34632U 93036XD  13294.18905949  .00236031  00000-0  88685-2 0  9726
2 34632 073.9916 005.1628 0084391 087.2230 304.1375 15.22860167247435
0 COSMOS 2251 DEB
1 34632U 93036XD  13294.52302201  .00248688  00000-0  92994-2 0  9736
2 34632 073.9929 004.4569 0084475 086.4689 335.1007 15.22961268247482
0 COSMOS 2251 DEB
1 34632U 93036XD  13295.24561088  .00255649  00000-0  94698-2 0  9745
2 34632 073.9934 002.9312 0084352 084.6937 337.3377 15.23251245247591
0 COSMOS 2251 DEB
1 34632U 93036XD  13295.65135266  .00251709  00000-0  92884-2 0  9754
2 34632 073.9924 002.0720 0084133 083.6446 042.5462 15.23406525247666
0 COSMOS 2251 DEB
1 34632U 93036XD  13296.15902225  .00257667  00000-0  94416-2 0  9760
2 34632 073.9923 000.9994 0083968 082.4026 306.9984 15.23624515247736
