0 IRIDIUM 33 DEB
1 34652U 97051KD  13282.30836985  .00001392  00000-0  41883-3 0  7350
2 34652 086.3359 112.3977 0039767 358.4631 122.3821 14.41518975242820
0 IRIDIUM 33 DEB
1 34652U 97051KD  13283.82301192  .00001355  00000-0  40749-3 0  7365
2 34652 086.3357 111.7464 0039571 353.3524 062.6773 14.41522903243043
0 IRIDIUM 33 DEB
1 34652U 97051KD  13285.29391382  .00001322  00000-0  39752-3 0  7375
2 34652 086.3355 111.1139 0039405 348.4053 135.9900 14.41525686243252
0 IRIDIUM 33 DEB
1 34652U 97051KD  13286.80876395  .00001584  00000-0  47761-3 0  7385
2 34652 086.3356 110.4623 0039269 343.2720 077.4361 14.41529113243479
0 IRIDIUM 33 DEB
1 34652U 97051KD  13287.85097405  .00001788  00000-0  53962-3 0  7395
2 34652 086.3356 110.0141 0039159 339.7412 086.0826 14.41534669243627
0 IRIDIUM 33 DEB
1 34652U 97051KD  13289.25064934  .00001707  00000-0  51503-3 0  7404
2 34652 086.3358 109.4122 0039017 334.9553 149.9044 14.41540949243827
0 IRIDIUM 33 DEB
1 34652U 97051KD  13290.29073156  .00001856  00000-0  56049-3 0  7412
2 34652 086.3359 108.9649 0038900 331.4019 147.5826 14.41544190243975
0 IRIDIUM 33 DEB
1 34652U 97051KD  13292.23544130  .00001990  00000-0  60145-3 0  7425
2 34652 086.3361 108.1285 0038860 324.7352 160.0352 14.41549841244250
0 IRIDIUM 33 DEB
1 34652U 97051KD  13293.27559266  .00002163  00000-0  65399-3 0  7436
2 34652 086.3362 107.6812 0038775 321.1667 158.1243 14.41553458244409
0 IRIDIUM 33 DEB
1 34652U 97051KD  13295.28826659  .00002333  00000-0  70574-3 0  7443
2 34652 086.3362 106.8157 0038714 314.2169 163.4113 14.41561647244690
