0 COSMOS 2251 DEB
1 34724U 93036YS  13280.85033318  .00006712  00000-0  46208-2 0  5912
2 34724 074.0322 071.1991 0282486 133.6963 228.8047 13.81987249229971
0 COSMOS 2251 DEB
1 34724U 93036YS  13283.39057716  .00009922  00000-0  68135-2 0  5922
2 34724 074.0448 066.9292 0282618 128.8735 267.0399 13.82030463230320
0 COSMOS 2251 DEB
1 34724U 93036YS  13286.81654196  .00006671  00000-0  45902-2 0  5933
2 34724 074.0428 061.1713 0282027 122.3872 032.4173 13.82064043230794
0 COSMOS 2251 DEB
1 34724U 93036YS  13292.73518787  .00006162  00000-0  42531-2 0  5947
2 34724 074.0441 051.2230 0280154 111.2074 320.9160 13.82136774231617
0 COSMOS 2251 DEB
1 34724U 93036YS  13293.76423816  .00005822  00000-0  40216-2 0  5950
2 34724 074.0428 049.4899 0279819 109.2579 041.1601 13.82143386231759
