0 IRIDIUM 33 DEB
1 34764U 97051LH  13281.58483242  .00006892  00000-0  19799-2 0   675
2 34764 086.3768 125.9466 0012856 270.0009 142.3295 14.44712122240962
0 IRIDIUM 33 DEB
1 34764U 97051LH  13282.90349662  .00010058  00000-0  28890-2 0   681
2 34764 086.3771 125.3831 0012744 265.0223 161.3254 14.44739795241157
0 IRIDIUM 33 DEB
1 34764U 97051LH  13286.30832440  .00008172  00000-0  23442-2 0   705
2 34764 086.3767 123.9276 0012777 251.8037 232.3103 14.44791280241644
0 IRIDIUM 33 DEB
1 34764U 97051LH  13287.81918088  .00012553  00000-0  35998-2 0   713
2 34764 086.3762 123.2819 0012817 246.2385 171.2779 14.44817548241864
0 IRIDIUM 33 DEB
1 34764U 97051LH  13288.85842744  .00012646  00000-0  36245-2 0   723
2 34764 086.3756 122.8373 0012819 242.1180 177.4892 14.44844521242010
0 IRIDIUM 33 DEB
1 34764U 97051LH  13290.52072747  .00013098  00000-0  37515-2 0   732
2 34764 086.3752 122.1266 0012868 236.0309 184.5121 14.44875636242250
0 IRIDIUM 33 DEB
1 34764U 97051LH  13292.52764020  .00011171  00000-0  31969-2 0   744
2 34764 086.3752 121.2683 0012973 228.5312 184.5762 14.44915974242543
0 IRIDIUM 33 DEB
1 34764U 97051LH  13293.84456199  .00013133  00000-0  37563-2 0   752
2 34764 086.3755 120.7051 0013063 223.7835 195.2615 14.44940126242731
0 IRIDIUM 33 DEB
1 34764U 97051LH  13295.50151742  .00014978  00000-0  42804-2 0   766
2 34764 086.3759 119.9964 0013106 217.9615 174.8338 14.44976272242979
