0 COSMOS 2251 DEB
1 34793U 93036AAW 13281.75918569  .00000314  00000-0  12100-3 0  7243
2 34793 074.0042 144.3131 0055693 264.9171 222.8003 14.33574669235601
0 COSMOS 2251 DEB
1 34793U 93036AAW 13283.99184679  .00000438  00000-0  16518-3 0  7253
2 34793 074.0039 140.2225 0055634 260.3799 225.2055 14.33576779235920
0 COSMOS 2251 DEB
1 34793U 93036AAW 13286.02083476  .00000391  00000-0  14832-3 0  7269
2 34793 074.0036 136.5050 0055607 256.2574 256.4962 14.33578723236213
0 COSMOS 2251 DEB
1 34793U 93036AAW 13288.04565855  .00000619  00000-0  22909-3 0  7277
2 34793 074.0033 132.7949 0055570 252.1455 266.3077 14.33581155236509
0 COSMOS 2251 DEB
1 34793U 93036AAW 13290.32832397  .00000492  00000-0  18414-3 0  7285
2 34793 074.0035 128.6124 0055508 247.5002 166.8326 14.33583974236835
0 COSMOS 2251 DEB
1 34793U 93036AAW 13292.35390655  .00000564  00000-0  20983-3 0  7291
2 34793 074.0037 124.9009 0055461 243.3956 180.5932 14.33585628237125
0 COSMOS 2251 DEB
1 34793U 93036AAW 13294.51052780  .00000614  00000-0  22743-3 0  7309
2 34793 074.0039 120.9495 0055402 239.0009 150.6636 14.33588632237439
