0 COSMOS 2251 DEB
1 34849U 93036ABT 13281.28671738  .00148041  00000-0  92214-2 0  8252
2 34849 073.9966 023.4651 0008297 073.9023 317.6160 15.08773446240017
0 COSMOS 2251 DEB
1 34849U 93036ABT 13282.28126921  .00347112  00000-0  20758-1 0  8266
2 34849 073.9955 021.4101 0008488 066.4263 325.4455 15.09239733240165
0 COSMOS 2251 DEB
1 34849U 93036ABT 13282.69628471  .00255716  00000-0  15387-1 0  8279
2 34849 073.9982 020.5544 0007941 060.3309 065.6550 15.09487275240225
0 COSMOS 2251 DEB
1 34849U 93036ABT 13283.27537603  .00287149  00000-0  17080-1 0  8288
2 34849 073.9979 019.3569 0008098 055.1620 336.6309 15.09747645240319
0 COSMOS 2251 DEB
1 34849U 93036ABT 13286.67496613  .00214457  00000-0  12421-1 0  8309
2 34849 073.9980 012.3174 0009377 036.5160 112.9425 15.11082166240822
0 COSMOS 2251 DEB
1 34849U 93036ABT 13287.66802576  .00298618  00000-0  16904-1 0  8310
2 34849 073.9977 010.2589 0009789 031.7720 118.2881 15.11483450240973
0 COSMOS 2251 DEB
1 34849U 93036ABT 13289.65288056  .00326612  00000-0  17848-1 0  8327
2 34849 073.9976 006.1385 0010550 021.8896 128.4841 15.12612230241276
0 COSMOS 2251 DEB
1 34849U 93036ABT 13290.64483728  .00327311  00000-0  17638-1 0  8336
2 34849 073.9945 004.0785 0010618 016.2831 134.3812 15.13111155241427
0 COSMOS 2251 DEB
1 34849U 93036ABT 13292.62814762  .00277667  00000-0  14639-1 0  8349
2 34849 073.9972 359.9508 0012150 013.9541 139.4146 15.14129772241721
0 COSMOS 2251 DEB
1 34849U 93036ABT 13293.20045119  .00266007  00000-0  13951-1 0  8359
2 34849 073.9955 358.7589 0011253 006.6807 025.1822 15.14381602241819
0 COSMOS 2251 DEB
1 34849U 93036ABT 13293.61871556  .00278157  00000-0  14481-1 0  8365
2 34849 073.9943 357.8880 0011846 007.5051 143.8775 15.14579762241876
