0 COSMOS 2251 DEB
1 34859U 93036ACD 13283.02553057  .00001854  00000-0  58066-3 0  7943
2 34859 074.0464 125.8076 0004388 244.9354 276.5068 14.41357064236582
0 COSMOS 2251 DEB
1 34859U 93036ACD 13286.01017049  .00001659  00000-0  52026-3 0  7955
2 34859 074.0465 120.2847 0004309 239.1163 283.0412 14.41365175237012
0 COSMOS 2251 DEB
1 34859U 93036ACD 13288.22320721  .00002566  00000-0  80014-3 0  7961
2 34859 074.0464 116.1889 0004282 235.4210 245.3685 14.41373870237321
0 COSMOS 2251 DEB
1 34859U 93036ACD 13290.93065095  .00001933  00000-0  60480-3 0  7975
2 34859 074.0468 111.1785 0004286 231.1514 252.7744 14.41384680237711
0 COSMOS 2251 DEB
1 34859U 93036ACD 13292.94894551  .00002267  00000-0  70770-3 0  7980
2 34859 074.0469 107.4429 0004296 228.7281 283.8812 14.41390318238019
0 COSMOS 2251 DEB
1 34859U 93036ACD 13295.85915237  .00002527  00000-0  78743-3 0  7996
2 34859 074.0470 102.0568 0004124 224.5366 263.1058 14.41403556238432
