0 COSMOS 2251 DEB
1 34861U 93036ACF 13282.32575583  .00003247  00000-0  11013-2 0  8035
2 34861 074.0386 145.5446 0029143 230.3543 251.2853 14.36870730235825
0 COSMOS 2251 DEB
1 34861U 93036ACF 13287.67546184  .00004233  00000-0  14322-2 0  8057
2 34861 074.0379 135.7114 0028834 219.0221 204.3198 14.36897224236596
0 COSMOS 2251 DEB
1 34861U 93036ACF 13290.19147170  .00004067  00000-0  13758-2 0  8068
2 34861 074.0372 131.0860 0028746 213.7841 259.3012 14.36916113236951
0 COSMOS 2251 DEB
1 34861U 93036ACF 13292.54123150  .00003896  00000-0  13179-2 0  8078
2 34861 074.0372 126.7670 0028685 208.8188 174.5143 14.36931701237293
0 COSMOS 2251 DEB
1 34861U 93036ACF 13294.56647973  .00004686  00000-0  15829-2 0  8089
2 34861 074.0376 123.0437 0028610 204.6664 211.0202 14.36945678237582
