0 PSLV DEB
1 35339U 01049PX  13283.48753765  .00002539  00000-0  80300-3 0  3828
2 35339 098.2807 174.7766 0194441 052.4688 069.7827 14.30716529573601
0 PSLV DEB
1 35339U 01049PX  13285.51531372  .00002675  00000-0  84520-3 0  3832
2 35339 098.2804 176.7091 0194383 046.4706 073.9795 14.30720404573899
0 PSLV DEB
1 35339U 01049PX  13287.66589145  .00003732  00000-0  11736-2 0  3845
2 35339 098.2806 178.7593 0194355 040.1245 350.7251 14.30730605574199
0 PSLV DEB
1 35339U 01049PX  13289.90961000  .00003628  00000-0  11414-2 0  3856
2 35339 098.2800 180.8989 0194223 033.5094 027.2940 14.30744009574518
0 PSLV DEB
1 35339U 01049PX  13292.50898413  .00003405  00000-0  10722-2 0  3868
2 35339 098.2794 183.3775 0194050 025.8176 095.8809 14.30758719574893
0 PSLV DEB
1 35339U 01049PX  13295.51596331  .00004152  00000-0  13045-2 0  3878
2 35339 098.2788 186.2447 0193849 016.9293 104.0842 14.30776689575325
