0 CBERS 1 DEB
1 35387U 99057SS  13282.66709561  .00002197  00000-0  70846-3 0  3308
2 35387 098.2783 238.2768 0005600 019.1192 341.0240 14.40149432297582
0 CBERS 1 DEB
1 35387U 99057SS  13283.70925692  .00002238  00000-0  72150-3 0  3316
2 35387 098.2779 239.2844 0005941 014.2778 345.8620 14.40154753297730
0 CBERS 1 DEB
1 35387U 99057SS  13285.65461025  .00002450  00000-0  78842-3 0  3339
2 35387 098.2809 241.1741 0005817 011.9440 348.2074 14.40167040298019
0 CBERS 1 DEB
1 35387U 99057SS  13286.69675562  .00002533  00000-0  81442-3 0  3340
2 35387 098.2817 242.1838 0005383 011.6225 348.5226 14.40173372298165
0 CBERS 1 DEB
1 35387U 99057SS  13289.12841401  .00002781  00000-0  89247-3 0  3355
2 35387 098.2817 244.5349 0005868 358.5327 001.6203 14.40190062298518
0 CBERS 1 DEB
1 35387U 99057SS  13290.65686495  .00003211  00000-0  10158-2 0  3369
2 35387 098.2845 246.0190 0005026 001.4296 358.7383 14.40203803298732
0 CBERS 1 DEB
1 35387U 99057SS  13290.65686601  .00003002  00000-0  96218-3 0  3368
2 35387 098.2864 246.0205 0004241 005.5176 354.6583 14.40202148298738
0 CBERS 1 DEB
1 35387U 99057SS  13294.13058055  .00003252  00000-0  10407-2 0  3374
2 35387 098.2837 249.3822 0005694 349.4625 010.6770 14.40227398299238
0 CBERS 1 DEB
1 35387U 99057SS  13295.10320549  .00003386  00000-0  10827-2 0  3387
2 35387 098.2817 250.3204 0006421 343.1629 016.9700 14.40236365299377
