0 ERS 2 DEB
1 35391U 95021E   13279.60195422  .00000712  00000-0  27264-3 0  5270
2 35391 098.2580 308.3924 0005361 343.5747 143.5556 14.33462518331128
0 ERS 2 DEB
1 35391U 95021E   13282.54066005  .00000832  00000-0  31608-3 0  5282
2 35391 098.2580 311.1972 0005249 332.0399 191.4356 14.33470211331549
0 ERS 2 DEB
1 35391U 95021E   13285.88323209  .00000952  00000-0  35964-3 0  5297
2 35391 098.2577 314.3879 0005140 320.6620 162.1831 14.33476130332029
0 ERS 2 DEB
1 35391U 95021E   13288.31407672  .00001422  00000-0  52948-3 0  5301
2 35391 098.2571 316.7078 0005090 311.7816 108.2342 14.33482596332371
0 ERS 2 DEB
1 35391U 95021E   13290.63016313  .00001165  00000-0  43648-3 0  5319
2 35391 098.2567 318.9173 0005040 303.9768 181.3964 14.33489193332709
0 ERS 2 DEB
1 35391U 95021E   13293.05941443  .00001280  00000-0  47785-3 0  5324
2 35391 098.2565 321.2349 0004921 294.8215 119.6237 14.33494029333040
