0 COSMOS 2251 DEB
1 35429U 93036AJX 13280.56767659  .00008534  00000-0  92610-3 0  2331
2 35429 073.9649 337.5659 0200901 258.9805 168.8852 14.74601348240877
0 COSMOS 2251 DEB
1 35429U 93036AJX 13283.56880120  .00011762  00000-0  12712-2 0  2345
2 35429 073.9658 331.6729 0201010 252.5269 260.7566 14.74670284241315
0 COSMOS 2251 DEB
1 35429U 93036AJX 13286.79577362  .00009201  00000-0  10027-2 0  2357
2 35429 073.9596 325.3513 0198454 245.5328 112.3800 14.74726974241795
0 COSMOS 2251 DEB
1 35429U 93036AJX 13288.78684321  .00015731  00000-0  16992-2 0  2365
2 35429 073.9625 321.4284 0199762 240.8463 243.5740 14.74790123242081
0 COSMOS 2251 DEB
1 35429U 93036AJX 13289.53858487  .00014922  00000-0  16115-2 0  2374
2 35429 073.9616 319.9524 0199815 239.1862 274.7853 14.74800910242192
0 COSMOS 2251 DEB
1 35429U 93036AJX 13290.73024088  .00016853  00000-0  18197-2 0  2388
2 35429 073.9673 317.6115 0198827 236.6993 121.5492 14.74836775242371
0 COSMOS 2251 DEB
1 35429U 93036AJX 13291.50551042  .00012540  00000-0  13547-2 0  2382
2 35429 073.9612 316.0882 0199590 234.8874 277.9070 14.74848826242484
