0 COSMOS 2251 DEB
1 35440U 93036AKJ 13281.71103376  .00001033  00000-0  23998-3 0  2769
2 35440 074.0210 047.9589 0087584 216.4003 143.1585 14.54008553234586
0 COSMOS 2251 DEB
1 35440U 93036AKJ 13283.01829894  .00001089  00000-0  25248-3 0  2776
2 35440 074.0191 045.4806 0087615 213.2420 146.3753 14.54013191234779
0 COSMOS 2251 DEB
1 35440U 93036AKJ 13283.70632117  .00002469  00000-0  55575-3 0  2793
2 35440 074.0237 044.1773 0087630 212.4124 147.2134 14.54020830234870
0 COSMOS 2251 DEB
1 35440U 93036AKJ 13285.70161324  .00001192  00000-0  27572-3 0  2790
2 35440 074.0193 040.4061 0087013 207.9940 151.6675 14.54022762235168
0 COSMOS 2251 DEB
1 35440U 93036AKJ 13288.66014343  .00001262  00000-0  29063-3 0  2803
2 35440 074.0232 034.8147 0089691 200.2789 159.5433 14.54032187235593
0 COSMOS 2251 DEB
1 35440U 93036AKJ 13290.93062130  .00001303  00000-0  29990-3 0  2819
2 35440 074.0234 030.5203 0089209 195.9159 163.9469 14.54039353235924
0 COSMOS 2251 DEB
1 35440U 93036AKJ 13291.61864098  .00001514  00000-0  34768-3 0  2822
2 35440 074.0255 029.2246 0088112 197.0197 163.0474 14.54049432236024
0 COSMOS 2251 DEB
1 35440U 93036AKJ 13293.61384908  .00001631  00000-0  37565-3 0  2830
2 35440 074.0204 025.4531 0084173 195.2836 164.6470 14.54059286236319
0 COSMOS 2251 DEB
1 35440U 93036AKJ 13294.57705665  .00001698  00000-0  38964-3 0  2841
2 35440 074.0261 023.6321 0086437 192.2570 167.7211 14.54064873236456
