0 COSMOS 2251 DEB
1 35580U 93036ALX 13283.07988929  .00000736  00000-0  60082-3 0  3888
2 35580 073.9110 074.4323 0313736 203.8377 154.8068 13.70904810223440
0 COSMOS 2251 DEB
1 35580U 93036ALX 13285.05016647  .00000814  00000-0  66256-3 0  3894
2 35580 073.9127 071.1568 0313669 200.2594 158.6102 13.70909979223712
0 COSMOS 2251 DEB
1 35580U 93036ALX 13286.07178615  .00000840  00000-0  68247-3 0  3904
2 35580 073.9116 069.4559 0314164 198.2519 160.7338 13.70912505223853
0 COSMOS 2251 DEB
1 35580U 93036ALX 13287.75015366  .00000895  00000-0  72661-3 0  3919
2 35580 073.9132 066.6663 0313790 195.4046 163.7395 13.70917369224089
0 COSMOS 2251 DEB
1 35580U 93036ALX 13290.08528083  .00001031  00000-0  83303-3 0  3923
2 35580 073.9130 062.7772 0314229 190.8616 168.6510 13.70926003224409
0 COSMOS 2251 DEB
1 35580U 93036ALX 13291.69065130  .00001152  00000-0  93175-3 0  3933
2 35580 073.9111 060.1080 0312380 187.9870 171.6662 13.70933090224627
0 COSMOS 2251 DEB
1 35580U 93036ALX 13293.00413255  .00001248  00000-0  10087-2 0  3942
2 35580 073.9121 057.9279 0312002 185.7290 174.0879 13.70939772224805
0 COSMOS 2251 DEB
1 35580U 93036ALX 13295.04732088  .00001422  00000-0  11495-2 0  3955
2 35580 073.9128 054.5302 0311021 181.8788 178.1852 13.70950055225085
0 COSMOS 2251 DEB
1 35580U 93036ALX 13295.70404821  .00001488  00000-0  12063-2 0  3964
2 35580 073.9096 053.4389 0309313 180.7174 179.3737 13.70953670225171
