0 COSMOS 2251 DEB
1 35649U 93036ANQ 13282.17652896  .00060177  00000-0  19650-2 0  5909
2 35649 073.9684 175.7888 0118520 342.8345 177.8565 15.24861183236319
0 COSMOS 2251 DEB
1 35649U 93036ANQ 13283.07735075  .00053918  00000-0  17580-2 0  5916
2 35649 073.9686 173.8782 0118287 340.6963 083.0674 15.24956160236448
0 COSMOS 2251 DEB
1 35649U 93036ANQ 13284.06178478  .00050089  00000-0  16305-2 0  5925
2 35649 073.9690 171.7897 0118112 338.3347 087.6323 15.25040119236590
0 COSMOS 2251 DEB
1 35649U 93036ANQ 13286.36758163  .00039330  00000-0  12757-2 0  5940
2 35649 073.9694 166.8969 0117741 332.6978 147.7741 15.25236232236958
0 COSMOS 2251 DEB
1 35649U 93036ANQ 13287.66302757  .00050422  00000-0  16280-2 0  5959
2 35649 073.9694 164.1471 0117608 329.6445 061.0800 15.25342679237143
0 COSMOS 2251 DEB
1 35649U 93036ANQ 13288.33504748  .00057755  00000-0  18595-2 0  5966
2 35649 073.9691 162.7211 0117467 328.0385 151.4047 15.25414917237259
0 COSMOS 2251 DEB
1 35649U 93036ANQ 13289.63024112  .00050974  00000-0  16380-2 0  5979
2 35649 073.9686 159.9714 0117204 325.0001 064.2176 15.25529310237449
0 COSMOS 2251 DEB
1 35649U 93036ANQ 13290.61338778  .00049693  00000-0  15937-2 0  5989
2 35649 073.9681 157.8839 0117028 322.7050 063.6906 15.25613194237595
0 COSMOS 2251 DEB
1 35649U 93036ANQ 13292.07888543  .00040219  00000-0  12873-2 0  5993
2 35649 073.9680 154.7719 0116857 319.2315 192.8535 15.25733197237826
0 COSMOS 2251 DEB
1 35649U 93036ANQ 13293.31831314  .00042414  00000-0  13539-2 0  6007
2 35649 073.9680 152.1392 0116647 316.2990 160.8019 15.25828126238019
0 COSMOS 2251 DEB
1 35649U 93036ANQ 13295.28598642  .00047821  00000-0  15190-2 0  6012
2 35649 073.9678 147.9583 0116506 311.5845 169.7836 15.25969863238313
