0 COSMOS 2251 DEB
1 35702U 93036APX 13281.23446083  .00002800  00000-0  81249-3 0  1969
2 35702 074.0484 119.5078 0032923 236.3627 123.4023 14.44524291225094
0 COSMOS 2251 DEB
1 35702U 93036APX 13284.90495427  .00003062  00000-0  88691-3 0  1983
2 35702 074.0505 112.6786 0033987 229.1437 130.6968 14.44549516225611
0 COSMOS 2251 DEB
1 35702U 93036APX 13289.89118348  .00004031  00000-0  11675-2 0  1995
2 35702 074.0282 103.4145 0025107 230.6358 129.4236 14.44598739226339
0 COSMOS 2251 DEB
1 35702U 93036APX 13293.14594354  .00004824  00000-0  13939-2 0  2001
2 35702 074.0266 097.3598 0026007 213.8214 146.3061 14.44638694226809
