0 COSMOS 2251 DEB
1 35759U 93036ARD 13287.60137457  .00000931  00000-0  21033-3 0  1700
2 35759 074.0408 031.3621 0090034 201.3880 158.4654 14.55297706238011
0 COSMOS 2251 DEB
1 35759U 93036ARD 13290.62603318  .00001021  00000-0  23037-3 0  1718
2 35759 074.0388 025.6355 0087945 196.4717 163.3592 14.55306319238453
0 COSMOS 2251 DEB
1 35759U 93036ARD 13291.93214295  .00001082  00000-0  24189-3 0  1722
2 35759 074.0473 023.1712 0093975 189.6397 170.3838 14.55311398238641
0 COSMOS 2251 DEB
1 35759U 93036ARD 13295.57546329  .00001190  00000-0  26565-3 0  1733
2 35759 074.0493 016.2750 0093121 182.9078 177.1987 14.55322902239175
