0 SL-8 R/B
1 03577U 68106B   13282.82449766  .00000370  00000-0  98043-3 0  7350
2 03577 074.0477 117.7160 0035344 320.0586 161.9955 13.18849412159056
0 SL-8 R/B
1 03577U 68106B   13287.15156289 -.00000247  00000-0 -57366-3 0  7376
2 03577 074.0477 111.2067 0035375 312.8130 186.1732 13.18857917159623
0 SL-8 R/B
1 03577U 68106B   13289.47972736 -.00000086  00000-0 -16752-3 0  7382
2 03577 074.0480 107.7043 0035421 308.9195 079.9588 13.18855826159939
0 SL-8 R/B
1 03577U 68106B   13291.53307615  .00000322  00000-0  86162-3 0  7394
2 03577 074.0484 104.6154 0035450 305.4962 108.9498 13.18852253160204
0 SL-8 R/B
1 03577U 68106B   13293.81871035  .00000420  00000-0  11084-2 0  7400
2 03577 074.0487 101.1772 0035472 301.6503 160.7993 13.18852947160507
0 SL-8 R/B
1 03577U 68106B   13295.88028455  .00000055  00000-0  18711-3 0  7419
2 03577 074.0488 098.0762 0035536 298.1343 228.8793 13.18857457160778
