0 COSMOS 2251 DEB
1 35835U 93036ATH 13281.81985553  .00001006  00000-0  78981-3 0  1708
2 35835 074.0712 098.9798 0322497 174.4329 186.0522 13.71369222222493
0 COSMOS 2251 DEB
1 35835U 93036ATH 13284.15422798  .00001165  00000-0  91937-3 0  1718
2 35835 074.0627 095.1445 0318838 169.4654 191.3130 13.71377710222816
0 COSMOS 2251 DEB
1 35835U 93036ATH 13289.11473031  .00001411  00000-0  11148-2 0  1725
2 35835 074.0581 086.9829 0316832 159.0974 202.4585 13.71397541223498
0 COSMOS 2251 DEB
1 35835U 93036ATH 13292.10555099  .00001672  00000-0  13123-2 0  1738
2 35835 074.0577 082.0520 0318504 153.9424 208.0165 13.71413383223904
0 COSMOS 2251 DEB
1 35835U 93036ATH 13295.09631449  .00002324  00000-0  17730-2 0  1747
2 35835 074.0766 077.1032 0329047 149.6922 212.8216 13.71440466224314
