0 IRIDIUM 33 DEB
1 35854U 97051TE  13286.76588766  .00004425  00000-0  11994-2 0  1050
2 35854 086.3282 104.7347 0013577 051.8922 308.7935 14.47440011230301
0 IRIDIUM 33 DEB
1 35854U 97051TE  13293.21878591  .00010019  00000-0  27143-2 0  1066
2 35854 086.3056 101.9018 0007797 040.7325 085.3264 14.47585087231234
0 IRIDIUM 33 DEB
1 35854U 97051TE  13294.78446639  .00007949  00000-0  21518-2 0  1072
2 35854 086.3106 101.2282 0009498 021.2436 338.8988 14.47608887231450
0 IRIDIUM 33 DEB
1 35854U 97051TE  13295.19920998  .00007946  00000-0  21505-2 0  1087
2 35854 086.3052 101.0350 0009784 031.7739 328.4023 14.47615273231513
