0 COSMOS 2251 DEB
1 35898U 93036AUM 13281.87268896  .00002608  00000-0  43198-3 0  3373
2 35898 074.0085 350.8485 0135414 162.0625 198.5358 14.64875834226089
0 COSMOS 2251 DEB
1 35898U 93036AUM 13283.51176218  .00005620  00000-0  92136-3 0  3397
2 35898 074.0064 347.6822 0133332 158.3476 202.3895 14.64880033226328
0 COSMOS 2251 DEB
1 35898U 93036AUM 13285.56054931  .00002488  00000-0  41374-3 0  3387
2 35898 074.0040 343.7427 0133515 153.4777 207.2882 14.64892279226621
0 COSMOS 2251 DEB
1 35898U 93036AUM 13287.81422556  .00002453  00000-0  40727-3 0  3393
2 35898 074.0045 339.3968 0134226 148.6735 212.2521 14.64902953226950
0 COSMOS 2251 DEB
1 35898U 93036AUM 13290.75079594  .00002439  00000-0  40557-3 0  3407
2 35898 074.0025 333.7290 0133340 142.4919 218.5666 14.64917338227386
0 COSMOS 2251 DEB
1 35898U 93036AUM 13292.79954697  .00002432  00000-0  40437-3 0  3410
2 35898 074.0029 329.7802 0133249 138.0515 223.0936 14.64927390227688
0 COSMOS 2251 DEB
1 35898U 93036AUM 13295.39461181  .00002380  00000-0  39556-3 0  3423
2 35898 074.0042 324.7802 0133496 132.4335 228.8031 14.64938940228065
