0 IRIDIUM 33 DEB
1 35914U 97051TX  13282.01446335  .00023750  00000-0  59096-2 0  4359
2 35914 086.3878 130.1939 0097305 356.6853 003.3693 14.48759119231830
0 IRIDIUM 33 DEB
1 35914U 97051TX  13283.53392591  .00020444  00000-0  50835-2 0  4361
2 35914 086.3879 129.5420 0097037 351.6370 008.3210 14.48822127232054
0 IRIDIUM 33 DEB
1 35914U 97051TX  13283.53393565  .00017070  00000-0  42591-2 0  4364
2 35914 086.3897 129.5395 0097455 351.2399 008.7586 14.48812549232053
0 IRIDIUM 33 DEB
1 35914U 97051TX  13285.81302658  .00015965  00000-0  39677-2 0  4384
2 35914 086.3870 128.5632 0096686 344.1361 015.6818 14.48880445232383
0 IRIDIUM 33 DEB
1 35914U 97051TX  13286.84894800  .00015096  00000-0  37504-2 0  4396
2 35914 086.3867 128.1186 0096536 340.6984 019.0572 14.48908216232534
0 IRIDIUM 33 DEB
1 35914U 97051TX  13287.88484865  .00029576  00000-0  73335-2 0  4409
2 35914 086.3873 127.6756 0096442 337.2537 022.4406 14.48943368232687
0 IRIDIUM 33 DEB
1 35914U 97051TX  13289.26599746  .00023054  00000-0  57140-2 0  4410
2 35914 086.3869 127.0837 0096288 332.5964 027.0179 14.49003967232889
0 IRIDIUM 33 DEB
1 35914U 97051TX  13289.81844370  .00021422  00000-0  53090-2 0  4425
2 35914 086.3851 126.8430 0096208 330.8235 028.7613 14.49021400232962
0 IRIDIUM 33 DEB
1 35914U 97051TX  13290.85426133  .00019638  00000-0  48646-2 0  4432
2 35914 086.3856 126.3999 0096008 327.3281 032.2005 14.49061860233119
0 IRIDIUM 33 DEB
1 35914U 97051TX  13293.27106815  .00020678  00000-0  51149-2 0  4442
2 35914 086.3853 125.3614 0095701 319.2967 040.1110 14.49141375233462
0 IRIDIUM 33 DEB
1 35914U 97051TX  13295.82582792  .00026871  00000-0  66311-2 0  4456
2 35914 086.3859 124.2652 0095519 310.6923 048.6009 14.49232931233832
