0 COSMOS 2251 DEB
1 36047U 93036AXJ 13282.23856913  .00001705  00000-0  51003-3 0  2262
2 36047 074.0555 116.1648 0023676 250.1453 109.7297 14.43489297237445
0 COSMOS 2251 DEB
1 36047U 93036AXJ 13284.17909013  .00001767  00000-0  52842-3 0  2278
2 36047 074.0546 112.5633 0023506 244.0491 115.8534 14.43498012237723
0 COSMOS 2251 DEB
1 36047U 93036AXJ 13286.18889731  .00001871  00000-0  55888-3 0  2285
2 36047 074.0547 108.8294 0023883 241.9299 117.9637 14.43508218238015
0 COSMOS 2251 DEB
1 36047U 93036AXJ 13289.16894722  .00001932  00000-0  57668-3 0  2299
2 36047 074.0535 103.2961 0023557 232.4283 127.5400 14.43521767238444
0 COSMOS 2251 DEB
1 36047U 93036AXJ 13290.13917801  .00001975  00000-0  58918-3 0  2300
2 36047 074.0545 101.4988 0023487 231.2769 128.6625 14.43527053238582
0 COSMOS 2251 DEB
1 36047U 93036AXJ 13292.14895171  .00002017  00000-0  60152-3 0  2310
2 36047 074.0541 097.7686 0024066 223.8992 136.0666 14.43536442238871
0 COSMOS 2251 DEB
1 36047U 93036AXJ 13292.77266589  .00002100  00000-0  62539-3 0  2329
2 36047 074.0552 096.6099 0026315 230.4450 129.5457 14.43542161238961
0 COSMOS 2251 DEB
1 36047U 93036AXJ 13295.12890764  .00002183  00000-0  64969-3 0  2330
2 36047 074.0536 092.2377 0026161 224.3134 135.6044 14.43554477239306
0 COSMOS 2251 DEB
1 36047U 93036AXJ 13295.75261977  .00002227  00000-0  66242-3 0  2343
2 36047 074.0544 091.0800 0026649 224.6696 135.2812 14.43558915239399
