0 CZ-3C R/B
1 36288U 10001B   13283.51291907  .00011227  00000-0  27192-2 0  7680
2 36288 019.6194 169.2167 7205996 091.0518 344.3687 02.37835334 31831
0 CZ-3C R/B
1 36288U 10001B   13285.67499822  .00007333  00000-0  19199-2 0  7686
2 36288 019.6236 168.2922 7203739 092.6928 035.7127 02.37866849 31881
0 CZ-3C R/B
1 36288U 10001B   13288.16933642  .00007921  00000-0  20798-2 0  7697
2 36288 019.6271 167.2274 7203606 094.5967 011.8201 02.37899694 31945
0 CZ-3C R/B
1 36288U 10001B   13290.28197965  .00008491  00000-0  22390-2 0  7708
2 36288 019.6288 166.3217 7203586 096.2081 021.3146 02.37931721 31990
0 CZ-3C R/B
1 36288U 10001B   13290.99304644  .00008904  00000-0  23434-2 0  7710
2 36288 019.6294 166.0181 7203599 096.7492 270.3951 02.37946616 32012
0 CZ-3C R/B
1 36288U 10001B   13292.77442390  .00008843  00000-0  23274-2 0  7724
2 36288 019.6317 165.2552 7203585 098.1096 356.4105 02.37969353 32056
0 CZ-3C R/B
1 36288U 10001B   13294.05359045  .00007363  00000-0  19262-2 0  7730
2 36288 019.6333 164.7082 7203609 099.0906 012.2772 02.37995157 32084
0 CZ-3C R/B
1 36288U 10001B   13295.54840714  .00008187  00000-0  21299-2 0  7742
2 36288 019.6365 164.0699 7203385 100.2256 213.0502 02.38023242 32125
0 CZ-3C R/B
1 36288U 10001B   13296.15433022  .00008037  00000-0  20714-2 0  7756
2 36288 019.6376 163.8105 7203424 100.6938 012.2407 02.38036245 32132
