0 COSMOS 2251 DEB
1 36386U 93036AZP 13281.42641322  .00049610  00000-0  14619-2 0  5131
2 36386 073.9692 183.8292 0084501 354.4451 126.9006 15.31248785223398
0 COSMOS 2251 DEB
1 36386U 93036AZP 13282.06804951  .00084332  00000-0  24688-2 0  5149
2 36386 073.9702 182.4541 0084242 352.8690 064.0339 15.31334210223492
0 COSMOS 2251 DEB
1 36386U 93036AZP 13283.38569564  .00074145  00000-0  21621-2 0  5159
2 36386 073.9684 179.6314 0083901 349.7830 128.3499 15.31520676223695
0 COSMOS 2251 DEB
1 36386U 93036AZP 13284.17602821  .00066569  00000-0  19376-2 0  5167
2 36386 073.9686 177.9382 0083876 347.9467 165.8951 15.31608931223814
0 COSMOS 2251 DEB
1 36386U 93036AZP 13285.41151913  .00059144  00000-0  17166-2 0  5184
2 36386 073.9696 175.2915 0083660 345.0209 138.3834 15.31742879224009
0 COSMOS 2251 DEB
1 36386U 93036AZP 13286.39107815  .00052080  00000-0  15085-2 0  5195
2 36386 073.9698 173.1920 0083523 342.6453 140.1454 15.31845897224155
0 COSMOS 2251 DEB
1 36386U 93036AZP 13288.01269911  .00083701  00000-0  24025-2 0  5202
2 36386 073.9693 169.7156 0083136 338.7279 083.3355 15.32030473224407
0 COSMOS 2251 DEB
1 36386U 93036AZP 13288.34974771  .00075396  00000-0  21637-2 0  5213
2 36386 073.9691 168.9929 0083073 337.9236 142.2877 15.32072605224450
0 COSMOS 2251 DEB
1 36386U 93036AZP 13289.63875438  .00067831  00000-0  19403-2 0  5220
2 36386 073.9685 166.2289 0082818 334.8353 052.1489 15.32221644224643
0 COSMOS 2251 DEB
1 36386U 93036AZP 13290.67845824  .00055423  00000-0  15870-2 0  5231
2 36386 073.9601 163.9880 0082906 332.0112 027.7149 15.32355003224809
0 COSMOS 2251 DEB
1 36386U 93036AZP 13290.68923749  .00065426  00000-0  18654-2 0  5232
2 36386 073.9682 163.9756 0082702 332.2980 086.8691 15.32340100224810
0 COSMOS 2251 DEB
1 36386U 93036AZP 13292.07682897  .00052150  00000-0  14827-2 0  5242
2 36386 073.9680 160.9994 0082539 328.8896 181.9161 15.32493621225024
0 COSMOS 2251 DEB
1 36386U 93036AZP 13294.29015281  .00058364  00000-0  16488-2 0  5254
2 36386 073.9683 156.2508 0081993 323.6368 153.6335 15.32706428225364
0 COSMOS 2251 DEB
1 36386U 93036AZP 13295.33495549  .00064135  00000-0  18050-2 0  5260
2 36386 073.9682 154.0076 0081905 321.1370 158.8095 15.32805880225528
