0 DELTA 4 R/B
1 36412U 10008B   13282.70518773 -.00000179  00000-0  00000+0 0  4991
2 36412 011.4716 198.7250 5248292 118.6079 026.8641 01.92903992 25361
0 DELTA 4 R/B
1 36412U 10008B   13286.30774045 -.00000024  00000-0  00000+0 0  5009
2 36412 011.4730 198.2623 5247760 119.4627 008.6358 01.92902985 25435
0 DELTA 4 R/B
1 36412U 10008B   13294.50371429 -.00000203  00000-0  00000+0 0  5019
2 36412 011.4767 197.1920 5244768 121.4448 300.2986 01.92903874 25595
0 DELTA 4 R/B
1 36412U 10008B   13294.59478447 -.00000205  00000-0  00000+0 0  5029
2 36412 011.4770 197.1975 5245955 121.4312 003.5540 01.92904476 25596
