0 IRIDIUM 33 DEB
1 36491U 97051WH  13281.34863952  .00009990  00000-0  31609-2 0  3059
2 36491 086.3525 132.5255 0084397 349.4543 010.4891 14.38020918222252
0 IRIDIUM 33 DEB
1 36491U 97051WH  13283.29695193  .00009966  00000-0  31511-2 0  3061
2 36491 086.3525 131.6959 0084369 343.0608 016.7745 14.38058963222533
0 IRIDIUM 33 DEB
1 36491U 97051WH  13286.84552781  .00009980  00000-0  31530-2 0  3078
2 36491 086.3524 130.1843 0083736 331.1778 028.4914 14.38129613223047
0 IRIDIUM 33 DEB
1 36491U 97051WH  13287.81961461  .00010051  00000-0  31674-2 0  3086
2 36491 086.3500 129.7692 0085866 327.4204 032.2381 14.38151490223189
0 IRIDIUM 33 DEB
1 36491U 97051WH  13291.29837883  .00012643  00000-0  39707-2 0  3098
2 36491 086.3393 128.2795 0086947 319.4942 040.4529 14.38263154223689
0 IRIDIUM 33 DEB
1 36491U 97051WH  13293.24626656  .00012860  00000-0  40330-2 0  3106
2 36491 086.3406 127.4500 0087340 313.3489 046.0853 14.38315893223967
