0 COSMOS 2251 DEB
1 36540U 93036BDA 13281.09765345  .00001246  00000-0  44439-3 0  4493
2 36540 074.0371 151.4977 0023912 228.8339 283.8075 14.35095422220808
0 COSMOS 2251 DEB
1 36540U 93036BDA 13287.02314157  .00001622  00000-0  57549-3 0  4510
2 36540 074.0367 140.6365 0023685 216.8086 296.8332 14.35113865221653
0 COSMOS 2251 DEB
1 36540U 93036BDA 13289.04467623  .00001883  00000-0  66634-3 0  4526
2 36540 074.0364 136.9309 0023594 212.6175 300.9284 14.35124402221942
0 COSMOS 2251 DEB
1 36540U 93036BDA 13291.96779674  .00001949  00000-0  68925-3 0  4531
2 36540 074.0362 131.5723 0023458 206.5204 283.1429 14.35132286222364
0 COSMOS 2251 DEB
1 36540U 93036BDA 13293.99417848  .00002084  00000-0  73651-3 0  4542
2 36540 074.0360 127.8574 0023376 202.2989 312.4384 14.35140690222652
