0 IRIDIUM 33 DEB
1 36641U 97051XB  13281.77231515  .00027123  00000-0  57705-2 0  4422
2 36641 086.3143 111.6097 0052447 291.5562 068.0061 14.58023988219780
0 IRIDIUM 33 DEB
1 36641U 97051XB  13283.48797699  .00041691  00000-0  88269-2 0  4438
2 36641 086.3143 110.8472 0052287 285.7625 073.7821 14.58167751220039
0 IRIDIUM 33 DEB
1 36641U 97051XB  13283.96833149  .00038783  00000-0  82103-2 0  4442
2 36641 086.3179 110.6412 0052209 284.8449 074.6980 14.58192654220102
0 IRIDIUM 33 DEB
1 36641U 97051XB  13285.47797094  .00034166  00000-0  72239-2 0  4459
2 36641 086.3128 109.9615 0052019 279.1097 080.4229 14.58282775220326
0 IRIDIUM 33 DEB
1 36641U 97051XB  13286.78167297  .00036739  00000-0  77534-2 0  4462
2 36641 086.3136 109.3839 0051940 274.7567 084.7712 14.58356329220514
0 IRIDIUM 33 DEB
1 36641U 97051XB  13287.81086065  .00053256  00000-0  11196-1 0  4475
2 36641 086.3126 108.9251 0051781 271.3250 088.2027 14.58437168220666
0 IRIDIUM 33 DEB
1 36641U 97051XB  13287.94808053  .00067091  00000-0  14075-1 0  4480
2 36641 086.3120 108.8634 0051690 270.7528 088.7759 14.58447952220685
0 IRIDIUM 33 DEB
1 36641U 97051XB  13289.45741843  .00053764  00000-0  11263-1 0  4490
2 36641 086.3118 108.1925 0051817 266.0485 093.4800 14.58593542220901
0 IRIDIUM 33 DEB
1 36641U 97051XB  13289.80042989  .00049714  00000-0  10415-1 0  4504
2 36641 086.3112 108.0395 0051910 265.0105 094.5177 14.58614352220954
0 IRIDIUM 33 DEB
1 36641U 97051XB  13291.44680246  .00049152  00000-0  10267-1 0  4513
2 36641 086.3130 107.3089 0051837 259.7416 099.7946 14.58754639221190
0 IRIDIUM 33 DEB
1 36641U 97051XB  13292.81865931  .00049879  00000-0  10388-1 0  4522
2 36641 086.3118 106.6981 0052260 256.0846 103.4547 14.58871015221397
0 IRIDIUM 33 DEB
1 36641U 97051XB  13293.91606387  .00053371  00000-0  11096-1 0  4532
2 36641 086.3122 106.2072 0051048 250.7392 108.8291 14.58968024221559
0 IRIDIUM 33 DEB
1 36641U 97051XB  13295.76777327  .00067006  00000-0  13860-1 0  4542
2 36641 086.3168 105.3889 0050419 244.7271 114.8709 14.59133702221824
