0 ARIANE 5 R/B
1 36832U 10037C   13281.51443638  .00004838  00000-0  13650-2 0  6595
2 36832 002.5808 325.3669 7224280 075.1966 012.0588 02.35220126 26881
0 ARIANE 5 R/B
1 36832U 10037C   13283.19435547  .00004835  00000-0  13465-2 0  6604
2 36832 002.5807 324.8034 7224092 076.4833 354.6468 02.35240770 26922
0 ARIANE 5 R/B
1 36832U 10037C   13286.16890944  .00004483  00000-0  12661-2 0  6617
2 36832 002.5779 323.6547 7224430 078.9214 353.8115 02.35265735 26997
0 ARIANE 5 R/B
1 36832U 10037C   13287.46520296  .00005352  00000-0  15163-2 0  6628
2 36832 002.5783 323.1836 7224639 079.9514 011.7338 02.35273718 27025
0 ARIANE 5 R/B
1 36832U 10037C   13289.13838275  .00006210  00000-0  17583-2 0  6636
2 36832 002.5774 322.5561 7224711 081.3042 348.9498 02.35294807 27065
0 ARIANE 5 R/B
1 36832U 10037C   13290.43902942  .00006967  00000-0  19434-2 0  6641
2 36832 002.5767 322.0586 7224851 082.3654 010.6984 02.35306806 27093
0 ARIANE 5 R/B
1 36832U 10037C   13292.56697657  .00006456  00000-0  17631-2 0  6652
2 36832 002.5765 321.2111 7224961 084.1359 013.3888 02.35333473 27149
0 ARIANE 5 R/B
1 36832U 10037C   13295.08696222  .00006604  00000-0  17283-2 0  6668
2 36832 002.5763 320.2266 7224993 086.2155 348.4569 02.35365722 27206
