0 FTV 3502
1 00369U 62039A   13282.77943352  .00000669  00000-0  88784-4 0  4023
2 00369 098.4648 356.0081 0096692 274.4665 084.5504 14.80533923728526
0 FTV 3502
1 00369U 62039A   13284.13110863  .00000891  00000-0  11556-3 0  4038
2 00369 098.4648 357.4337 0096710 270.0996 088.9133 14.80536297728720
0 FTV 3502
1 00369U 62039A   13286.15861791  .00000852  00000-0  11076-3 0  4051
2 00369 098.4647 359.5724 0096742 263.5285 095.4903 14.80539861729027
0 FTV 3502
1 00369U 62039A   13287.17237135  .00001019  00000-0  13089-3 0  4066
2 00369 098.4645 000.6417 0096762 260.2425 098.7848 14.80540819729175
0 FTV 3502
1 00369U 62039A   13288.45645881  .00001486  00000-0  18705-3 0  4078
2 00369 098.4643 001.9961 0096820 256.1048 102.9378 14.80545681729360
0 FTV 3502
1 00369U 62039A   13289.47021101  .00001038  00000-0  13315-3 0  4080
2 00369 098.4640 003.0654 0096873 252.8270 106.2316 14.80549689729515
0 FTV 3502
1 00369U 62039A   13290.75429358  .00001214  00000-0  15426-3 0  4091
2 00369 098.4637 004.4198 0096942 248.6935 110.3905 14.80552412729706
0 FTV 3502
1 00369U 62039A   13291.76804102  .00001314  00000-0  16635-3 0  4103
2 00369 098.4635 005.4890 0096948 245.4075 113.7010 14.80553648729852
0 FTV 3502
1 00369U 62039A   13292.78178794  .00001487  00000-0  18704-3 0  4118
2 00369 098.4633 006.5582 0096984 242.1326 117.0035 14.80555820730000
0 FTV 3502
1 00369U 62039A   13293.79553475  .00001468  00000-0  18478-3 0  4121
2 00369 098.4632 007.6272 0097047 238.8689 120.2975 14.80558942730155
0 FTV 3502
1 00369U 62039A   13294.80928029  .00001517  00000-0  19067-3 0  4136
2 00369 098.4632 008.6963 0097091 235.6032 123.5969 14.80563162730305
0 FTV 3502
1 00369U 62039A   13295.82302316  .00001521  00000-0  19101-3 0  4149
2 00369 098.4633 009.7653 0097166 232.3483 126.8883 14.80565238730454
