0 COSMOS 2466 (GLONASS)
1 37137U 10041A   13281.52583853 -.00000040  00000-0  10000-3 0  9147
2 37137 065.1001 350.4886 0022788 156.3978 324.0508 02.13102532 24137
0 COSMOS 2466 (GLONASS)
1 37137U 10041A   13282.77168293 -.00000047  00000-0  10000-3 0  9150
2 37137 065.1001 350.4457 0022773 156.4635 199.7524 02.13102534 24155
0 COSMOS 2466 (GLONASS)
1 37137U 10041A   13283.84406883 -.00000053  00000-0  10000-3 0  9167
2 37137 065.1000 350.4087 0022766 156.5091 302.4029 02.13102533 24187
0 COSMOS 2466 (GLONASS)
1 37137U 10041A   13286.48758613 -.00000062  00000-0  10000-3 0  9183
2 37137 065.1001 350.3182 0022681 156.7903 170.1332 02.13102538 24231
0 COSMOS 2466 (GLONASS)
1 37137U 10041A   13287.58292823 -.00000062  00000-0  10000-3 0  9192
2 37137 065.1000 350.2803 0022648 156.8413 290.3889 02.13102534 24260
0 COSMOS 2466 (GLONASS)
1 37137U 10041A   13289.03201968 -.00000059  00000-0  10000-3 0  9202
2 37137 065.0999 350.2303 0022631 156.9246 321.9962 02.13102527 24296
0 COSMOS 2466 (GLONASS)
1 37137U 10041A   13290.72024088 -.00000057  00000-0  10000-3 0  9215
2 37137 065.1001 350.1724 0022518 157.3313 176.7304 02.13102517 24320
0 COSMOS 2466 (GLONASS)
1 37137U 10041A   13291.87355988 -.00000057  00000-0  10000-3 0  9229
2 37137 065.1001 350.1327 0022448 157.5241 341.3205 02.13102480 24355
0 COSMOS 2466 (GLONASS)
1 37137U 10041A   13293.52867376 -.00000060  00000-0  10000-3 0  9237
2 37137 065.1001 350.0759 0022420 157.6483 170.9394 02.13102468 24386
0 COSMOS 2466 (GLONASS)
1 37137U 10041A   13294.62420640 -.00000062  00000-0  10000-3 0  9241
2 37137 065.0999 350.0381 0022393 157.7540 291.2863 02.13102456 24415
