0 COSMOS 2464 (GLONASS)
1 37139U 10041C   13282.41649993 -.00000045  00000-0  00000+0 0  9034
2 37139 065.1182 350.5009 0018838 014.2731 025.3831 02.13102823 24152
0 COSMOS 2464 (GLONASS)
1 37139U 10041C   13283.42370477 -.00000051  00000-0  00000+0 0  9042
2 37139 065.1183 350.4663 0018833 014.0851 078.2639 02.13102832 24179
0 COSMOS 2464 (GLONASS)
1 37139U 10041C   13286.02857919 -.00000061  00000-0  00000+0 0  9065
2 37139 065.1183 350.3767 0018841 013.7714 276.9460 02.13102830 24229
0 COSMOS 2464 (GLONASS)
1 37139U 10041C   13287.46136931 -.00000062  00000-0  00000+0 0  9070
2 37139 065.1182 350.3275 0018837 013.6459 296.2581 02.13102832 24256
0 COSMOS 2464 (GLONASS)
1 37139U 10041C   13288.65711697 -.00000060  00000-0  00000+0 0  9089
2 37139 065.1181 350.2861 0018811 013.4359 133.8035 02.13102822 24286
0 COSMOS 2464 (GLONASS)
1 37139U 10041C   13290.04341659 -.00000057  00000-0  00000+0 0  9099
2 37139 065.1181 350.2383 0018817 013.1261 117.6329 02.13102810 24317
0 COSMOS 2464 (GLONASS)
1 37139U 10041C   13291.18217412 -.00000056  00000-0  00000+0 0  9105
2 37139 065.1181 350.1990 0018811 012.8858 271.4875 02.13102797 24333
0 COSMOS 2464 (GLONASS)
1 37139U 10041C   13292.29187019 -.00000057  00000-0  00000+0 0  9119
2 37139 065.1180 350.1608 0018808 012.7515 042.9410 02.13102780 24364
0 COSMOS 2464 (GLONASS)
1 37139U 10041C   13293.30960374 -.00000059  00000-0  00000+0 0  9128
2 37139 065.1181 350.1260 0018806 012.6637 103.7980 02.13102774 24384
0 COSMOS 2464 (GLONASS)
1 37139U 10041C   13294.51146885 -.00000062  00000-0  00000+0 0  9130
2 37139 065.1180 350.0848 0018811 012.5485 305.9418 02.13102766 24406
0 COSMOS 2464 (GLONASS)
1 37139U 10041C   13295.66735326 -.00000065  00000-0  00000+0 0  9145
2 37139 065.1179 350.0450 0018818 012.4593 112.7848 02.13102758 24434
