0 BSAT-3B
1 37207U 10056B   13281.85630093 -.00000362  00000-0  10000-3 0  7512
2 37207 000.0571 000.6202 0002568 265.9385 169.2360 01.00271132 10828
0 BSAT-3B
1 37207U 10056B   13283.00417278 -.00000366  00000-0  10000-3 0  7524
2 37207 000.0569 001.6777 0002561 263.9056 224.5712 01.00270468 10837
0 BSAT-3B
1 37207U 10056B   13284.02121493 -.00000369  00000-0  10000-3 0  7532
2 37207 000.0570 002.1657 0002585 263.0484 232.0708 01.00269902 10845
0 BSAT-3B
1 37207U 10056B   13285.48908073 -.00000373  00000-0  10000-3 0  7546
2 37207 000.0561 004.6944 0002623 255.9349 046.5276 01.00269501 10858
0 BSAT-3B
1 37207U 10056B   13286.50485049 -.00000375  00000-0  10000-3 0  7556
2 37207 000.0553 007.6547 0002642 252.6791 053.5002 01.00269638 10864
0 BSAT-3B
1 37207U 10056B   13287.00447559 -.00000375  00000-0  10000-3 0  7567
2 37207 000.0549 013.4965 0002556 250.7973 229.9013 01.00270162 10879
0 BSAT-3B
1 37207U 10056B   13288.01271999 -.00000376  00000-0  10000-3 0  7574
2 37207 000.0554 015.8616 0002752 249.9448 232.3510 01.00270477 10889
0 BSAT-3B
1 37207U 10056B   13288.83577240 -.00000375  00000-0  10000-3 0  7582
2 37207 000.0557 017.2563 0002740 245.1217 172.8914 01.00270755 10894
0 BSAT-3B
1 37207U 10056B   13289.53829096  .00000000  00000-0  10000-3 0  7606
2 37207 000.0510 355.1270 0002534 270.1077 063.5954 01.00264533953359
0 BSAT-3B
1 37207U 10056B   13289.98429329 -.00000373  00000-0  10000-3 0  7592
2 37207 000.0575 019.6360 0002949 243.3678 226.8624 01.00270546 10905
0 BSAT-3B
1 37207U 10056B   13290.99271315 -.00000371  00000-0  10000-3 0  7605
2 37207 000.0595 020.8973 0003028 241.3554 231.6339 01.00270138 10916
0 BSAT-3B
1 37207U 10056B   13294.56682057 -.00000365  00000-0  10000-3 0  7615
2 37207 000.0619 029.7683 0003345 236.3927 077.9435 01.00271446 10943
0 BSAT-3B
1 37207U 10056B   13295.78920481 -.00000363  00000-0  10000-3 0  7625
2 37207 000.0645 030.3091 0003454 237.8004 157.2746 01.00272747 10960
