0 MERIDIAN 3
1 37212U 10058A   13282.19603322  .00000124  00000-0  10000-3 0   881
2 37212 062.8022 222.9982 6890118 275.8974 238.9808 02.00617129 21498
0 MERIDIAN 3
1 37212U 10058A   13283.19972354  .00000110  00000-0  10000-3 0   892
2 37212 062.8021 222.8825 6889643 275.8992 243.8764 02.00617037 21510
0 MERIDIAN 3
1 37212U 10058A   13283.91328479  .00000099  00000-0  10000-3 0   903
2 37212 062.8034 222.7960 6889196 275.9003 039.2348 02.00617051 21522
0 MERIDIAN 3
1 37212U 10058A   13285.33242682  .00000078  00000-0  10000-3 0   910
2 37212 062.8038 222.6349 6888575 275.9014 344.1854 02.00617025 21552
0 MERIDIAN 3
1 37212U 10058A   13286.47296693  .00000067  00000-0  10000-3 0   926
2 37212 062.8039 222.5014 6888005 275.9018 087.9170 02.00616555 21575
0 MERIDIAN 3
1 37212U 10058A   13287.82600272  .00000064  00000-0  10000-3 0   936
2 37212 062.8041 222.3465 6887403 275.9036 345.1215 02.00616531 21604
0 MERIDIAN 3
1 37212U 10058A   13289.18892560  .00000071  00000-0  10000-3 0   949
2 37212 062.8042 222.1902 6886790 275.9060 249.4671 02.00616535 21633
0 MERIDIAN 3
1 37212U 10058A   13290.71803516  .00000084  00000-0  10000-3 0   958
2 37212 062.8040 222.0129 6885860 275.9062 273.8377 02.00616495 21662
0 MERIDIAN 3
1 37212U 10058A   13292.41750992  .00000094  00000-0  10000-3 0   968
2 37212 062.8041 221.8182 6885099 275.9091 061.2515 02.00616492 21698
0 MERIDIAN 3
1 37212U 10058A   13293.43804715  .00000094  00000-0  10000-3 0   975
2 37212 062.8046 221.7016 6884668 275.9086 078.3148 02.00616399 21713
0 MERIDIAN 3
1 37212U 10058A   13294.52281000  .00000091  00000-0  10000-3 0   980
2 37212 062.8059 221.5745 6884015 275.9061 141.7567 02.00615832 21736
0 MERIDIAN 3
1 37212U 10058A   13295.53777199  .00000085  00000-0  10000-3 0   995
2 37212 062.8056 221.4628 6883768 275.9080 154.7954 02.00616148 21765
