0 COSMOS 2251 DEB
1 37327U 93036BKT 13281.26663519  .00002146  00000-0  67313-3 0  1433
2 37327 074.0273 128.3582 0026479 231.5612 128.3638 14.40994965213901
0 COSMOS 2251 DEB
1 37327U 93036BKT 13283.90475132  .00002259  00000-0  70778-3 0  1443
2 37327 074.0274 123.4731 0026814 233.0817 126.8489 14.41009907214284
0 COSMOS 2251 DEB
1 37327U 93036BKT 13285.84860287  .00002309  00000-0  72282-3 0  1456
2 37327 074.0302 119.8678 0027886 231.0559 128.8716 14.41020810214568
0 COSMOS 2251 DEB
1 37327U 93036BKT 13287.16763277  .00002344  00000-0  73398-3 0  1463
2 37327 074.0310 117.4362 0026363 223.9247 135.9859 14.41028108214750
0 COSMOS 2251 DEB
1 37327U 93036BKT 13288.83378046  .00002777  00000-0  86889-3 0  1474
2 37327 074.0191 114.3481 0021306 230.1592 129.7998 14.41043696214990
0 COSMOS 2251 DEB
1 37327U 93036BKT 13291.81891369  .00003171  00000-0  99076-3 0  1486
2 37327 074.0163 108.8134 0019911 224.6462 135.4594 14.41069665215424
0 COSMOS 2251 DEB
1 37327U 93036BKT 13293.13787961  .00003279  00000-0  10239-2 0  1498
2 37327 074.0173 106.3719 0019404 214.6436 145.3906 14.41080786215619
0 COSMOS 2251 DEB
1 37327U 93036BKT 13295.15105513  .00003538  00000-0  11031-2 0  1500
2 37327 074.0138 102.6261 0022228 200.4251 159.7563 14.41100536215903
