0 COSMOS 2251 DEB
1 37547U 93036BPC 13281.17560571  .00002664  00000-0  70794-3 0  1646
2 37547 074.0419 091.9556 0030452 280.8520 078.9122 14.48842065210450
0 COSMOS 2251 DEB
1 37547U 93036BPC 13283.79944617  .00002648  00000-0  70340-3 0  1653
2 37547 074.0421 087.0398 0030728 275.1987 084.5727 14.48856268210839
0 COSMOS 2251 DEB
1 37547U 93036BPC 13287.73514683  .00003662  00000-0  96888-3 0  1671
2 37547 074.0429 079.6610 0030923 266.8145 093.0466 14.48890736211408
0 COSMOS 2251 DEB
1 37547U 93036BPC 13290.08269310  .00004188  00000-0  11068-2 0  1688
2 37547 074.0445 075.2755 0029870 262.2077 097.6112 14.48914626211741
0 COSMOS 2251 DEB
1 37547U 93036BPC 13292.08498784  .00004640  00000-0  12248-2 0  1694
2 37547 074.0432 071.5311 0030045 261.3673 098.4230 14.48935848212034
0 COSMOS 2251 DEB
1 37547U 93036BPC 13295.05386452  .00004618  00000-0  12182-2 0  1706
2 37547 074.0406 065.9638 0030228 256.3538 103.4268 14.48963028212467
