0 IRIDIUM 33 DEB
1 37550U 97051XK  13282.87337594  .00001335  00000-0  43318-3 0  2362
2 37550 086.3868 126.6985 0000321 130.6106 229.5139 14.38225042220401
0 IRIDIUM 33 DEB
1 37550U 97051XK  13285.30846690  .00001358  00000-0  44096-3 0  2375
2 37550 086.3880 125.6744 0000755 101.0591 259.0690 14.38232232220755
0 IRIDIUM 33 DEB
1 37550U 97051XK  13287.32610127  .00001395  00000-0  45300-3 0  2384
2 37550 086.3870 124.8218 0001418 096.8259 263.3128 14.38238954221044
0 IRIDIUM 33 DEB
1 37550U 97051XK  13289.83074337  .00001449  00000-0  47047-3 0  2390
2 37550 086.3876 123.7653 0003569 119.4627 240.7271 14.38247411221407
0 IRIDIUM 33 DEB
1 37550U 97051XK  13290.24817584  .00001513  00000-0  49156-3 0  2403
2 37550 086.3909 123.5940 0005524 124.2592 235.9818 14.38250948221467
0 IRIDIUM 33 DEB
1 37550U 97051XK  13292.26576699  .00001618  00000-0  52615-3 0  2417
2 37550 086.3895 122.7375 0004784 118.2066 241.9876 14.38260234221752
0 IRIDIUM 33 DEB
1 37550U 97051XK  13294.28336274  .00001652  00000-0  53718-3 0  2428
2 37550 086.3919 121.8893 0006634 116.8797 243.3485 14.38267979222043
0 IRIDIUM 33 DEB
1 37550U 97051XK  13295.25736061  .00001767  00000-0  57511-3 0  2437
2 37550 086.3873 121.4759 0003963 091.5603 268.6337 14.38274362222181
