0 IRIDIUM 33 DEB
1 37565U 97051YA  13284.24699676  .00000816  00000-0  25884-3 0  1509
2 37565 086.3535 117.4360 0017137 026.7352 333.4790 14.38799605211773
0 IRIDIUM 33 DEB
1 37565U 97051YA  13286.26383477  .00000860  00000-0  27300-3 0  1517
2 37565 086.3553 116.5756 0015851 023.6522 336.5581 14.38803942212063
0 IRIDIUM 33 DEB
1 37565U 97051YA  13290.22794796  .00000998  00000-0  31791-3 0  1520
2 37565 086.3541 114.8861 0016301 012.8773 347.2957 14.38813644212636
0 IRIDIUM 33 DEB
1 37565U 97051YA  13293.21840231  .00001129  00000-0  36051-3 0  1530
2 37565 086.3495 113.6141 0016278 004.9980 355.1662 14.38822141213068
0 IRIDIUM 33 DEB
1 37565U 97051YA  13295.23520647  .00001233  00000-0  39407-3 0  1545
2 37565 086.3490 112.7524 0017290 356.1087 004.0211 14.38828651213357
