0 BPA-2/SL-24 R/B
1 37795U 11044H   13282.48400971 -.00000009  00000-0  17564-4 0  2855
2 37795 098.1774 253.8407 0408465 227.5359 129.0591 13.71722095107493
0 BPA-2/SL-24 R/B
1 37795U 11044H   13282.70283938 -.00000025  00000-0  77375-5 0  2868
2 37795 098.1776 254.0280 0408462 226.9409 129.6852 13.71721924107523
0 BPA-2/SL-24 R/B
1 37795U 11044H   13283.14049947 -.00000027  00000-0  60824-5 0  2871
2 37795 098.1776 254.4025 0408470 225.7559 130.9383 13.71721917107588
0 BPA-2/SL-24 R/B
1 37795U 11044H   13283.35932949 -.00000027  00000-0  60824-5 0  2888
2 37795 098.1776 254.5897 0408470 225.1640 131.5642 13.71721921107615
0 BPA-2/SL-24 R/B
1 37795U 11044H   13283.72404639 -.00000026  00000-0  65846-5 0  2887
2 37795 098.1780 254.9025 0408517 224.1709 132.6154 13.71721924107662
0 BPA-2/SL-24 R/B
1 37795U 11044H   13284.01581989 -.00000023  00000-0  88200-5 0  2891
2 37795 098.1780 255.1522 0408547 223.3785 133.4546 13.71721982107708
0 BPA-2/SL-24 R/B
1 37795U 11044H   13284.45348038 -.00000023  00000-0  88532-5 0  2905
2 37795 098.1780 255.5268 0408562 222.1905 134.7135 13.71722014107768
0 BPA-2/SL-24 R/B
1 37795U 11044H   13285.47468973 -.00000026  00000-0  68828-5 0  2931
2 37795 098.1786 256.4015 0408599 219.4213 137.6544 13.71722000107902
0 BPA-2/SL-24 R/B
1 37795U 11044H   13285.69352052 -.00000027  00000-0  59058-5 0  2942
2 37795 098.1789 256.5890 0408616 218.8276 138.2855 13.71721956107933
0 BPA-2/SL-24 R/B
1 37795U 11044H   13286.13118235 -.00000030  00000-0  43384-5 0  2955
2 37795 098.1789 256.9635 0408630 217.6415 139.5487 13.71721956107993
0 BPA-2/SL-24 R/B
1 37795U 11044H   13286.49590059 -.00000022  00000-0  91857-5 0  2962
2 37795 098.1791 257.2758 0408637 216.6514 140.6038 13.71722037108045
0 BPA-2/SL-24 R/B
1 37795U 11044H   13286.71473176 -.00000014  00000-0  13836-4 0  2979
2 37795 098.1793 257.4631 0408657 216.0577 141.2375 13.71722098108075
0 BPA-2/SL-24 R/B
1 37795U 11044H   13287.00650659 -.00000017  00000-0  12001-4 0  2982
2 37795 098.1795 257.7128 0408674 215.2667 142.0813 13.71722083108116
0 BPA-2/SL-24 R/B
1 37795U 11044H   13287.44416905 -.00000003  00000-0  20614-4 0  2999
2 37795 098.1797 258.0877 0408691 214.0753 143.3551 13.71722282108175
0 BPA-2/SL-24 R/B
1 37795U 11044H   13287.88183159  .00000003  00000-0  24121-4 0  3008
2 37795 098.1796 258.4623 0408697 212.8912 144.6202 13.71722360108237
0 BPA-2/SL-24 R/B
1 37795U 11044H   13288.10066296  .00000003  00000-0  23775-4 0  3011
2 37795 098.1797 258.6496 0408697 212.2989 145.2535 13.71722379108265
0 BPA-2/SL-24 R/B
1 37795U 11044H   13288.46538206  .00000005  00000-0  25279-4 0  3029
2 37795 098.1798 258.9620 0408712 211.3094 146.3129 13.71722448108317
0 BPA-2/SL-24 R/B
1 37795U 11044H   13288.68421364  .00000004  00000-0  24698-4 0  3033
2 37795 098.1798 259.1494 0408718 210.7162 146.9478 13.71722438108349
0 BPA-2/SL-24 R/B
1 37795U 11044H   13289.12187694  .00000004  00000-0  24578-4 0  3046
2 37795 098.1799 259.5242 0408721 209.5302 148.2191 13.71722484108406
0 BPA-2/SL-24 R/B
1 37795U 11044H   13289.55954046  .00000011  00000-0  28520-4 0  3056
2 37795 098.1800 259.8990 0408729 208.3422 149.4942 13.71722607108460
0 BPA-2/SL-24 R/B
1 37795U 11044H   13289.77837232 -.00000003  00000-0  20293-4 0  3069
2 37795 098.1798 260.0859 0408751 207.7425 150.1355 13.71722429108497
0 BPA-2/SL-24 R/B
1 37795U 11044H   13290.07014872 -.00000002  00000-0  20514-4 0  3077
2 37795 098.1798 260.3357 0408746 206.9524 150.9867 13.71722456108539
0 BPA-2/SL-24 R/B
1 37795U 11044H   13290.21603672 -.00000001  00000-0  21262-4 0  3086
2 37795 098.1799 260.4608 0408754 206.5557 151.4133 13.71722491108554
0 BPA-2/SL-24 R/B
1 37795U 11044H   13290.65370054  .00000004  00000-0  24219-4 0  3097
2 37795 098.1801 260.8358 0408787 205.3657 152.6918 13.71722576108613
0 BPA-2/SL-24 R/B
1 37795U 11044H   13290.87253272  .00000015  00000-0  31287-4 0  3100
2 37795 098.1802 261.0231 0408783 204.7741 153.3292 13.71722710108646
0 BPA-2/SL-24 R/B
1 37795U 11044H   13291.09136470  .00000020  00000-0  34288-4 0  3116
2 37795 098.1803 261.2104 0408802 204.1820 153.9661 13.71722777108674
0 BPA-2/SL-24 R/B
1 37795U 11044H   13291.45608472  .00000027  00000-0  38207-4 0  3125
2 37795 098.1804 261.5228 0408834 203.1906 155.0331 13.71722916108722
0 BPA-2/SL-24 R/B
1 37795U 11044H   13291.67491689  .00000025  00000-0  37123-4 0  3134
2 37795 098.1804 261.7101 0408848 202.5976 155.6713 13.71722917108753
0 BPA-2/SL-24 R/B
1 37795U 11044H   13292.11258142  .00000024  00000-0  36274-4 0  3145
2 37795 098.1804 262.0849 0408857 201.4126 156.9482 13.71722963108816
0 BPA-2/SL-24 R/B
1 37795U 11044H   13292.55024613  .00000028  00000-0  38818-4 0  3158
2 37795 098.1805 262.4597 0408879 200.2245 158.2292 13.71723041108872
0 BPA-2/SL-24 R/B
1 37795U 11044H   13292.76907864  .00000022  00000-0  34934-4 0  3169
2 37795 098.1804 262.6470 0408874 199.6320 158.8682 13.71722997108905
0 BPA-2/SL-24 R/B
1 37795U 11044H   13293.06085541  .00000018  00000-0  32359-4 0  3177
2 37795 098.1804 262.8969 0408896 198.8402 159.7230 13.71722977108947
0 BPA-2/SL-24 R/B
1 37795U 11044H   13293.42557640  .00000022  00000-0  34818-4 0  3189
2 37795 098.1805 263.2093 0408912 197.8510 160.7916 13.71723047108996
0 BPA-2/SL-24 R/B
1 37795U 11044H   13293.86324186  .00000014  00000-0  29852-4 0  3198
2 37795 098.1804 263.5839 0408934 196.6665 162.0719 13.71723002109053
0 BPA-2/SL-24 R/B
1 37795U 11044H   13294.08207426  .00000010  00000-0  27435-4 0  3203
2 37795 098.1803 263.7712 0408937 196.0733 162.7115 13.71722983109084
0 BPA-2/SL-24 R/B
1 37795U 11044H   13294.51973963  .00000015  00000-0  30428-4 0  3219
2 37795 098.1807 264.1463 0408996 194.8835 163.9983 13.71723070109141
0 BPA-2/SL-24 R/B
1 37795U 11044H   13294.73857227  .00000006  00000-0  25060-4 0  3224
2 37795 098.1807 264.3336 0409016 194.2905 164.6383 13.71722981109173
0 BPA-2/SL-24 R/B
1 37795U 11044H   13295.10329359  .00000013  00000-0  29442-4 0  3233
2 37795 098.1808 264.6460 0409045 193.2999 165.7106 13.71723088109229
0 BPA-2/SL-24 R/B
1 37795U 11044H   13295.54095906  .00000011  00000-0  28090-4 0  3246
2 37795 098.1810 265.0209 0409038 192.1131 166.9936 13.71723092109281
0 BPA-2/SL-24 R/B
1 37795U 11044H   13295.75979218  .00000001  00000-0  22087-4 0  3256
2 37795 098.1809 265.2083 0409060 191.5192 167.6370 13.71722997109313
0 BPA-2/SL-24 R/B
1 37795U 11044H   13296.05156953  .00000001  00000-0  22087-4 0  3264
2 37795 098.1809 265.4580 0409060 190.7300 168.4923 13.71723018109351
