0 CZ-2D R/B
1 37932U 11068C   13282.46810897  .00000111  00000-0  68633-4 0  5459
2 37932 098.3551 267.5916 0037115 006.0747 103.8444 14.21558859 97934
0 CZ-2D R/B
1 37932U 11068C   13284.50868132  .00000115  00000-0  70664-4 0  5463
2 37932 098.3551 269.5240 0036978 000.0755 106.7474 14.21559611 98220
0 CZ-2D R/B
1 37932U 11068C   13285.83695896  .00000095  00000-0  61812-4 0  5478
2 37932 098.3552 270.7817 0036896 356.1586 064.4021 14.21560137 98415
0 CZ-2D R/B
1 37932U 11068C   13287.10004678  .00000102  00000-0  64896-4 0  5487
2 37932 098.3553 271.9777 0036828 352.4537 048.4211 14.21560451 98595
0 CZ-2D R/B
1 37932U 11068C   13288.46143611  .00000158  00000-0  90354-4 0  5498
2 37932 098.3556 273.2667 0036745 348.4147 175.5586 14.21561135 98790
0 CZ-2D R/B
1 37932U 11068C   13289.84868475  .00000120  00000-0  73001-4 0  5504
2 37932 098.3559 274.5802 0036663 344.2967 075.0409 14.21561804 98983
0 CZ-2D R/B
1 37932U 11068C   13291.04144284  .00000100  00000-0  64032-4 0  5517
2 37932 098.3561 275.7095 0036593 340.7835 059.1591 14.21562097 99150
0 CZ-2D R/B
1 37932U 11068C   13292.47482903  .00000115  00000-0  70655-4 0  5523
2 37932 098.3564 277.0667 0036513 336.5619 194.7301 14.21562191 99361
0 CZ-2D R/B
1 37932U 11068C   13293.59418814  .00000135  00000-0  79614-4 0  5534
2 37932 098.3566 278.1267 0036446 333.2328 163.2535 14.21562372 99515
0 CZ-2D R/B
1 37932U 11068C   13295.41998155  .00000097  00000-0  62755-4 0  5544
2 37932 098.3567 279.8558 0036374 327.7521 147.1320 14.21562973 99778
