0 IRIDIUM 33 DEB
1 38018U 97051YE  13281.25715513  .00008089  00000-0  21569-2 0  1910
2 38018 086.2820 104.7956 0012657 316.9675 170.1109 14.48307826191427
0 IRIDIUM 33 DEB
1 38018U 97051YE  13282.29226049  .00016261  00000-0  43332-2 0  1920
2 38018 086.2826 104.3386 0012600 313.3852 167.2254 14.48339573191570
0 IRIDIUM 33 DEB
1 38018U 97051YE  13284.22716670  .00013712  00000-0  36517-2 0  1935
2 38018 086.2825 103.4852 0012523 306.1318 176.8258 14.48376676191854
0 IRIDIUM 33 DEB
1 38018U 97051YE  13287.26769914  .00012591  00000-0  33490-2 0  1943
2 38018 086.2818 102.1437 0012544 294.8418 192.1756 14.48439112192296
0 IRIDIUM 33 DEB
1 38018U 97051YE  13288.23462041  .00018784  00000-0  49907-2 0  1953
2 38018 086.2811 101.7171 0012531 290.8772 194.8763 14.48470528192433
0 IRIDIUM 33 DEB
1 38018U 97051YE  13290.23776770  .00017602  00000-0  46722-2 0  1964
2 38018 086.2810 100.8330 0012549 283.2325 201.4679 14.48522551192725
0 IRIDIUM 33 DEB
1 38018U 97051YE  13291.74471184  .00015919  00000-0  42221-2 0  1972
2 38018 086.2830 100.1667 0012552 278.3550 139.6941 14.48565652192949
0 IRIDIUM 33 DEB
1 38018U 97051YE  13292.78198271  .00015672  00000-0  41541-2 0  1981
2 38018 086.2823 099.7097 0012690 274.3224 149.5304 14.48593390193098
0 IRIDIUM 33 DEB
1 38018U 97051YE  13295.21129894  .00019781  00000-0  52341-2 0  1993
2 38018 086.2832 098.6378 0012922 266.1041 218.6980 14.48658085193442
