0 COSMOS 2251 DEB
1 38056U 93036BRN 13285.51057243  .00002433  00000-0  20755-2 0   904
2 38056 073.9276 114.8501 0350403 236.6464 120.0658 13.62973940151658
0 COSMOS 2251 DEB
1 38056U 93036BRN 13287.93267767  .00004254  00000-0  36125-2 0   918
2 38056 073.9276 110.8788 0350369 232.2249 124.6655 13.62986333151988
0 COSMOS 2251 DEB
1 38056U 93036BRN 13291.16211384  .00003779  00000-0  32102-2 0   925
2 38056 073.9303 105.5826 0350390 226.3163 130.8426 13.63007428152421
0 COSMOS 2251 DEB
1 38056U 93036BRN 13292.48323509  .00004019  00000-0  34129-2 0   934
2 38056 073.9307 103.4160 0350282 223.9140 133.3647 13.63016896152603
0 COSMOS 2251 DEB
1 38056U 93036BRN 13295.78599978  .00005347  00000-0  45305-2 0   949
2 38056 073.9308 097.9989 0350233 217.9030 139.6959 13.63042040153052
