0 AVUM R/B
1 38086U 12006K   13282.45946568  .00061122  35909-5  70823-3 0  4011
2 38086 069.5065 269.6147 0663462 343.5268 184.8131 14.46469326 86174
0 AVUM R/B
1 38086U 12006K   13282.78447458  .00055864  35038-5  64816-3 0  4026
2 38086 069.5065 268.8352 0663317 343.0941 077.2496 14.46503371 86218
0 AVUM R/B
1 38086U 12006K   13283.53311322  .00079841  00000-0  91575-3 0  4030
2 38086 069.5066 267.0416 0662442 342.1244 015.8010 14.46577643 86320
0 AVUM R/B
1 38086U 12006K   13287.15473553  .00055617  35218-5  64115-3 0  4047
2 38086 069.5058 258.3479 0661659 337.2959 158.7659 14.46978197 86853
0 AVUM R/B
1 38086U 12006K   13288.46790072  .00066171  37127-5  75886-3 0  4056
2 38086 069.5060 255.1949 0661135 335.5505 159.5780 14.47135004 87049
0 AVUM R/B
1 38086U 12006K   13290.11077955  .00062907  36597-5  72037-3 0  4068
2 38086 069.5066 251.2490 0660384 333.3689 079.0817 14.47337062 87277
0 AVUM R/B
1 38086U 12006K   13292.12892863  .00059895  36161-5  68417-3 0  4071
2 38086 069.5074 246.4008 0659517 330.6889 155.3824 14.47582552 87570
0 AVUM R/B
1 38086U 12006K   13294.48055024  .00060766  36421-5  69152-3 0  4088
2 38086 069.5075 240.7496 0658549 327.5666 171.5552 14.47854583 87913
0 AVUM R/B
1 38086U 12006K   13295.84929196  .00058091  36022-5  66071-3 0  4092
2 38086 069.5073 237.4595 0657930 325.7455 106.2063 14.48011872 88104
