0 IRIDIUM 33 DEB
1 38242U 97051ZS  13288.33404000  .00078372  00000-0  14443-1 0  1162
2 38242 086.3322 121.5065 0057677 282.3805 197.2754 14.64025760145106
0 IRIDIUM 33 DEB
1 38242U 97051ZS  13289.26806388  .00040253  00000-0  74299-2 0  1174
2 38242 086.3387 121.0811 0060299 278.2260 081.2384 14.64084695145231
0 IRIDIUM 33 DEB
1 38242U 97051ZS  13290.29321983  .00040825  00000-0  75423-2 0  1188
2 38242 086.3777 120.6532 0056748 260.1341 099.5256 14.64175487145389
0 IRIDIUM 33 DEB
1 38242U 97051ZS  13290.77154638  .00088120  00000-0  16379-1 0  1209
2 38242 086.3371 120.3245 0052137 263.1948 096.3818 14.64343970145452
0 IRIDIUM 33 DEB
1 38242U 97051ZS  13290.77157563  .00041153  00000-0  75603-2 0  1211
2 38242 086.3322 120.3993 0062057 279.3135 080.0009 14.64219543145457
0 IRIDIUM 33 DEB
1 38242U 97051ZS  13292.27501419  .00053940  00000-0  98903-2 0  1227
2 38242 086.3382 119.7573 0056074 270.1898 090.0069 14.64459294145676
