0 OPS 4682 DEB
1 38374U 65027CB  13283.18322104  .00000037  00000-0  10000-3 0   639
2 38374 090.2796 255.2066 0024246 236.1794 123.6910 12.99181952568532
0 OPS 4682 DEB
1 38374U 65027CB  13286.18681980  .00000037  00000-0  10000-3 0   654
2 38374 090.2720 255.2677 0024950 233.5892 126.2928 12.99180360568922
0 OPS 4682 DEB
1 38374U 65027CB  13289.65250653  .00000037  00000-0  10000-3 0   669
2 38374 090.2798 255.3601 0025883 225.7489 134.1426 12.99179905569370
0 OPS 4682 DEB
1 38374U 65027CB  13290.34564606  .00000037  00000-0  10000-3 0   674
2 38374 090.2898 255.3908 0027719 219.0068 140.9381 12.99180211569467
0 OPS 4682 DEB
1 38374U 65027CB  13292.34803749  .00000037  00000-0  10000-3 0   681
2 38374 090.2887 255.4491 0026455 210.7584 149.1537 12.99179099569725
0 OPS 4682 DEB
1 38374U 65027CB  13295.19761691  .00000037  00000-0  10000-3 0   697
2 38374 090.2904 255.5249 0027300 205.2257 154.7974 12.99180228570098
