0 OPS 4682 DEB
1 38396U 65027CZ  13286.17606178  .00000816  00000-0  28367-2 0  1686
2 38396 090.2879 251.5690 0034739 033.4102 326.9200 12.96025742532430
0 OPS 4682 DEB
1 38396U 65027CZ  13288.33772316  .00000515  00000-0  17809-2 0  1690
2 38396 090.2901 251.6268 0035040 028.0557 332.2442 12.96032726532717
0 OPS 4682 DEB
1 38396U 65027CZ  13289.34134924  .00000160  00000-0  53608-3 0  1705
2 38396 090.2920 251.6564 0034963 025.5082 334.7754 12.96036369532849
0 OPS 4682 DEB
1 38396U 65027CZ  13290.34497273 -.00000062  00000-0 -24243-3 0  1713
2 38396 090.2925 251.6819 0034993 023.1230 337.1455 12.96039174532975
0 OPS 4682 DEB
1 38396U 65027CZ  13292.35221313 -.00000238  00000-0 -86009-3 0  1720
2 38396 090.2925 251.7340 0035083 018.4646 341.7739 12.96039978533232
0 OPS 4682 DEB
1 38396U 65027CZ  13294.35944602  .00000141  00000-0  46994-3 0  1736
2 38396 090.2930 251.7870 0034889 013.1285 347.0735 12.96035926533492
0 OPS 4682 DEB
1 38396U 65027CZ  13296.13507829  .00000563  00000-0  19496-2 0  1745
2 38396 090.2926 251.8346 0034793 008.8382 351.3343 12.96031588533728
