0 OPS 4682 DEB
1 38443U 65027EY  13280.88499093  .00000222  00000-0  10000-3 0   739
2 38443 090.2709 245.4105 0026644 261.0354 098.8200 12.98706970538210
0 OPS 4682 DEB
1 38443U 65027EY  13292.82657964  .00000686  00000-0  22941-2 0   740
2 38443 090.2607 245.6988 0026464 229.9129 129.8181 12.98723757539767
0 OPS 4682 DEB
1 38443U 65027EY  13293.28886543  .00000686  00000-0  22941-2 0   759
2 38443 090.2812 245.7261 0027403 235.8303 123.9647 12.98719886539821
0 OPS 4682 DEB
1 38443U 65027EY  13294.82972748  .00000686  00000-0  22941-2 0   764
2 38443 090.2718 245.7616 0025904 233.0917 126.7352 12.98720525540025
