0 BREEZE-M DEB
1 38573U 08011U   13282.19304395  .00000054  00000-0  00000+0 0  3561
2 38573 048.7854 210.3963 6323225 230.1527 344.8692 03.02092517 27836
0 BREEZE-M DEB
1 38573U 08011U   13290.45325321 -.00000000  00000-0  00000+0 0  3574
2 38573 048.7774 207.7182 6324893 232.4871 328.2173 03.02088476 28086
0 BREEZE-M DEB
1 38573U 08011U   13291.46603032  .00000003  00000-0  00000+0 0  3587
2 38573 048.7762 207.3894 6325131 232.7736 349.6749 03.02087050 28115
0 BREEZE-M DEB
1 38573U 08011U   13292.70351418  .00000010  00000-0  00000+0 0  3592
2 38573 048.7747 206.9880 6325509 233.1235 255.5085 03.02085102 28154
0 BREEZE-M DEB
1 38573U 08011U   13294.66115475  .00000022  00000-0  00000+0 0  3605
2 38573 048.7719 206.3518 6325907 233.6770 224.5521 03.02081512 28215
