0 GONETS M 03
1 38734U 12041B   13282.99871276  .00000024  00000-0  10000-3 0  3835
2 38734 082.4697 083.3241 0020155 075.4818 284.8494 12.42825617 54523
0 GONETS M 03
1 38734U 12041B   13284.04522539  .00000024  00000-0  10000-3 0  3849
2 38734 082.4695 082.6705 0020137 073.3000 287.0288 12.42825649 54653
0 GONETS M 03
1 38734U 12041B   13285.33324126  .00000024  00000-0  10000-3 0  3855
2 38734 082.4695 081.8668 0020166 070.5685 289.7572 12.42825634 54819
0 GONETS M 03
1 38734U 12041B   13286.46025493  .00000024  00000-0  10000-3 0  3866
2 38734 082.4702 081.1631 0020162 068.0796 292.2426 12.42825638 54958
0 GONETS M 03
1 38734U 12041B   13287.66776916  .00000024  00000-0  10000-3 0  3873
2 38734 082.4704 080.4097 0020147 065.8391 294.4791 12.42825645 55102
0 GONETS M 03
1 38734U 12041B   13289.03628523  .00000024  00000-0  10000-3 0  3887
2 38734 082.4701 079.5546 0020166 062.8701 297.4430 12.42825668 55276
0 GONETS M 03
1 38734U 12041B   13290.08279734  .00000024  00000-0  10000-3 0  3891
2 38734 082.4700 078.9015 0020135 060.7010 299.6075 12.42825690 55404
0 GONETS M 03
1 38734U 12041B   13291.12930946  .00000024  00000-0  10000-3 0  3908
2 38734 082.4701 078.2485 0020098 058.5661 301.7386 12.42825732 55535
0 GONETS M 03
1 38734U 12041B   13292.33682290  .00000024  00000-0  10000-3 0  3919
2 38734 082.4700 077.4938 0020090 056.0236 304.2754 12.42825812 55683
0 GONETS M 03
1 38734U 12041B   13293.38333448  .00000024  00000-0  10000-3 0  3924
2 38734 082.4704 076.8407 0020040 053.9294 306.3646 12.42825901 55813
0 GONETS M 03
1 38734U 12041B   13294.67134833  .00000024  00000-0  10000-3 0  3935
2 38734 082.4702 076.0361 0020013 051.2418 309.0455 12.42826031 55971
0 GONETS M 03
1 38734U 12041B   13295.87886149  .00000024  00000-0  10000-3 0  3943
2 38734 082.4707 075.2830 0019937 048.7224 311.5573 12.42826076 56123
