0 BREEZE-M DEB
1 38873U 12044E   13281.06977650  .00299078  14355-4  40825-2 0  5696
2 38873 050.1097 153.6102 1232025 253.2367 093.0019 13.19249787 41552
0 BREEZE-M DEB
1 38873U 12044E   13282.05432761  .00400259  21604-4  54404-2 0  5705
2 38873 050.1098 150.0411 1229212 256.1559 089.9854 13.19905107 41686
0 BREEZE-M DEB
1 38873U 12044E   13282.81128734  .00373200  19486-4  50574-2 0  5716
2 38873 050.1141 147.2923 1226250 258.4211 087.6802 13.20599048 41784
0 BREEZE-M DEB
1 38873U 12044E   13283.11396865  .00380961  20093-4  51668-2 0  5726
2 38873 050.1098 146.1949 1225258 259.3339 086.7553 13.20801533 41822
0 BREEZE-M DEB
1 38873U 12044E   13283.71918091  .00460163  00000-0  65454-2 0  5748
2 38873 050.1100 143.9990 1219397 261.0975 085.0268 13.21271762 41900
0 BREEZE-M DEB
1 38873U 12044E   13283.79481287  .00407612  22273-4  55198-2 0  5731
2 38873 050.1102 143.7211 1223164 261.3732 084.7009 13.21276153 41916
0 BREEZE-M DEB
1 38873U 12044E   13284.02170762  .00380805  20106-4  51586-2 0  5746
2 38873 050.1102 142.8962 1222522 262.0592 084.0131 13.21414884 41945
0 BREEZE-M DEB
1 38873U 12044E   13285.76041424  .00353532  18093-4  47654-2 0  5762
2 38873 050.1106 136.5690 1217711 267.2608 078.8634 13.22541579 42174
0 BREEZE-M DEB
1 38873U 12044E   13286.59144854  .00351456  17964-4  47280-2 0  5770
2 38873 050.1106 133.5409 1215444 269.7567 076.4322 13.23065474 42287
0 BREEZE-M DEB
1 38873U 12044E   13286.96907975  .00350702  17922-4  46943-2 0  5785
2 38873 050.1125 132.1635 1214559 270.8934 075.3318 13.23332832 42335
0 BREEZE-M DEB
1 38873U 12044E   13287.72413764  .00427762  24148-4  57133-2 0  5791
2 38873 050.1115 129.4094 1212207 273.1486 073.1710 13.23865340 42436
0 BREEZE-M DEB
1 38873U 12044E   13287.95058917  .00473991  28492-4  63296-2 0  5801
2 38873 050.1117 128.5820 1211139 273.8277 072.5282 13.24095341 42460
0 BREEZE-M DEB
1 38873U 12044E   13288.70515513  .00422469  23734-4  56172-2 0  5819
2 38873 050.1118 125.8250 1208391 276.0936 070.3875 13.24764752 42565
0 BREEZE-M DEB
1 38873U 12044E   13289.76095678  .00455435  26798-4  60342-2 0  5828
2 38873 050.1100 121.9667 1204820 279.2818 067.4052 13.25591404 42705
0 BREEZE-M DEB
1 38873U 12044E   13290.51465809  .00429840  00000-0  54741-2 0  5832
2 38873 050.1157 119.1932 1203761 281.4634 065.3782 13.26325514 42801
0 BREEZE-M DEB
1 38873U 12044E   13290.51470942  .00460027  27279-4  60806-2 0  5838
2 38873 050.1105 119.2070 1202247 281.5411 065.3152 13.26187080 42805
0 BREEZE-M DEB
1 38873U 12044E   13290.51471428  .00334822  00000-0  45022-2 0  5844
2 38873 050.1111 119.1990 1200542 281.5048 065.3800 13.26220550 42804
0 BREEZE-M DEB
1 38873U 12044E   13290.66542734  .00334891  00000-0  45147-2 0  5865
2 38873 050.1147 118.6557 1199828 281.9878 064.9356 13.26337698 42820
0 BREEZE-M DEB
1 38873U 12044E   13290.89145663  .00423377  23924-4  55982-2 0  5848
2 38873 050.1104 117.8257 1200689 282.6796 064.2717 13.26525874 42858
0 BREEZE-M DEB
1 38873U 12044E   13291.71999653  .00425101  24119-4  56085-2 0  5856
2 38873 050.1116 114.7888 1198039 285.1761 061.9913 13.27136575 42963
0 BREEZE-M DEB
1 38873U 12044E   13292.47288468  .00414254  23206-4  54564-2 0  5869
2 38873 050.1113 112.0257 1195664 287.4481 059.9343 13.27680502 43066
0 BREEZE-M DEB
1 38873U 12044E   13292.92446827  .00401523  22145-4  52892-2 0  5873
2 38873 050.1096 110.3656 1194007 288.8171 058.7054 13.28042336 43122
0 BREEZE-M DEB
1 38873U 12044E   13293.67685522  .00430887  24740-4  56715-2 0  5880
2 38873 050.1097 107.5998 1191584 291.0867 056.6783 13.28578465 43229
0 BREEZE-M DEB
1 38873U 12044E   13294.50410964  .00450407  26593-4  59196-2 0  5894
2 38873 050.1096 104.5565 1188853 293.5894 054.4622 13.29193873 43334
0 BREEZE-M DEB
1 38873U 12044E   13294.72965584  .00469608  28465-4  61613-2 0  5903
2 38873 050.1088 103.7263 1188077 294.2719 053.8615 13.29386667 43366
0 BREEZE-M DEB
1 38873U 12044E   13294.88000080  .00430508  24776-4  56440-2 0  5912
2 38873 050.1080 103.1731 1187599 294.7376 053.4520 13.29507024 43389
