0 DELTA 1 DEB
1 39096U 73086HJ  13276.72189625  .00000089  00000-0  10056-2 0   251
2 39096 101.2839 099.7270 0074078 197.4510 162.4013 12.36148019474029
0 DELTA 1 DEB
1 39096U 73086HJ  13281.33499469  .00000089  00000-0  10056-2 0   265
2 39096 101.2844 103.9862 0074815 187.7010 172.3005 12.36149467474597
0 DELTA 1 DEB
1 39096U 73086HJ  13287.72857806  .00000089  00000-0  10056-2 0   278
2 39096 101.2779 109.8604 0075042 176.3221 183.8690 12.36151741475387
0 DELTA 1 DEB
1 39096U 73086HJ  13290.31837508  .00000089  00000-0  10056-2 0   285
2 39096 101.2823 112.2228 0074732 172.1272 188.1000 12.36152226475700
