0 BRITE-U UNIBRITE
1 39092U 13009G   13281.66778282  .00000037  00000-0  29147-4 0  1895
2 39092 098.6239 111.6494 0009262 336.7179 023.3611 14.34414180 32262
0 BRITE-U UNIBRITE
1 39092U 13009G   13282.78385868  .00000037  00000-0  28932-4 0  1906
2 39092 098.6238 112.7620 0009310 332.4177 027.6567 14.34414309 32427
0 BRITE-U UNIBRITE
1 39092U 13009G   13284.38821557  .00000407  00000-0  16024-3 0  1914
2 39092 098.6238 114.3625 0009310 327.6769 032.3923 14.34416933 32652
0 BRITE-U UNIBRITE
1 39092U 13009G   13285.43453364  .00000434  00000-0  16997-3 0  1928
2 39092 098.6248 115.4077 0009517 323.6881 036.3659 14.34417727 32805
0 BRITE-U UNIBRITE
1 39092U 13009G   13286.48085538 -.00000011  00000-0  12022-4 0  1937
2 39092 098.6255 116.4540 0009238 321.9954 038.0601 14.34415935 32952
0 BRITE-U UNIBRITE
1 39092U 13009G   13287.52717580  .00000127  00000-0  61119-4 0  1941
2 39092 098.6257 117.4982 0009140 318.8135 041.2414 14.34416442 33103
0 BRITE-U UNIBRITE
1 39092U 13009G   13288.78275782  .00000335  00000-0  13480-3 0  1952
2 39092 098.6249 118.7511 0009060 315.0435 045.0065 14.34418101 33286
0 BRITE-U UNIBRITE
1 39092U 13009G   13290.10809273  .00000190  00000-0  83239-4 0  1969
2 39092 098.6254 120.0744 0008986 310.8825 049.1529 14.34418265 33470
0 BRITE-U UNIBRITE
1 39092U 13009G   13291.50318629  .00000068  00000-0  39843-4 0  1971
2 39092 098.6254 121.4664 0008986 306.7603 053.2805 14.34418277 33672
0 BRITE-U UNIBRITE
1 39092U 13009G   13293.10753844  .00000221  00000-0  94392-4 0  1983
2 39092 098.6242 123.0672 0009334 302.1707 057.8532 14.34419549 33905
0 BRITE-U UNIBRITE
1 39092U 13009G   13294.43287526 -.00000068  00000-0 -81995-5 0  1997
2 39092 098.6220 124.3893 0009056 297.1299 062.8977 14.34419050 34097
0 BRITE-U UNIBRITE
1 39092U 13009G   13295.47918965  .00000552  00000-0  21174-3 0  2000
2 39092 098.6222 125.4353 0008833 292.6272 067.3984 14.34422654 34244
