0 KUAIZHOU 1 (KZ-1)
1 39262U 13053A   13282.43764954  .00173190  12985-4  49512-3 0   582
2 39262 096.6537 003.1730 0007648 201.2870 158.8148 15.93188655  2254
0 KUAIZHOU 1 (KZ-1)
1 39262U 13053A   13282.75168891  .00195698  16142-4  55432-3 0   590
2 39262 096.6538 003.4833 0008104 196.7888 163.4074 15.93352329  2304
0 KUAIZHOU 1 (KZ-1)
1 39262U 13053A   13283.00287580  .00214949  19175-4  60456-3 0   600
2 39262 096.6546 003.7306 0007644 193.8918 166.2346 15.93489589  2347
0 KUAIZHOU 1 (KZ-1)
1 39262U 13053A   13283.37963881  .00230896  21942-4  64293-3 0   613
2 39262 096.6524 004.1009 0007436 195.8294 164.2756 15.93680939  2408
0 KUAIZHOU 1 (KZ-1)
1 39262U 13053A   13283.75636878  .00226295  21173-4  62496-3 0   626
2 39262 096.6527 004.4720 0007320 198.3263 161.7597 15.93840000  2468
0 KUAIZHOU 1 (KZ-1)
1 39262U 13053A   13284.07028473  .00218398  19852-4  59937-3 0   631
2 39262 096.6524 004.7814 0007462 194.0121 166.0544 15.93958699  2515
0 KUAIZHOU 1 (KZ-1)
1 39262U 13053A   13284.38418492  .00209272  18379-4  57091-3 0   643
2 39262 096.6522 005.0904 0007328 191.1684 168.9373 15.94075722  2564
0 KUAIZHOU 1 (KZ-1)
1 39262U 13053A   13285.38848543  .00200778  17120-4  53675-3 0   670
2 39262 096.6530 006.0809 0007337 189.1395 170.9751 15.94460713  2723
0 KUAIZHOU 1 (KZ-1)
1 39262U 13053A   13285.76503238  .00200182  17057-4  53097-3 0   688
2 39262 096.6531 006.4524 0007404 188.5573 171.5552 15.94608036  2782
0 KUAIZHOU 1 (KZ-1)
1 39262U 13053A   13286.07879464  .00204724  17794-4  53919-3 0   698
2 39262 096.6535 006.7622 0007350 187.9449 172.1794 15.94740805  2835
0 KUAIZHOU 1 (KZ-1)
1 39262U 13053A   13286.39252779  .00207594  18279-4  54286-3 0   704
2 39262 096.6539 007.0703 0007420 187.0417 173.0768 15.94873616  2880
0 KUAIZHOU 1 (KZ-1)
1 39262U 13053A   13286.76897651  .00208959  18534-4  54198-3 0   712
2 39262 096.6537 007.4415 0007166 187.9128 172.2048 15.95029945  2945
0 KUAIZHOU 1 (KZ-1)
1 39262U 13053A   13287.08265653  .00210525  18818-4  54225-3 0   728
2 39262 096.6544 007.7516 0007145 187.0364 173.0856 15.95160629  2994
0 KUAIZHOU 1 (KZ-1)
1 39262U 13053A   13287.39630793  .00211995  19090-4  54213-3 0   736
2 39262 096.6545 008.0612 0007182 186.5716 173.5473 15.95294304  3047
0 KUAIZHOU 1 (KZ-1)
1 39262U 13053A   13287.77265683  .00212906  19277-4  53984-3 0   745
2 39262 096.6546 008.4329 0007169 186.2336 173.8863 15.95453331  3107
0 KUAIZHOU 1 (KZ-1)
1 39262U 13053A   13288.08624843  .00225620  21503-4  56726-3 0   757
2 39262 096.6554 008.7433 0006797 184.9318 175.2152 15.95613474  3154
0 KUAIZHOU 1 (KZ-1)
1 39262U 13053A   13288.39980024  .00238419  23893-4  59387-3 0   768
2 39262 096.6565 009.0523 0007130 187.8849 172.2467 15.95780823  3208
0 KUAIZHOU 1 (KZ-1)
1 39262U 13053A   13288.90141386  .00253058  26839-4  62100-3 0   772
2 39262 096.6572 009.5488 0006916 184.5486 175.5740 15.96058671  3281
0 KUAIZHOU 1 (KZ-1)
1 39262U 13053A   13289.21487530  .00262811  28915-4  63853-3 0   782
2 39262 096.6568 009.8590 0006961 185.9159 174.2043 15.96241573  3338
0 KUAIZHOU 1 (KZ-1)
1 39262U 13053A   13289.52831063  .00266850  29838-4  64243-3 0   797
2 39262 096.6570 010.1693 0006870 186.1432 173.9764 15.96411602  3389
0 KUAIZHOU 1 (KZ-1)
1 39262U 13053A   13289.84171507  .00268582  30274-4  64076-3 0   808
2 39262 096.6567 010.4792 0006926 184.8466 175.2744 15.96577876  3437
0 KUAIZHOU 1 (KZ-1)
1 39262U 13053A   13290.23280957  .00199565  16256-4  63804-3 0   810
2 39262 096.6481 010.8726 0018033 312.2655 132.5219 15.90772773  3498
0 KUAIZHOU 1 (KZ-1)
1 39262U 13053A   13290.40670791  .00225649  20361-4  71629-3 0   828
2 39262 096.6592 011.0399 0020569 313.6222 046.3332 15.90819818  3526
0 KUAIZHOU 1 (KZ-1)
1 39262U 13053A   13290.78411334  .00185098  14252-4  58373-3 0   832
2 39262 096.6583 011.4092 0020535 311.7511 048.1882 15.90958660  3588
0 KUAIZHOU 1 (KZ-1)
1 39262U 13053A   13290.84701463  .00176514  13118-4  55629-3 0   849
2 39262 096.6583 011.4710 0020515 311.4697 048.4821 15.90974709  3594
0 KUAIZHOU 1 (KZ-1)
1 39262U 13053A   13291.22438158  .00198715  16203-4  62133-3 0   854
2 39262 096.6589 011.8413 0020201 309.7368 050.2127 15.91133559  3659
0 KUAIZHOU 1 (KZ-1)
1 39262U 13053A   13291.53883038  .00189765  14941-4  58985-3 0   862
2 39262 096.6595 012.1507 0020385 308.3455 051.5988 15.91244335  3709
0 KUAIZHOU 1 (KZ-1)
1 39262U 13053A   13291.87293567  .00183600  14111-4  56728-3 0   876
2 39262 096.6584 012.4769 0020549 306.9697 165.6187 15.91356381  3752
0 KUAIZHOU 1 (KZ-1)
1 39262U 13053A   13292.11260691  .00184016  14181-4  56606-3 0   881
2 39262 096.6587 012.7121 0020493 305.7270 098.9990 15.91444122  3797
0 KUAIZHOU 1 (KZ-1)
1 39262U 13053A   13292.51592593  .00180067  13672-4  55000-3 0   898
2 39262 096.6592 013.1078 0020473 303.7671 250.1510 15.91583503  3854
0 KUAIZHOU 1 (KZ-1)
1 39262U 13053A   13292.87869130  .00176896  13273-4  53706-3 0   906
2 39262 096.6595 013.4644 0020371 301.8672 169.2196 15.91704995  3913
0 KUAIZHOU 1 (KZ-1)
1 39262U 13053A   13293.12075319  .00178516  13498-4  53956-3 0   911
2 39262 096.6592 013.7022 0020320 300.8195 116.3972 15.91792927  3957
0 KUAIZHOU 1 (KZ-1)
1 39262U 13053A   13293.52100694  .00177922  13440-4  53380-3 0   929
2 39262 096.6588 014.0954 0020381 298.9964 250.3710 15.91933546  4019
0 KUAIZHOU 1 (KZ-1)
1 39262U 13053A   13293.88481877  .00177321  13379-4  52871-3 0   932
2 39262 096.6582 014.4532 0020225 297.3036 175.6889 15.92058924  4070
0 KUAIZHOU 1 (KZ-1)
1 39262U 13053A   13294.13122973  .00181024  13884-4  53709-3 0   948
2 39262 096.6567 014.6954 0020221 296.1682 148.1790 15.92152969  4118
0 KUAIZHOU 1 (KZ-1)
1 39262U 13053A   13294.52538194  .00182834  14151-4  53836-3 0   957
2 39262 096.6562 015.0832 0020212 294.1689 247.9055 15.92298442  4173
0 KUAIZHOU 1 (KZ-1)
1 39262U 13053A   13294.88979552  .00184192  14358-4  53876-3 0   966
2 39262 096.6563 015.4420 0020045 292.5192 177.1160 15.92432215  4232
0 KUAIZHOU 1 (KZ-1)
1 39262U 13053A   13295.13652127  .00185882  14605-4  54118-3 0   974
2 39262 096.6547 015.6846 0019939 291.2312 151.8846 15.92524429  4271
0 KUAIZHOU 1 (KZ-1)
1 39262U 13053A   13295.50883225  .00183408  14284-4  53056-3 0   986
2 39262 096.6548 016.0510 0019705 289.7298 126.4873 15.92656751  4330
0 KUAIZHOU 1 (KZ-1)
1 39262U 13053A   13295.89186293  .00182910  14237-4  52540-3 0   992
2 39262 096.6543 016.4272 0019642 288.3119 162.6077 15.92793902  4395
0 KUAIZHOU 1 (KZ-1)
1 39262U 13053A   13296.14178140  .00187701  14919-4  53610-3 0  1005
2 39262 096.6533 016.6728 0019807 287.8006 155.2294 15.92895201  4433
