0 CUSAT 2/FALCON 9
1 39271U 13055G   13282.59872507  .00014710  00000-0  46487-3 0    92
2 39271 081.0103 305.2260 0802452 130.9256 236.4319 13.97088004  1393
0 CUSAT 2/FALCON 9
1 39271U 13055G   13282.74196646  .00012291  00000-0  38733-3 0   101
2 39271 081.0121 305.0839 0802671 130.5226 236.8683 13.97087265  1418
0 CUSAT 2/FALCON 9
1 39271U 13055G   13282.88520986  .00017039  00000-0  53844-3 0   110
2 39271 081.0106 304.9414 0802437 130.1350 237.3199 13.97101870  1431
0 CUSAT 2/FALCON 9
1 39271U 13055G   13283.45816435  .00013301  00000-0  41883-3 0   120
2 39271 081.0121 304.3755 0802668 128.5300 239.0457 13.97110826  1518
0 CUSAT 2/FALCON 9
1 39271U 13055G   13283.60140766  .00016830  00000-0  53090-3 0   138
2 39271 081.0113 304.2311 0802497 128.1576 239.4966 13.97125070  1535
0 CUSAT 2/FALCON 9
1 39271U 13055G   13284.53243795  .00015012  00000-0  47323-3 0   141
2 39271 081.0118 303.3107 0802416 125.5485 242.2989 13.97149165  1666
0 CUSAT 2/FALCON 9
1 39271U 13055G   13285.74992251  .00015123  00000-0  47738-3 0   157
2 39271 081.0107 302.1038 0802105 122.1451 246.0122 13.97185654  1838
0 CUSAT 2/FALCON 9
1 39271U 13055G   13286.46607421  .00013545  00000-0  42729-3 0   161
2 39271 081.0115 301.3941 0802065 120.1633 248.1375 13.97198456  1934
0 CUSAT 2/FALCON 9
1 39271U 13055G   13287.46867093  .00012569  00000-0  39563-3 0   173
2 39271 081.0118 300.4009 0802148 117.3660 251.1410 13.97219923  2075
0 CUSAT 2/FALCON 9
1 39271U 13055G   13288.47124349  .00012664  00000-0  39792-3 0   186
2 39271 081.0120 299.4091 0802200 114.5764 254.1180 13.97245688  2219
0 CUSAT 2/FALCON 9
1 39271U 13055G   13289.47378465  .00014105  00000-0  44315-3 0   197
2 39271 081.0121 298.4151 0802096 111.7903 257.0637 13.97279642  2354
0 CUSAT 2/FALCON 9
1 39271U 13055G   13290.76272604  .00015021  00000-0  47277-3 0   209
2 39271 081.0120 297.1392 0801742 108.1787 260.8237 13.97320483  2531
0 CUSAT 2/FALCON 9
1 39271U 13055G   13291.76521314  .00014297  00000-0  45013-3 0   216
2 39271 081.0118 296.1464 0801572 105.3835 263.7206 13.97345921  2678
0 CUSAT 2/FALCON 9
1 39271U 13055G   13293.12569720  .00013151  00000-0  41394-3 0   228
2 39271 081.0116 294.7986 0801414 101.6009 267.6133 13.97377628  2868
0 CUSAT 2/FALCON 9
1 39271U 13055G   13294.12812975  .00013293  00000-0  41853-3 0   230
2 39271 081.0107 293.8054 0801260 098.8128 270.4578 13.97404867  3000
0 CUSAT 2/FALCON 9
1 39271U 13055G   13295.13053728  .00013304  00000-0  41865-3 0   242
2 39271 081.0102 292.8115 0801183 096.0238 273.2703 13.97431437  3147
0 CUSAT 2/FALCON 9
1 39271U 13055G   13296.13292293  .00013174  00000-0  41401-3 0   257
2 39271 081.0099 291.8175 0801194 093.2338 276.0671 13.97457291  3285
