0 DELTA 1 DEB
1 04053U 69064C   13282.45496696  .00048377 -38032-5  33700-3 0  3241
2 04053 030.2877 253.4000 0735723 265.1465 250.8671 14.37524432889729
0 DELTA 1 DEB
1 04053U 69064C   13283.82970255  .00051105 -37626-5  35647-3 0  3255
2 04053 030.2870 245.3449 0735236 277.8575 165.5516 14.37635691889922
0 DELTA 1 DEB
1 04053U 69064C   13286.20119981  .00047919 -37005-5  33397-3 0  3272
2 04053 030.2852 231.4455 0734314 299.7997 200.0966 14.37837953890260
0 DELTA 1 DEB
1 04053U 69064C   13287.31184609  .00049179 -35973-5  34332-3 0  3287
2 04053 030.2846 224.9344 0733869 310.0853 189.2390 14.37930822890425
0 DELTA 1 DEB
1 04053U 69064C   13288.35668179  .00058740 -33590-5  41198-3 0  3297
2 04053 030.2842 218.8081 0733393 319.7655 198.0882 14.38036739890574
0 DELTA 1 DEB
1 04053U 69064C   13289.80361881  .00060923 -31596-5  42821-3 0  3304
2 04053 030.2835 210.3219 0732678 333.1702 129.2167 14.38186926890783
0 DELTA 1 DEB
1 04053U 69064C   13291.20175545  .00058183 -30250-5  40852-3 0  3315
2 04053 030.2823 202.1204 0732047 346.1193 168.4427 14.38343313890982
0 DELTA 1 DEB
1 04053U 69064C   13292.41809028  .00056580 -28865-5  39728-3 0  3328
2 04053 030.2809 194.9837 0731491 357.3896 346.9590 14.38471112891166
0 DELTA 1 DEB
1 04053U 69064C   13293.81901274  .00058125 -26734-5  40861-3 0  3330
2 04053 030.2798 186.7612 0730863 010.3773 042.0141 14.38614639891366
0 DELTA 1 DEB
1 04053U 69064C   13294.86598318  .00061995 -24740-5  43586-3 0  3349
2 04053 030.2792 180.6152 0730461 020.0855 064.5207 14.38727980891518
0 DELTA 1 DEB
1 04053U 69064C   13296.12410307  .00058852 -23719-5  41322-3 0  3351
2 04053 030.2787 173.2288 0729915 031.7495 101.1844 14.38867667891692
