0 OPS 7613 (P/L 4)
1 04237U 69082E   13281.48455336  .00000052  00000-0  77426-4 0  5065
2 04237 070.0147 277.4659 0018884 041.6714 125.9612 13.95244779240192
0 OPS 7613 (P/L 4)
1 04237U 69082E   13282.48479522  .00000068  00000-0  88952-4 0  5073
2 04237 070.0146 275.3316 0018912 040.3062 110.1216 13.95245254240333
0 OPS 7613 (P/L 4)
1 04237U 69082E   13283.48767795  .00000046  00000-0  72875-4 0  5080
2 04237 070.0146 273.1918 0018971 038.8894 107.5949 13.95245493240470
0 OPS 7613 (P/L 4)
1 04237U 69082E   13284.49047249  .00000016  00000-0  50915-4 0  5096
2 04237 070.0147 271.0520 0019009 037.4815 104.6160 13.95245811240611
0 OPS 7613 (P/L 4)
1 04237U 69082E   13285.49437463 -.00000008  00000-0  33199-4 0  5107
2 04237 070.0148 268.9099 0019087 036.0556 107.2174 13.95246102240754
0 OPS 7613 (P/L 4)
1 04237U 69082E   13286.49711013 -.00000001  00000-0  38330-4 0  5110
2 04237 070.0150 266.7703 0019164 034.6730 103.9194 13.95246301240890
0 OPS 7613 (P/L 4)
1 04237U 69082E   13287.50072584  .00000023  00000-0  55882-4 0  5121
2 04237 070.0152 264.6287 0019219 033.2949 105.0391 13.95246486241037
0 OPS 7613 (P/L 4)
1 04237U 69082E   13288.50454646  .00000042  00000-0  69821-4 0  5135
2 04237 070.0154 262.4869 0019306 031.9456 107.1605 13.95246510241170
0 OPS 7613 (P/L 4)
1 04237U 69082E   13289.50695182  .00000045  00000-0  72128-4 0  5146
2 04237 070.0155 260.3480 0019355 030.5622 102.2091 13.95246672241311
0 OPS 7613 (P/L 4)
1 04237U 69082E   13290.51185119  .00000045  00000-0  71918-4 0  5150
2 04237 070.0157 258.2039 0019416 029.1649 109.7946 13.95246823241454
0 OPS 7613 (P/L 4)
1 04237U 69082E   13291.58380641  .00000049  00000-0  75110-4 0  5168
2 04237 070.0159 255.9168 0019486 027.6909 094.1837 13.95246936241600
0 OPS 7613 (P/L 4)
1 04237U 69082E   13292.85381881  .00000076  00000-0  95069-4 0  5172
2 04237 070.0159 253.2072 0019549 025.9639 353.3886 13.95247150241788
0 OPS 7613 (P/L 4)
1 04237U 69082E   13293.85760282  .00000088  00000-0  10406-3 0  5184
2 04237 070.0159 251.0656 0019588 024.5907 355.3525 13.95247335241921
0 OPS 7613 (P/L 4)
1 04237U 69082E   13295.16169803  .00000083  00000-0  10021-3 0  5191
2 04237 070.0159 248.2833 0019689 022.9035 065.6706 13.95247688242106
