0 COSMOS 337
1 04384U 70036B   13281.17377484 -.00000019  00000-0 -26112-4 0  9865
2 04384 074.0302 333.2242 0054431 290.4403 098.2932 12.39190680965906
0 COSMOS 337
1 04384U 70036B   13283.52885545  .00000009  00000-0  18674-3 0  9879
2 04384 074.0299 330.1569 0054457 287.0128 164.4710 12.39190466966197
0 COSMOS 337
1 04384U 70036B   13285.79587079  .00000022  00000-0  28369-3 0  9889
2 04384 074.0293 327.2044 0054465 283.7087 197.7864 12.39190509966470
0 COSMOS 337
1 04384U 70036B   13287.81292949  .00000009  00000-0  18260-3 0  9898
2 04384 074.0288 324.5771 0054479 280.7788 196.0180 12.39190744966723
0 COSMOS 337
1 04384U 70036B   13289.82995613 -.00000021  00000-0 -36628-4 0  9906
2 04384 074.0285 321.9498 0054484 277.8411 194.1147 12.39191050966973
0 COSMOS 337
1 04384U 70036B   13292.15846380 -.00000025  00000-0 -72459-4 0  9919
2 04384 074.0284 318.9165 0054489 274.4532 141.7496 12.39191149967268
0 COSMOS 337
1 04384U 70036B   13294.17869971 -.00000016  00000-0 -24102-5 0  9928
2 04384 074.0284 316.2849 0054491 271.5136 154.1646 12.39190977967510
