0 INTELSAT 3-F8
1 04478U 70055A   13282.16969860 -.00000134  00000-0  10000-3 0  8577
2 04478 004.6906 300.9312 0351609 155.7290 205.7322 01.02265117 75481
0 INTELSAT 3-F8
1 04478U 70055A   13283.14759154  .00000000  00000-0  10000-3 0  8592
2 04478 004.6887 300.9412 0351907 155.7936 205.6771 01.02262212 75499
0 INTELSAT 3-F8
1 04478U 70055A   13285.10318336 -.00000260  00000-0  10000-3 0  8581
2 04478 004.6857 300.9187 0351536 155.8024 205.6684 01.02265902 75517
0 INTELSAT 3-F8
1 04478U 70055A   13287.05874739 -.00000320  00000-0  10000-3 0  8599
2 04478 004.6824 300.9117 0351452 155.8508 205.5905 01.02265952 75530
0 INTELSAT 3-F8
1 04478U 70055A   13289.99207857 -.00000342  00000-0  10000-3 0  8601
2 04478 004.6774 300.9011 0351419 155.9142 205.4811 01.02265415 75567
0 INTELSAT 3-F8
1 04478U 70055A   13291.94773503 -.00000310  00000-0  10000-3 0  8611
2 04478 004.6739 300.8940 0351070 155.9738 205.4222 01.02264733 75582
0 INTELSAT 3-F8
1 04478U 70055A   13294.88134855 -.00000207  00000-0  10000-3 0  8624
2 04478 004.6689 300.8834 0351117 156.0385 205.4012 01.02263548 75614
