0 COSMOS 375 DEB
1 04723U 70091U   13280.53195817  .00005505  00000-0  64860-3 0  8223
2 04723 062.7468 355.0549 0363118 034.2131 038.4620 14.48391352146709
0 COSMOS 375 DEB
1 04723U 70091U   13282.74444799  .00008184  00000-0  95123-3 0  8237
2 04723 062.7464 348.1324 0363173 034.5344 054.9855 14.48428293147023
0 COSMOS 375 DEB
1 04723U 70091U   13283.62524859  .00020633  00000-0  23388-2 0  8259
2 04723 062.7469 345.3816 0363007 034.6345 327.8298 14.48438131147150
0 COSMOS 375 DEB
1 04723U 70091U   13285.50896365  .00007558  00000-0  87868-3 0  8246
2 04723 062.7467 339.4830 0363371 034.9423 070.3185 14.48460541147427
0 COSMOS 375 DEB
1 04723U 70091U   13287.51162384  .00009295  00000-0  10737-2 0  8257
2 04723 062.7465 333.2176 0363486 035.2387 073.2424 14.48485060147713
0 COSMOS 375 DEB
1 04723U 70091U   13288.68162160  .00012042  00000-0  13822-2 0  8261
2 04723 062.7462 329.5563 0363538 035.4137 054.3368 14.48516227147886
0 COSMOS 375 DEB
1 04723U 70091U   13290.54262968  .00013783  00000-0  15760-2 0  8273
2 04723 062.7455 323.7324 0363655 035.6933 039.0077 14.48550142148157
0 COSMOS 375 DEB
1 04723U 70091U   13292.47437677  .00011710  00000-0  13411-2 0  8288
2 04723 062.7450 317.6868 0363672 035.9829 032.8276 14.48589737148438
0 COSMOS 375 DEB
1 04723U 70091U   13294.49095453  .00015138  00000-0  17237-2 0  8293
2 04723 062.7452 311.3752 0363754 036.2792 109.3321 14.48628181148727
