0 DELTA 1 DEB
1 04841U 68055D   13280.50824198  .00000072  00000-0  17023-3 0  9672
2 04841 120.7657 081.4396 2694341 019.1137 041.2413 09.28245709998354
0 DELTA 1 DEB
1 04841U 68055D   13285.24600479  .00000005  00000-0  78949-4 0  9684
2 04841 120.7651 088.2413 2694314 021.1577 033.3580 09.28247340998792
0 DELTA 1 DEB
1 04841U 68055D   13287.39220891 -.00000013  00000-0  53560-4 0  9691
2 04841 120.7656 091.3228 2694250 022.0815 005.3082 09.28247832998994
0 DELTA 1 DEB
1 04841U 68055D   13290.51088322  .00000120  00000-0  16316-3 0  9718
2 04841 120.7672 095.7971 2694191 023.4223 346.9618 09.28248180999286
0 DELTA 1 DEB
1 04841U 68055D   13290.52592832  .00000020  00000-0  98716-4 0  9708
2 04841 120.7664 095.8216 2694155 023.4328 037.2368 09.28248132999285
0 DELTA 1 DEB
1 04841U 68055D   13293.54155331  .00000061  00000-0  15538-3 0  9718
2 04841 120.7668 100.1507 2694092 024.7364 034.5310 09.28248197999565
