0 COSMOS 397 DEB
1 05131U 71015AE  13281.85631138  .00136082  00000-0  30084-2 0  5694
2 05131 065.6389 011.8441 0073526 321.2142 146.6994 15.40289838130085
0 COSMOS 397 DEB
1 05131U 71015AE  13282.17656594  .00213418  00000-0  46508-2 0  5702
2 05131 065.6386 010.8049 0073360 321.1958 122.4220 15.40447551130122
0 COSMOS 397 DEB
1 05131U 71015AE  13282.44381125  .00229610  00000-0  49704-2 0  5710
2 05131 065.6386 009.9375 0073203 321.0473 164.5049 15.40598119130178
0 COSMOS 397 DEB
1 05131U 71015AE  13282.83117477  .00184263  00000-0  39917-2 0  5720
2 05131 065.6388 008.6803 0073039 320.8170 152.9802 15.40745378130236
0 COSMOS 397 DEB
1 05131U 71015AE  13283.52456400  .00192257  00000-0  42093-2 0  5731
2 05131 065.6394 006.4268 0072672 320.6273 039.0087 15.40978454130343
0 COSMOS 397 DEB
1 05131U 71015AE  13283.66780446  .00201853  00000-0  43332-2 0  5736
2 05131 065.6386 005.9627 0072846 320.5174 113.6779 15.40963036130357
0 COSMOS 397 DEB
1 05131U 71015AE  13285.48810978  .00171409  00000-0  36249-2 0  5756
2 05131 065.6389 000.0471 0072331 319.9462 133.3437 15.41541958130642
0 COSMOS 397 DEB
1 05131U 71015AE  13286.52745020  .00169397  00000-0  35448-2 0  5761
2 05131 065.6393 356.6672 0071715 319.6357 141.6316 15.41899817130801
0 COSMOS 397 DEB
1 05131U 71015AE  13287.49954554  .00184566  00000-0  38217-2 0  5775
2 05131 065.6395 353.5045 0071303 319.3927 137.8212 15.42182097130950
0 COSMOS 397 DEB
1 05131U 71015AE  13287.82547604  .00243579  00000-0  49820-2 0  5789
2 05131 065.6393 352.4436 0071140 319.3604 147.2985 15.42347917131004
0 COSMOS 397 DEB
1 05131U 71015AE  13288.40466226  .00275566  00000-0  55647-2 0  5790
2 05131 065.6389 350.5593 0070662 318.9883 123.6166 15.42644102131087
0 COSMOS 397 DEB
1 05131U 71015AE  13288.53820889  .00240025  00000-0  48578-2 0  5802
2 05131 065.6388 350.1243 0070649 318.9281 145.2750 15.42699787131113
0 COSMOS 397 DEB
1 05131U 71015AE  13289.17354953  .00244991  00000-0  49118-2 0  5815
2 05131 065.6384 348.0550 0070267 318.7623 073.8953 15.42982031131208
0 COSMOS 397 DEB
1 05131U 71015AE  13289.58511122  .00259066  00000-0  51599-2 0  5829
2 05131 065.6384 346.7148 0070101 318.5572 200.1429 15.43136109131272
0 COSMOS 397 DEB
1 05131U 71015AE  13290.52846546  .00226240  00000-0  45483-2 0  5830
2 05131 065.6389 343.6438 0070251 317.5755 042.0454 15.43611429131424
0 COSMOS 397 DEB
1 05131U 71015AE  13290.54831823  .00221861  00000-0  43822-2 0  5833
2 05131 065.6376 343.5743 0069508 318.2188 151.5267 15.43542633131427
0 COSMOS 397 DEB
1 05131U 71015AE  13291.77914588  .00235179  00000-0  45643-2 0  5840
2 05131 065.6366 339.5596 0068868 317.7761 151.8845 15.44046989131616
0 COSMOS 397 DEB
1 05131U 71015AE  13292.62739721  .00230506  00000-0  44257-2 0  5859
2 05131 065.6364 336.7903 0068308 317.4813 187.3465 15.44409896131745
0 COSMOS 397 DEB
1 05131U 71015AE  13293.19506112  .00216228  00000-0  41311-2 0  5862
2 05131 065.6362 334.9363 0067831 317.2083 103.6751 15.44632618131828
0 COSMOS 397 DEB
1 05131U 71015AE  13294.17469319  .00243745  00000-0  45834-2 0  5877
2 05131 065.6359 331.7353 0067146 316.8610 151.6314 15.45041596131983
0 COSMOS 397 DEB
1 05131U 71015AE  13295.20225716  .00259269  00000-0  48014-2 0  5885
2 05131 065.6358 328.3754 0066307 316.5016 107.7554 15.45482894132130
0 COSMOS 397 DEB
1 05131U 71015AE  13295.47027653  .00299446  00000-0  54956-2 0  5898
2 05131 065.6358 327.4989 0066082 316.4522 158.9240 15.45622760132184
0 COSMOS 397 DEB
1 05131U 71015AE  13295.84718027  .00288191  00000-0  52704-2 0  5907
2 05131 065.6359 326.2656 0065870 316.2723 096.2001 15.45774233132236
