0 SL-8 DEB
1 05300U 71035C   13281.89907971  .00007902  00000-0  98989-3 0  6394
2 05300 074.0285 227.5207 0004948 099.3923 320.4406 14.82372931242839
0 SL-8 DEB
1 05300U 71035C   13283.18167972  .00006860  00000-0  85975-3 0  6402
2 05300 074.0282 224.9839 0004933 095.5341 326.1187 14.82390216243021
0 SL-8 DEB
1 05300U 71035C   13284.19407529  .00006639  00000-0  83204-3 0  6417
2 05300 074.0281 222.9814 0004969 092.9087 329.2563 14.82401455243174
0 SL-8 DEB
1 05300U 71035C   13285.29096145  .00005837  00000-0  73200-3 0  6422
2 05300 074.0282 220.8116 0005035 089.6357 063.7917 14.82411661243336
0 SL-8 DEB
1 05300U 71035C   13286.81861209  .00005427  00000-0  68057-3 0  6432
2 05300 074.0285 217.7895 0005065 085.7085 296.9311 14.82429058243568
0 SL-8 DEB
1 05300U 71035C   13287.90613061  .00009330  00000-0  11658-2 0  6446
2 05300 074.0289 215.6381 0005038 082.9495 341.0906 14.82442880243721
0 SL-8 DEB
1 05300U 71035C   13289.19951823  .00008522  00000-0  10649-2 0  6452
2 05300 074.0293 213.0796 0005024 079.5688 044.1707 14.82460609243919
0 SL-8 DEB
1 05300U 71035C   13290.21673344  .00007981  00000-0  99730-3 0  6464
2 05300 074.0294 211.0673 0005074 076.9706 073.2500 14.82472824244062
0 SL-8 DEB
1 05300U 71035C   13291.23021944  .00006785  00000-0  84849-3 0  6477
2 05300 074.0298 209.0624 0005137 074.8118 082.0480 14.82486618244211
0 SL-8 DEB
1 05300U 71035C   13292.24238417  .00006630  00000-0  82891-3 0  6489
2 05300 074.0295 207.0602 0005211 072.0266 084.4681 14.82497136244361
0 SL-8 DEB
1 05300U 71035C   13293.45063949  .00006672  00000-0  83393-3 0  6494
2 05300 074.0291 204.6700 0005232 068.9070 053.3661 14.82512128244541
0 SL-8 DEB
1 05300U 71035C   13294.46164473  .00007231  00000-0  90311-3 0  6502
2 05300 074.0285 202.6701 0005266 066.3881 049.4294 14.82522434244697
0 SL-8 DEB
1 05300U 71035C   13295.79991235  .00007378  00000-0  92099-3 0  6511
2 05300 074.0281 200.0227 0005250 063.0017 352.3080 14.82537489244893
