0 COSMOS 451
1 05554U 71086H   13282.41559687 -.00000007  00000-0  63482-4 0  9403
2 05554 074.0276 249.3173 0052813 166.1484 006.0692 12.34252858892164
0 COSMOS 451
1 05554U 71086H   13286.61665809 -.00000039  00000-0 -19416-3 0  9428
2 05554 074.0283 243.8958 0052745 159.9344 312.7719 12.34253045892684
0 COSMOS 451
1 05554U 71086H   13289.03854446 -.00000022  00000-0 -58981-4 0  9438
2 05554 074.0288 240.7706 0052715 156.3732 273.9935 12.34252817892982
0 COSMOS 451
1 05554U 71086H   13291.32696332  .00000020  00000-0  28299-3 0  9446
2 05554 074.0290 237.8179 0052683 153.0134 002.1704 12.34252476893269
0 COSMOS 451
1 05554U 71086H   13293.35641300  .00000012  00000-0  21268-3 0  9457
2 05554 074.0290 235.1995 0052663 150.0334 019.6610 12.34252737893510
0 COSMOS 451
1 05554U 71086H   13295.53294105 -.00000003  00000-0  99454-4 0  9461
2 05554 074.0290 232.3913 0052643 146.8074 330.6995 12.34252863893782
