0 ASTEX 1
1 05560U 71089A   13281.82842259  .00000295  00000-0  81378-4 0  1186
2 05560 092.7087 129.9203 0015210 220.7245 198.9278 14.46924745206220
0 ASTEX 1
1 05560U 71089A   13283.15879897  .00000324  00000-0  89384-4 0  1191
2 05560 092.7084 130.3474 0015332 215.8740 289.1460 14.46926507206418
0 ASTEX 1
1 05560U 71089A   13284.19178745  .00000351  00000-0  96792-4 0  1203
2 05560 092.7082 130.6790 0015457 212.1984 270.1198 14.46927051206567
0 ASTEX 1
1 05560U 71089A   13285.23156899  .00000280  00000-0  77214-4 0  1215
2 05560 092.7079 131.0128 0015598 208.5214 286.4589 14.46927600206715
0 ASTEX 1
1 05560U 71089A   13286.52997853  .00000279  00000-0  77019-4 0  1223
2 05560 092.7076 131.4295 0015804 204.1036 209.8501 14.46928533206905
0 ASTEX 1
1 05560U 71089A   13287.70439618  .00000358  00000-0  98707-4 0  1230
2 05560 092.7074 131.8065 0015970 200.1356 207.3452 14.46929689207077
0 ASTEX 1
1 05560U 71089A   13288.81311512  .00000410  00000-0  11295-3 0  1241
2 05560 092.7073 132.1623 0016126 196.3798 222.6351 14.46930683207232
0 ASTEX 1
1 05560U 71089A   13290.14361319  .00000360  00000-0  99244-4 0  1256
2 05560 092.7072 132.5893 0016280 191.7990 313.2432 14.46931774207428
0 ASTEX 1
1 05560U 71089A   13291.17610546  .00000359  00000-0  98950-4 0  1261
2 05560 092.7071 132.9205 0016408 188.2946 291.4836 14.46932616207579
0 ASTEX 1
1 05560U 71089A   13292.48356453  .00000377  00000-0  10395-3 0  1277
2 05560 092.7070 133.3399 0016587 183.9968 261.8867 14.46933473207769
0 ASTEX 1
1 05560U 71089A   13293.50835873  .00000369  00000-0  10188-3 0  1281
2 05560 092.7070 133.6688 0016748 180.8517 199.6997 14.46934315207913
0 ASTEX 1
1 05560U 71089A   13294.55178906  .00000356  00000-0  98079-4 0  1297
2 05560 092.7070 134.0035 0016887 177.4626 234.7723 14.46935285208063
0 ASTEX 1
1 05560U 71089A   13295.65615959  .00000424  00000-0  11677-3 0  1309
2 05560 092.7069 134.3578 0017023 173.9592 227.1950 14.46935821208224
