0 SL-8 R/B
1 05730U 71119B   13282.17906447  .00005853  00000-0  41532-3 0  5713
2 05730 073.9011 338.4320 0756158 122.5717 254.3105 13.87801152 17709
0 SL-8 R/B
1 05730U 71119B   13283.34031593  .00005673  00000-0  40276-3 0  5729
2 05730 073.9012 336.4242 0756036 120.3344 296.0487 13.87814253 17867
0 SL-8 R/B
1 05730U 71119B   13286.15334672  .00004543  00000-0  32340-3 0  5745
2 05730 073.9013 331.5608 0755818 114.9148 310.4448 13.87835880 18259
0 SL-8 R/B
1 05730U 71119B   13287.15566690  .00004217  00000-0  30040-3 0  5757
2 05730 073.9010 329.8280 0755756 112.9833 278.2652 13.87843254 18399
0 SL-8 R/B
1 05730U 71119B   13288.24121913  .00005780  00000-0  41075-3 0  5760
2 05730 073.9006 327.9512 0755669 110.8903 301.9699 13.87857158 18549
0 SL-8 R/B
1 05730U 71119B   13289.25059471  .00004944  00000-0  35182-3 0  5775
2 05730 073.9001 326.2060 0755615 108.9450 305.1190 13.87864538 18687
0 SL-8 R/B
1 05730U 71119B   13290.26005517  .00005450  00000-0  38755-3 0  5783
2 05730 073.8996 324.4606 0755576 106.9997 308.7191 13.87869711 18829
0 SL-8 R/B
1 05730U 71119B   13291.26948683  .00004671  00000-0  33251-3 0  5795
2 05730 073.8991 322.7148 0755541 105.0553 312.1981 13.87879078 18964
0 SL-8 R/B
1 05730U 71119B   13292.51410840  .00003789  00000-0  27023-3 0  5804
2 05730 073.8992 320.5627 0755490 102.6561 050.8122 13.87889701 19135
0 SL-8 R/B
1 05730U 71119B   13293.66343243  .00004250  00000-0  30284-3 0  5811
2 05730 073.8992 318.5751 0755429 100.4403 033.3259 13.87896717 19292
0 SL-8 R/B
1 05730U 71119B   13295.16364263  .00005111  00000-0  36369-3 0  5821
2 05730 073.8995 315.9804 0755369 097.5491 329.0592 13.87905137 19507
0 SL-8 R/B
1 05730U 71119B   13296.17325169  .00005084  00000-0  36178-3 0  5833
2 05730 073.8997 314.2344 0755328 095.6050 333.5545 13.87917295 19646
