0 COSMOS 249 DEB
1 06752U 68091CJ  13281.44399191  .00000474  00000-0  59663-3 0  7174
2 06752 062.2823 293.8578 0681112 202.0873 310.8169 13.02026367 53565
0 COSMOS 249 DEB
1 06752U 68091CJ  13287.02594086  .00000817  00000-0  96323-3 0  7191
2 06752 062.2825 279.9312 0680143 203.3180 195.1315 13.02034719 54294
0 COSMOS 249 DEB
1 06752U 68091CJ  13289.43384961  .00000495  00000-0  62116-3 0  7204
2 06752 062.2826 273.9234 0679719 203.8405 321.7859 13.02043665 54609
0 COSMOS 249 DEB
1 06752U 68091CJ  13292.35059097  .00000371  00000-0  48976-3 0  7210
2 06752 062.2829 266.6464 0679279 204.4708 313.5915 13.02047144 54989
0 COSMOS 249 DEB
1 06752U 68091CJ  13294.93465549  .00000846  00000-0  99891-3 0  7229
2 06752 062.2829 260.1997 0678886 205.0256 186.0690 13.02045819 55326
