0 SL-8 R/B
1 06829U 73065B   13283.72079177  .00000079  00000-0  63866-4 0  2771
2 06829 082.9416 325.1637 0023628 045.4903 093.5790 13.77019319 12984
0 SL-8 R/B
1 06829U 73065B   13285.75482829  .00000089  00000-0  74088-4 0  2799
2 06829 082.9410 323.6516 0023512 040.0051 096.6388 13.77019520 13267
0 SL-8 R/B
1 06829U 73065B   13287.11105615  .00000087  00000-0  72724-4 0  2801
2 06829 082.9407 322.6433 0023423 036.3258 339.7092 13.77019794 13455
0 SL-8 R/B
1 06829U 73065B   13288.13010110  .00000076  00000-0  61151-4 0  2810
2 06829 082.9405 321.8856 0023357 033.5207 351.3433 13.77020022 13592
0 SL-8 R/B
1 06829U 73065B   13289.15391661  .00000066  00000-0  51244-4 0  2828
2 06829 082.9404 321.1243 0023289 030.6944 026.6355 13.77020274 13734
0 SL-8 R/B
1 06829U 73065B   13290.47788382  .00000062  00000-0  46926-4 0  2833
2 06829 082.9403 320.1396 0023196 027.0277 109.8627 13.77020438 13915
0 SL-8 R/B
1 06829U 73065B   13291.49186731  .00000057  00000-0  42200-4 0  2842
2 06829 082.9403 319.3855 0023131 024.1585 096.4868 13.77020585 14051
0 SL-8 R/B
1 06829U 73065B   13292.51797167  .00000057  00000-0  42052-4 0  2853
2 06829 082.9403 318.6223 0023059 021.3210 143.1326 13.77020641 14192
0 SL-8 R/B
1 06829U 73065B   13293.67541985  .00000065  00000-0  49990-4 0  2864
2 06829 082.9403 317.7615 0022989 018.0660 120.9357 13.77020732 14356
0 SL-8 R/B
1 06829U 73065B   13294.69249405  .00000076  00000-0  61152-4 0  2876
2 06829 082.9402 317.0050 0022921 015.2316 122.8397 13.77020848 14492
0 SL-8 R/B
1 06829U 73065B   13295.70980843  .00000090  00000-0  76010-4 0  2883
2 06829 082.9402 316.2485 0022844 012.4092 125.9222 13.77020887 14639
