0 DELTA 1 DEB
1 07023U 73086P   13280.88966431  .00000020  00000-0  49921-3 0    08
2 07023 101.7491 274.9522 0027306 279.1373 147.4286 12.35792337800011
0 DELTA 1 DEB
1 07023U 73086P   13282.91552214  .00000030  00000-0  57311-3 0    18
2 07023 101.7490 276.8921 0027287 275.2780 160.2522 12.35792514800261
0 DELTA 1 DEB
1 07023U 73086P   13285.44448583  .00000013  00000-0  43817-3 0    20
2 07023 101.7490 279.3137 0027270 270.4875 251.3142 12.35793073800577
0 DELTA 1 DEB
1 07023U 73086P   13287.46702311  .00000001  00000-0  34813-3 0    30
2 07023 101.7483 281.2508 0027135 266.6035 249.3991 12.35793375800820
0 DELTA 1 DEB
1 07023U 73086P   13289.80744336 -.00000027  00000-0  12775-3 0    46
2 07023 101.7492 283.4916 0027228 262.1509 221.6807 12.35793557801111
0 DELTA 1 DEB
1 07023U 73086P   13291.97866730  .00000007  00000-0  39718-3 0    54
2 07023 101.7501 285.5701 0027206 258.0599 161.1884 12.35793927801389
0 DELTA 1 DEB
1 07023U 73086P   13294.58321245  .00000025  00000-0  53326-3 0    63
2 07023 101.7503 288.0639 0027204 253.1259 228.5170 12.35794074801702
