0 DELTA 1 DEB
1 07031U 73086X   13282.79099646 -.00000022  00000-0  16788-3 0  1340
2 07031 101.9972 343.0932 0010358 108.0567 013.2514 12.38484664804576
0 DELTA 1 DEB
1 07031U 73086X   13287.13200388  .00000019  00000-0  48206-3 0  1367
2 07031 101.9965 347.3577 0010256 100.1894 287.6461 12.38484676805115
0 DELTA 1 DEB
1 07031U 73086X   13289.15109059  .00000028  00000-0  55131-3 0  1370
2 07031 101.9959 349.3411 0010210 096.4861 289.7943 12.38485013805369
0 DELTA 1 DEB
1 07031U 73086X   13291.18001194 -.00000005  00000-0  29928-3 0  1389
2 07031 101.9954 351.3342 0010169 092.7157 335.8405 12.38485151805617
0 DELTA 1 DEB
1 07031U 73086X   13293.77572755 -.00000009  00000-0  27280-3 0  1396
2 07031 101.9950 353.8837 0010096 087.9659 028.8973 12.38485687805939
0 DELTA 1 DEB
1 07031U 73086X   13296.10821094 -.00000022  00000-0  17086-3 0  1409
2 07031 101.9950 356.1745 0010037 083.6127 348.4148 12.38485905806222
