0 DELTA 1 DEB
1 07043U 73086AK  13282.18653022  .00000115  00000-0  62435-3 0  2130
2 07043 102.1415 248.2224 0215538 189.5166 243.4981 12.84522571869623
0 DELTA 1 DEB
1 07043U 73086AK  13286.85661082  .00000116  00000-0  62401-3 0  2159
2 07043 102.1424 253.2819 0215600 180.1085 239.3067 12.84523590870225
0 DELTA 1 DEB
1 07043U 73086AK  13288.88161126  .00000054  00000-0  39566-3 0  2166
2 07043 102.1429 255.4756 0215620 176.0232 243.5042 12.84524540870488
0 DELTA 1 DEB
1 07043U 73086AK  13291.14202670  .00000057  00000-0  40491-3 0  2172
2 07043 102.1436 257.9244 0215657 171.4725 256.3293 12.84525019870775
0 DELTA 1 DEB
1 07043U 73086AK  13293.49014847  .00000121  00000-0  64258-3 0  2189
2 07043 102.1440 260.4685 0215688 166.7442 314.7446 12.84525030871071
0 DELTA 1 DEB
1 07043U 73086AK  13295.88478743  .00000086  00000-0  51257-3 0  2199
2 07043 102.1441 263.0633 0215724 161.9202 228.2676 12.84526455871386
