0 DELTA 1 DEB
1 07143U 73086DH  13282.07333721 -.00000049  00000-0 -25448-4 0   792
2 07143 102.3897 338.1856 0048657 223.0230 251.8781 12.32873451796508
0 DELTA 1 DEB
1 07143U 73086DH  13285.65283912 -.00000013  00000-0  26607-3 0   804
2 07143 102.3892 341.7770 0048705 216.5854 298.9302 12.32873338796944
0 DELTA 1 DEB
1 07143U 73086DH  13287.75620910 -.00000006  00000-0  32860-3 0   811
2 07143 102.3887 343.8876 0048740 212.8081 274.3992 12.32873517797200
0 DELTA 1 DEB
1 07143U 73086DH  13290.02629784 -.00000019  00000-0  21812-3 0   823
2 07143 102.3880 346.1654 0048766 208.7915 269.7613 12.32873828797484
0 DELTA 1 DEB
1 07143U 73086DH  13292.11679162 -.00000024  00000-0  17651-3 0   833
2 07143 102.3876 348.2626 0048779 205.0701 188.0494 12.32874025797747
0 DELTA 1 DEB
1 07143U 73086DH  13294.39654061 -.00000036  00000-0  82920-4 0   842
2 07143 102.3875 350.5497 0048805 201.0160 226.3119 12.32874235798028
