0 COSMOS 663
1 07349U 74048A   13282.78291852  .00000035  00000-0  20331-4 0  2516
2 07349 082.9541 006.7869 0024410 229.2420 281.1327 13.75427452971452
0 COSMOS 663
1 07349U 74048A   13283.80110841  .00000041  00000-0  26481-4 0  2528
2 07349 082.9541 006.0332 0024464 226.3119 282.8261 13.75427464971595
0 COSMOS 663
1 07349U 74048A   13286.32635355  .00000063  00000-0  50123-4 0  2546
2 07349 082.9540 004.1641 0024601 219.0378 186.8980 13.75427388971940
0 COSMOS 663
1 07349U 74048A   13287.34970203  .00000068  00000-0  54432-4 0  2556
2 07349 082.9537 003.4067 0024674 216.1785 214.0493 13.75427337972083
0 COSMOS 663
1 07349U 74048A   13288.74096362  .00000074  00000-0  61015-4 0  2569
2 07349 082.9534 002.3769 0024768 212.2992 262.9289 13.75427476972278
0 COSMOS 663
1 07349U 74048A   13289.75991451  .00000074  00000-0  60672-4 0  2573
2 07349 082.9532 001.6227 0024835 209.4910 268.2666 13.75427697972419
0 COSMOS 663
1 07349U 74048A   13291.20149539  .00000067  00000-0  53349-4 0  2584
2 07349 082.9528 000.5555 0024925 205.3494 206.4275 13.75427976972610
0 COSMOS 663
1 07349U 74048A   13292.36460179  .00000066  00000-0  53219-4 0  2594
2 07349 082.9526 359.6944 0025007 202.0048 205.6931 13.75428253972775
0 COSMOS 663
1 07349U 74048A   13293.76540113  .00000056  00000-0  42677-4 0  2603
2 07349 082.9525 358.6573 0025100 198.0577 301.8440 13.75428442972961
0 COSMOS 663
1 07349U 74048A   13294.78374554  .00000051  00000-0  37062-4 0  2618
2 07349 082.9524 357.9033 0025175 195.2088 304.2244 13.75428586973106
0 COSMOS 663
1 07349U 74048A   13295.80195961  .00000057  00000-0  43449-4 0  2628
2 07349 082.9525 357.1495 0025241 192.4512 305.8695 13.75428728973246
