0 SL-8 DEB
1 07560U 72062D   13283.14449672  .00000317  00000-0  18331-3 0  4242
2 07560 082.9763 161.8484 0067270 256.3966 225.4754 14.05115970101763
0 SL-8 DEB
1 07560U 72062D   13285.85218189  .00000360  00000-0  20914-3 0  4269
2 07560 082.9758 159.7491 0067274 248.2227 242.3038 14.05117100102148
0 SL-8 DEB
1 07560U 72062D   13287.68864929  .00000412  00000-0  24096-3 0  4275
2 07560 082.9754 158.3250 0067275 242.6696 172.0916 14.05118559102403
0 SL-8 DEB
1 07560U 72062D   13289.12598657  .00000402  00000-0  23467-3 0  4289
2 07560 082.9751 157.2104 0067286 238.3139 242.8919 14.05120054102606
0 SL-8 DEB
1 07560U 72062D   13290.39662595  .00000389  00000-0  22694-3 0  4299
2 07560 082.9749 156.2250 0067291 234.4535 190.4635 14.05120944102787
0 SL-8 DEB
1 07560U 72062D   13292.11765668  .00000372  00000-0  21633-3 0  4302
2 07560 082.9746 154.8901 0067324 229.2400 256.3462 14.05122152103022
0 SL-8 DEB
1 07560U 72062D   13293.59384051  .00000384  00000-0  22391-3 0  4314
2 07560 082.9746 153.7452 0067372 224.7683 163.6704 14.05123159103237
0 SL-8 DEB
1 07560U 72062D   13294.66887552  .00000391  00000-0  22797-3 0  4326
2 07560 082.9746 152.9115 0067410 221.5235 201.7621 14.05124077103383
0 SL-8 DEB
1 07560U 72062D   13296.10543692  .00000379  00000-0  22057-3 0  4337
2 07560 082.9747 151.7975 0067475 217.1983 268.6369 14.05125032103582
