0 SSU 1 DEB
1 07939U 75051E   13282.83022549 -.00000014  00000-0 -20454-4 0    04
2 07939 095.1948 021.9264 0026599 012.2015 112.4828 12.64418259769079
0 SSU 1 DEB
1 07939U 75051E   13285.19168624 -.00000007  00000-0  18454-4 0    10
2 07939 095.1950 022.9858 0026442 006.5750 061.6373 12.64418232769375
0 SSU 1 DEB
1 07939U 75051E   13287.24595034  .00000011  00000-0  11744-3 0    26
2 07939 095.1951 023.9082 0026343 001.6185 052.5223 12.64418101769631
0 SSU 1 DEB
1 07939U 75051E   13290.17611838  .00000032  00000-0  23386-3 0    32
2 07939 095.1948 025.2239 0026200 354.5484 070.4685 12.64418140770007
0 SSU 1 DEB
1 07939U 75051E   13292.79996243  .00000025  00000-0  19532-3 0    49
2 07939 095.1944 026.4020 0026059 348.1832 134.0792 12.64418391770332
0 SSU 1 DEB
1 07939U 75051E   13295.23788936  .00000012  00000-0  12547-3 0    55
2 07939 095.1945 027.4964 0025963 342.1163 071.5608 12.64418798770641
