0 KIKU 1 (ETS 1)
1 08197U 75082A   13282.08461557 -.00000100  00000-0  34639-4 0  9596
2 08197 046.9870 117.1962 0085497 017.2510 130.5833 13.59467156892130
0 KIKU 1 (ETS 1)
1 08197U 75082A   13283.52948167 -.00000102  00000-0  33101-4 0  9600
2 08197 046.9871 111.3986 0085429 022.9122 001.8468 13.59467225892333
0 KIKU 1 (ETS 1)
1 08197U 75082A   13285.81871872 -.00000129  00000-0 -25867-5 0  9625
2 08197 046.9874 102.2129 0085374 031.8741 045.5202 13.59467476892642
0 KIKU 1 (ETS 1)
1 08197U 75082A   13286.86096868 -.00000137  00000-0 -12868-4 0  9631
2 08197 046.9877 098.0309 0085349 035.9559 106.3575 13.59467583892784
0 KIKU 1 (ETS 1)
1 08197U 75082A   13287.96264451 -.00000143  00000-0 -20479-4 0  9643
2 08197 046.9879 093.6103 0085328 040.2715 098.0280 13.59467700892937
0 KIKU 1 (ETS 1)
1 08197U 75082A   13289.48606124 -.00000144  00000-0 -22640-4 0  9653
2 08197 046.9882 087.4978 0085302 046.2379 353.7273 13.59467658893145
0 KIKU 1 (ETS 1)
1 08197U 75082A   13290.52148757 -.00000133  00000-0 -79426-5 0  9667
2 08197 046.9885 083.3432 0085315 050.2938 021.1698 13.59467569893281
0 KIKU 1 (ETS 1)
1 08197U 75082A   13291.93436889 -.00000117  00000-0  12971-4 0  9672
2 08197 046.9887 077.6745 0085290 055.8266 095.9022 13.59467482893478
0 KIKU 1 (ETS 1)
1 08197U 75082A   13293.46864267 -.00000109  00000-0  24148-4 0  9688
2 08197 046.9889 071.5187 0085290 061.8381 044.7332 13.59467436893686
0 KIKU 1 (ETS 1)
1 08197U 75082A   13294.48169684 -.00000113  00000-0  19244-4 0  9699
2 08197 046.9890 067.4541 0085269 065.8054 322.6843 13.59467482893825
0 KIKU 1 (ETS 1)
1 08197U 75082A   13295.82630242 -.00000109  00000-0  23609-4 0  9708
2 08197 046.9891 062.0593 0085262 071.0789 063.2619 13.59467575894004
