0 COSMOS 836
1 08923U 76061A   13282.24310429  .00000098  00000-0  45584-4 0  6223
2 08923 074.0537 155.0940 0017109 099.4671 032.6396 14.32716243946616
0 COSMOS 836
1 08923U 76061A   13283.83826346  .00000086  00000-0  41102-4 0  6239
2 08923 074.0535 152.1845 0017154 095.9565 340.3247 14.32716530946847
0 COSMOS 836
1 08923U 76061A   13286.15551853  .00000124  00000-0  54775-4 0  6250
2 08923 074.0529 147.9579 0017155 090.7883 052.5875 14.32716678947172
0 COSMOS 836
1 08923U 76061A   13287.20031832  .00000124  00000-0  54929-4 0  6269
2 08923 074.0527 146.0522 0017156 088.4783 041.5812 14.32717139947321
0 COSMOS 836
1 08923U 76061A   13288.30177707  .00000143  00000-0  61830-4 0  6274
2 08923 074.0526 144.0432 0017170 086.0761 322.7860 14.32717958947487
0 COSMOS 836
1 08923U 76061A   13290.13468792  .00000109  00000-0  49355-4 0  6286
2 08923 074.0525 140.6998 0017182 082.0338 056.7941 14.32718612947745
0 COSMOS 836
1 08923U 76061A   13291.37518340  .00000118  00000-0  52613-4 0  6290
2 08923 074.0526 138.4371 0017231 079.3004 335.1707 14.32718954947923
0 COSMOS 836
1 08923U 76061A   13292.77217413  .00000114  00000-0  51128-4 0  6300
2 08923 074.0526 135.8888 0017246 076.2638 340.6971 14.32719472948125
0 COSMOS 836
1 08923U 76061A   13294.11389586  .00000118  00000-0  52763-4 0  6312
2 08923 074.0526 133.4412 0017261 073.3168 061.1860 14.32719813948317
0 COSMOS 836
1 08923U 76061A   13295.16219042  .00000145  00000-0  62723-4 0  6325
2 08923 074.0526 131.5290 0017281 071.0203 068.1978 14.32719760948461
