0 COSMOS 858
1 09443U 76098A   13282.51151184  .00000093  00000-0  42749-4 0  9208
2 09443 074.0518 353.3235 0013697 179.6877 280.2915 14.33695991934724
0 COSMOS 858
1 09443U 76098A   13283.77509216  .00000090  00000-0  41820-4 0  9217
2 09443 074.0517 351.0147 0013622 177.2009 321.8814 14.33696491934905
0 COSMOS 858
1 09443U 76098A   13286.20148926  .00000121  00000-0  52941-4 0  9227
2 09443 074.0512 346.5809 0013527 171.9295 245.5048 14.33696780935257
0 COSMOS 858
1 09443U 76098A   13287.46581213  .00000126  00000-0  54586-4 0  9239
2 09443 074.0509 344.2707 0013465 169.3033 291.0701 14.33696942935439
0 COSMOS 858
1 09443U 76098A   13288.51304256  .00000151  00000-0  63864-4 0  9244
2 09443 074.0507 342.3571 0013426 167.0473 296.2342 14.33697823935588
0 COSMOS 858
1 09443U 76098A   13289.57211580  .00000122  00000-0  53391-4 0  9251
2 09443 074.0505 340.4218 0013371 164.8392 002.4536 14.33698316935734
0 COSMOS 858
1 09443U 76098A   13290.60777758  .00000128  00000-0  55338-4 0  9261
2 09443 074.0503 338.5292 0013318 162.6634 307.8581 14.33698528935881
0 COSMOS 858
1 09443U 76098A   13292.12737150  .00000121  00000-0  52768-4 0  9270
2 09443 074.0502 335.7522 0013269 159.3222 231.1509 14.33699140936102
0 COSMOS 858
1 09443U 76098A   13293.17880900  .00000108  00000-0  48386-4 0  9285
2 09443 074.0502 333.8308 0013250 156.9880 258.1065 14.33699656936250
0 COSMOS 858
1 09443U 76098A   13294.51451817  .00000130  00000-0  56054-4 0  9292
2 09443 074.0502 331.3897 0013197 154.1090 312.2386 14.33699976936443
0 COSMOS 858
1 09443U 76098A   13295.70713105  .00000168  00000-0  69777-4 0  9304
2 09443 074.0500 329.2102 0013165 151.5020 347.8307 14.33700086936616
