0 SL-8 DEB
1 09572U 75112C   13283.09745243  .00007899  00000-0  87802-3 0    93
2 09572 074.0365 248.2157 0005977 279.7018 080.3487 14.87307260  5240
0 SL-8 DEB
1 09572U 75112C   13285.31714091  .00006180  00000-0  68759-3 0   101
2 09572 074.0362 243.7932 0005900 275.8443 084.2064 14.87334499  5577
0 SL-8 DEB
1 09572U 75112C   13287.67131384  .00008930  00000-0  99061-3 0   116
2 09572 074.0367 239.1020 0005923 270.8898 089.1603 14.87361808  5929
0 SL-8 DEB
1 09572U 75112C   13289.95817120  .00008680  00000-0  96214-3 0   128
2 09572 074.0373 234.5448 0005841 266.5631 093.4881 14.87397848  6262
0 SL-8 DEB
1 09572U 75112C   13291.97594490  .00006835  00000-0  75815-3 0   130
2 09572 074.0379 230.5240 0005796 262.6617 097.3905 14.87429613  6563
0 SL-8 DEB
1 09572U 75112C   13294.12819130  .00009042  00000-0  10007-2 0   146
2 09572 074.0378 226.2355 0005697 258.3790 101.6751 14.87455588  6888
0 SL-8 DEB
1 09572U 75112C   13296.14588623  .00008639  00000-0  95554-3 0   153
2 09572 074.0376 222.2150 0005680 254.2874 105.7680 14.87486931  7181
