0 COSMOS 886 DEB
1 09807U 76126AA  13283.17508672  .00009015  00000-0  21307-2 0  8381
2 09807 065.7977 190.9774 0578910 041.9050 069.0755 13.84551448783736
0 COSMOS 886 DEB
1 09807U 76126AA  13283.73156694  .00013152  00000-0  30715-2 0  8409
2 09807 065.7989 189.5698 0578629 041.6308 322.7820 13.84552758783814
0 COSMOS 886 DEB
1 09807U 76126AA  13286.84921134  .00006775  00000-0  16055-2 0  8407
2 09807 065.7983 181.6782 0579013 040.0655 022.6694 13.84602072784249
0 COSMOS 886 DEB
1 09807U 76126AA  13289.16305707  .00009009  00000-0  21220-2 0  8411
2 09807 065.7981 175.8217 0579126 038.9103 036.3471 13.84641523784568
0 COSMOS 886 DEB
1 09807U 76126AA  13290.81001319  .00012482  00000-0  29030-2 0  8435
2 09807 065.7978 171.6536 0578842 038.0864 326.0166 13.84666757784792
0 COSMOS 886 DEB
1 09807U 76126AA  13291.11269797  .00007522  00000-0  17746-2 0  8446
2 09807 065.7973 170.8867 0579217 037.9357 034.8409 13.84668298784838
0 COSMOS 886 DEB
1 09807U 76126AA  13293.13556866  .00006481  00000-0  15314-2 0  8459
2 09807 065.7965 165.7657 0579259 036.9225 038.5724 13.84695618785117
0 COSMOS 886 DEB
1 09807U 76126AA  13295.88186924  .00007205  00000-0  16970-2 0  8462
2 09807 065.7962 158.8126 0579365 035.5470 048.7968 13.84727080785496
