0 SL-8 DEB
1 10013U 77036C   13282.14409850 -.00000025  00000-0  10657-3 0   918
2 10013 065.8662 105.5905 0699324 045.5313 044.1574 12.30676560635284
0 SL-8 DEB
1 10013U 77036C   13284.50057834 -.00000016  00000-0  13888-3 0   921
2 10013 065.8663 101.0574 0699415 044.6091 044.3951 12.30676866635574
0 SL-8 DEB
1 10013U 77036C   13286.85168176 -.00000073  00000-0 -73430-4 0   938
2 10013 065.8667 096.5347 0699507 043.6876 020.8159 12.30677380635869
0 SL-8 DEB
1 10013U 77036C   13288.96745524 -.00000077  00000-0 -85437-4 0   945
2 10013 065.8672 092.4647 0699582 042.8585 034.6244 12.30677412636128
0 SL-8 DEB
1 10013U 77036C   13291.15517198 -.00000094  00000-0 -14843-3 0   956
2 10013 065.8677 088.2566 0699680 042.0026 007.1725 12.30677439636394
0 SL-8 DEB
1 10013U 77036C   13293.43990248 -.00000040  00000-0  52797-4 0   962
2 10013 065.8681 083.8620 0699796 041.1096 049.5348 12.30676956636671
0 SL-8 DEB
1 10013U 77036C   13295.46463880 -.00000065  00000-0 -40775-4 0   976
2 10013 065.8683 079.9675 0699882 040.3176 020.0040 12.30677145636927
