0 DELTA 1 DEB
1 10314U 77065DL  13287.62859928  .00001022  00000-0  36907-3 0  9638
2 10314 028.7824 122.1528 0717573 332.1411 068.3635 13.38529062735968
0 DELTA 1 DEB
1 10314U 77065DL  13290.61414079  .00001021  00000-0  37141-3 0  9646
2 10314 028.7817 107.1277 0717509 356.4792 054.8198 13.38534487736360
0 DELTA 1 DEB
1 10314U 77065DL  13292.79082383  .00001121  00000-0  41253-3 0  9657
2 10314 028.7819 096.1740 0717454 014.2197 103.6621 13.38536145736650
0 DELTA 1 DEB
1 10314U 77065DL  13294.80777826  .00001245  00000-0  46308-3 0  9668
2 10314 028.7819 086.0236 0717424 030.6591 102.8325 13.38539979736925
