0 DELTA 1 DEB
1 10476U 77065EJ  13282.79128817  .00071778  00000-0  23384-2 0   670
2 10476 028.9532 059.8186 0118879 251.5835 225.2072 15.23822853863386
0 DELTA 1 DEB
1 10476U 77065EJ  13283.57157277  .00072311  00000-0  23505-2 0   689
2 10476 028.9530 054.5646 0118584 260.1387 185.7429 15.23921364863505
0 DELTA 1 DEB
1 10476U 77065EJ  13284.41591087  .00075819  00000-0  24577-2 0   691
2 10476 028.9530 048.8786 0118383 269.4361 137.9419 15.24020955863636
0 DELTA 1 DEB
1 10476U 77065EJ  13285.67557013  .00062765  00000-0  20275-2 0   700
2 10476 028.9531 040.3940 0118117 283.2756 209.2785 15.24178245863829
0 DELTA 1 DEB
1 10476U 77065EJ  13287.50098293  .00063709  00000-0  20474-2 0   715
2 10476 028.9529 028.0950 0117694 303.3203 145.9194 15.24380254864107
0 DELTA 1 DEB
1 10476U 77065EJ  13287.63999494  .00075674  00000-0  24288-2 0   724
2 10476 028.9529 027.1582 0117682 304.8633 188.7596 15.24399461864121
0 DELTA 1 DEB
1 10476U 77065EJ  13289.46522988  .00068718  00000-0  21920-2 0   739
2 10476 028.9527 014.8573 0117373 324.9037 126.0108 15.24634132864402
0 DELTA 1 DEB
1 10476U 77065EJ  13290.51677541  .00070342  00000-0  22360-2 0   749
2 10476 028.9524 007.7680 0117276 336.4393 137.7668 15.24748196864567
0 DELTA 1 DEB
1 10476U 77065EJ  13291.49869998  .00061674  00000-0  19551-2 0   753
2 10476 028.9520 001.1461 0117128 347.1959 127.8261 15.24861810864716
0 DELTA 1 DEB
1 10476U 77065EJ  13293.46235662  .00058931  00000-0  18566-2 0   765
2 10476 028.9518 347.9010 0116942 008.7089 108.0308 15.25074960865011
0 DELTA 1 DEB
1 10476U 77065EJ  13294.51351175  .00062476  00000-0  19621-2 0   773
2 10476 028.9517 340.8087 0116866 020.2047 119.3457 15.25174599865170
0 DELTA 1 DEB
1 10476U 77065EJ  13295.42571619  .00064440  00000-0  20175-2 0   781
2 10476 028.9517 334.6536 0116838 030.1793 088.0722 15.25269733865315
0 DELTA 1 DEB
1 10476U 77065EJ  13296.19965233  .00060704  00000-0  18961-2 0   795
2 10476 028.9517 329.4311 0116829 038.6156 017.8501 15.25347020865438
