0 METEOR 2-3
1 10514U 77117A   13281.85499942  .00000050  00000-0  21127-4 0  3502
2 10514 081.2047 099.8735 0023617 122.0768 238.2700 14.10150698841764
0 METEOR 2-3
1 10514U 77117A   13283.06121777  .00000034  00000-0  12101-4 0  3510
2 10514 081.2045 098.6940 0023642 118.8361 241.5187 14.10151081841939
0 METEOR 2-3
1 10514U 77117A   13286.04128535 -.00000002  00000-0 -83983-5 0  3536
2 10514 081.2046 095.7798 0023729 110.8330 249.5385 14.10151282842351
0 METEOR 2-3
1 10514U 77117A   13287.74418027  .00000028  00000-0  84037-5 0  3540
2 10514 081.2049 094.1145 0023784 106.2461 254.1329 14.10151351842591
0 METEOR 2-3
1 10514U 77117A   13288.80848932  .00000048  00000-0  20133-4 0  3559
2 10514 081.2051 093.0737 0023853 103.4082 256.9749 14.10151334842748
0 METEOR 2-3
1 10514U 77117A   13290.15661397  .00000045  00000-0  18165-4 0  3568
2 10514 081.2053 091.7554 0023902 099.8296 260.5575 14.10151167842935
0 METEOR 2-3
1 10514U 77117A   13291.50473839  .00000073  00000-0  34254-4 0  3579
2 10514 081.2055 090.4372 0023944 096.2438 264.1462 14.10150959843121
0 METEOR 2-3
1 10514U 77117A   13292.85286260  .00000119  00000-0  60060-4 0  3584
2 10514 081.2056 089.1189 0023981 092.6498 267.7419 14.10150581843313
0 METEOR 2-3
1 10514U 77117A   13293.91717138  .00000135  00000-0  68781-4 0  3592
2 10514 081.2057 088.0782 0024019 089.8235 270.5688 14.10150533843464
0 METEOR 2-3
1 10514U 77117A   13295.12338784  .00000160  00000-0  83293-4 0  3608
2 10514 081.2058 086.8988 0024103 086.6588 273.7339 14.10150455843639
