0 COSMOS 972
1 10539U 77123A   13282.44987629  .00000031  00000-0  24068-4 0  3872
2 10539 075.8332 279.7075 0303354 176.0553 184.3088 13.88658987813018
0 COSMOS 972
1 10539U 77123A   13283.45850780  .00000034  00000-0  25757-4 0  3881
2 10539 075.8332 278.1810 0303344 173.8668 186.6325 13.88659288813158
0 COSMOS 972
1 10539U 77123A   13286.12417590 -.00000010  00000-0  35863-6 0  3905
2 10539 075.8333 274.1465 0303272 168.0724 192.7814 13.88659633813526
0 COSMOS 972
1 10539U 77123A   13287.13280651 -.00000029  00000-0 -10196-4 0  3915
2 10539 075.8334 272.6199 0303270 165.8881 195.0974 13.88659683813664
0 COSMOS 972
1 10539U 77123A   13288.14143666 -.00000032  00000-0 -12166-4 0  3925
2 10539 075.8337 271.0933 0303266 163.7039 197.4120 13.88659620813809
0 COSMOS 972
1 10539U 77123A   13289.43824638 -.00000017  00000-0 -38541-5 0  3933
2 10539 075.8339 269.1305 0303240 160.8891 200.3925 13.88659464813980
0 COSMOS 972
1 10539U 77123A   13290.44687580 -.00000003  00000-0  44527-5 0  3945
2 10539 075.8341 267.6040 0303214 158.6981 202.7104 13.88659354814128
0 COSMOS 972
1 10539U 77123A   13291.45550487 -.00000003  00000-0  45064-5 0  3950
2 10539 075.8343 266.0776 0303195 156.5134 205.0195 13.88659368814260
0 COSMOS 972
1 10539U 77123A   13292.46413348  .00000007  00000-0  10109-4 0  3961
2 10539 075.8344 264.5513 0303178 154.3242 207.3312 13.88659335814406
0 COSMOS 972
1 10539U 77123A   13293.83298594  .00000035  00000-0  25785-4 0  3975
2 10539 075.8345 262.4799 0303157 151.3466 210.4716 13.88659178814590
0 COSMOS 972
1 10539U 77123A   13295.05774786  .00000040  00000-0  29035-4 0  3982
2 10539 075.8346 260.6266 0303137 148.6897 213.2696 13.88659332814764
0 COSMOS 972
1 10539U 77123A   13296.06637498  .00000022  00000-0  18284-4 0  3997
2 10539 075.8346 259.1004 0303118 146.4953 215.5774 13.88659516814907
