0 COSMOS 970 DEB
1 10578U 77121V   13281.87214572  .00000090  00000-0  19094-3 0  3270
2 10578 065.7700 148.1372 0127402 074.3738 012.3910 13.66988832783864
0 COSMOS 970 DEB
1 10578U 77121V   13284.06500065  .00000161  00000-0  27157-3 0  3288
2 10578 065.7697 142.7785 0127480 073.2621 003.8575 13.66989885784167
0 COSMOS 970 DEB
1 10578U 77121V   13286.11479438  .00000161  00000-0  27186-3 0  3298
2 10578 065.7694 137.7693 0127532 072.2146 011.3061 13.66991047784443
0 COSMOS 970 DEB
1 10578U 77121V   13288.45466572  .00000165  00000-0  27569-3 0  3303
2 10578 065.7693 132.0511 0127614 071.0346 006.2768 13.66992448784767
0 COSMOS 970 DEB
1 10578U 77121V   13290.73202067  .00000094  00000-0  19598-3 0  3319
2 10578 065.7695 126.4856 0127679 069.8824 053.6075 13.66993465785077
0 COSMOS 970 DEB
1 10578U 77121V   13292.77521384  .00000114  00000-0  21874-3 0  3325
2 10578 065.7697 121.4923 0127740 068.8549 028.5827 13.66994000785354
0 COSMOS 970 DEB
1 10578U 77121V   13294.82507140  .00000155  00000-0  26445-3 0  3332
2 10578 065.7698 116.4826 0127799 067.8165 036.3675 13.66994757785636
