0 COSMOS 980
1 10587U 78005E   13281.09544341 -.00000015  00000-0  84070-5 0  8480
2 10587 074.0335 044.4501 0007476 160.6018 309.8959 12.48881903629632
0 COSMOS 980
1 10587U 78005E   13283.32805396 -.00000037  00000-0 -14206-3 0  8496
2 10587 074.0338 041.4898 0007432 157.3113 267.5964 12.48882220629912
0 COSMOS 980
1 10587U 78005E   13285.49228896 -.00000035  00000-0 -13065-3 0  8502
2 10587 074.0343 038.6203 0007391 153.9521 278.0570 12.48882183630184
0 COSMOS 980
1 10587U 78005E   13287.50696844 -.00000017  00000-0 -68143-5 0  8518
2 10587 074.0346 035.9492 0007359 150.7588 336.1782 12.48881891630433
0 COSMOS 980
1 10587U 78005E   13289.73758346  .00000013  00000-0  19492-3 0  8527
2 10587 074.0346 032.9920 0007306 147.3023 285.0779 12.48881757630714
0 COSMOS 980
1 10587U 78005E   13292.20659966  .00000009  00000-0  16831-3 0  8531
2 10587 074.0344 029.7186 0007269 143.4212 225.8882 12.48881860631022
0 COSMOS 980
1 10587U 78005E   13294.46929796 -.00000008  00000-0  51424-4 0  8541
2 10587 074.0343 026.7187 0007240 139.9008 319.0482 12.48882152631309
