0 COSMOS 976
1 10581U 78005A   13281.83353162  .00000002  00000-0  11562-3 0  5368
2 10581 074.0316 327.4873 0005708 224.8733 252.8480 12.51228700632784
0 COSMOS 976
1 10581U 78005A   13284.14053896  .00000019  00000-0  22547-3 0  5370
2 10581 074.0311 324.4147 0005685 221.8538 204.1301 12.51228554633076
0 COSMOS 976
1 10581U 78005A   13286.54041823  .00000016  00000-0  20765-3 0  5381
2 10581 074.0306 321.2183 0005638 218.6321 213.8077 12.51228711633372
0 COSMOS 976
1 10581U 78005A   13288.78898272 -.00000008  00000-0  51450-4 0  5396
2 10581 074.0302 318.2232 0005594 215.4526 262.0858 12.51229037633658
0 COSMOS 976
1 10581U 78005A   13291.17573679 -.00000028  00000-0 -76573-4 0  5402
2 10581 074.0301 315.0437 0005573 211.8320 213.0638 12.51229220633957
0 COSMOS 976
1 10581U 78005A   13293.51408030 -.00000008  00000-0  53990-4 0  5416
2 10581 074.0301 311.9287 0005524 208.6163 305.6508 12.51229117634242
0 COSMOS 976
1 10581U 78005A   13295.74447000  .00000009  00000-0  15960-3 0  5428
2 10581 074.0301 308.9578 0005464 205.5789 271.9516 12.51228943634525
