0 SL-8 R/B
1 10591U 78005J   13280.75174573 -.00000006  00000-0  80732-4 0  7101
2 10591 074.0336 135.8865 0145455 319.7914 105.1538 12.23297795166682
0 SL-8 R/B
1 10591U 78005J   13282.80885649  .00000103  00000-0  10629-2 0  7116
2 10591 074.0332 133.2866 0145491 316.8492 164.4114 12.23297101166937
0 SL-8 R/B
1 10591U 78005J   13287.54233644 -.00000008  00000-0  70374-4 0  7136
2 10591 074.0325 127.3042 0145490 310.1036 130.0182 12.23298330167513
0 SL-8 R/B
1 10591U 78005J   13289.84255079  .00000039  00000-0  49087-3 0  7147
2 10591 074.0326 124.3969 0145512 306.8209 179.8687 12.23298065167794
0 SL-8 R/B
1 10591U 78005J   13291.97891553  .00000029  00000-0  39687-3 0  7152
2 10591 074.0329 121.6967 0145522 303.7758 228.1397 12.23299094168050
0 SL-8 R/B
1 10591U 78005J   13294.16724028  .00000043  00000-0  52048-3 0  7161
2 10591 074.0332 118.9307 0145528 300.6528 145.2445 12.23299364168321
