0 DELTA 1 DEB
1 10750U 76077AX  13283.12150079  .00002569  00000-0  25118-2 0   747
2 10750 101.7254 165.7052 0598136 241.3553 112.6161 13.20693140744761
0 DELTA 1 DEB
1 10750U 76077AX  13284.18205537  .00003018  00000-0  29273-2 0   751
2 10750 101.7225 166.8983 0599512 239.0447 115.0435 13.20702389744902
0 DELTA 1 DEB
1 10750U 76077AX  13285.46988587  .00002833  00000-0  27671-2 0   761
2 10750 101.7199 168.3460 0597673 236.1833 118.1002 13.20705519745073
0 DELTA 1 DEB
1 10750U 76077AX  13287.51524910  .00003024  00000-0  29505-2 0   777
2 10750 101.7239 170.6439 0597520 231.6711 122.9236 13.20712683745348
0 DELTA 1 DEB
1 10750U 76077AX  13288.57580275  .00003738  00000-0  36369-2 0   789
2 10750 101.7239 171.8358 0597254 229.3301 125.4425 13.20724884745483
0 DELTA 1 DEB
1 10750U 76077AX  13291.15141756  .00003906  00000-0  38064-2 0   796
2 10750 101.7240 174.7304 0596413 223.6225 131.6247 13.20742073745825
0 DELTA 1 DEB
1 10750U 76077AX  13293.65126097  .00003707  00000-0  36216-2 0   802
2 10750 101.7237 177.5400 0595705 218.0843 137.6718 13.20754356746159
0 DELTA 1 DEB
1 10750U 76077AX  13296.15109309  .00003846  00000-0  37625-2 0   817
2 10750 101.7240 180.3498 0595043 212.5375 143.7721 13.20766025746480
