0 DELTA 1 DEB
1 10755U 76077BC  13281.52516576 -.00000014  00000-0  25510-3 0  9225
2 10755 101.9834 290.5586 0081710 042.6459 111.6359 12.25907216665141
0 DELTA 1 DEB
1 10755U 76077BC  13287.04332844 -.00000025  00000-0  15337-3 0  9242
2 10755 101.9825 295.8472 0081688 032.6456 344.7597 12.25907800665820
0 DELTA 1 DEB
1 10755U 76077BC  13289.52260108 -.00000039  00000-0  30718-4 0  9257
2 10755 101.9824 298.2228 0081682 028.1627 126.4438 12.25907927666122
0 DELTA 1 DEB
1 10755U 76077BC  13291.95088007 -.00000034  00000-0  79357-4 0  9261
2 10755 101.9826 300.5496 0081645 023.7645 043.0905 12.25908070666424
0 DELTA 1 DEB
1 10755U 76077BC  13293.98844421 -.00000036  00000-0  55338-4 0  9272
2 10755 101.9829 302.5019 0081610 020.0465 035.4349 12.25908099666677
