0 DELTA 1 DEB
1 10765U 76077BN  13283.86004248 -.00000038  00000-0  49559-4 0  6596
2 10765 102.0632 255.3767 0130364 258.4105 155.5992 12.16469558653289
0 DELTA 1 DEB
1 10765U 76077BN  13286.16570961 -.00000014  00000-0  28405-3 0  6604
2 10765 102.0636 257.5617 0130356 254.3062 172.8027 12.16469333653562
0 DELTA 1 DEB
1 10765U 76077BN  13288.47941045 -.00000068  00000-0 -25116-3 0  6612
2 10765 102.0643 259.7541 0130368 250.1905 225.1793 12.16469982653846
0 DELTA 1 DEB
1 10765U 76077BN  13291.18275766 -.00000025  00000-0  17375-3 0  6625
2 10765 102.0651 262.3157 0130393 245.3815 183.9402 12.16469493654174
0 DELTA 1 DEB
1 10765U 76077BN  13293.49588713 -.00000015  00000-0  26864-3 0  6633
2 10765 102.0655 264.5080 0130385 241.2626 233.8243 12.16469322654453
0 DELTA 1 DEB
1 10765U 76077BN  13295.86697412 -.00000035  00000-0  77403-4 0  6642
2 10765 102.0657 266.7553 0130386 237.0445 177.5127 12.16469781654743
