0 DELTA 1 DEB
1 10833U 76077CD  13283.10240869  .00000055  00000-0  79691-3 0  8926
2 10833 102.0535 322.4351 0112486 037.5606 028.3256 12.32863752671135
0 DELTA 1 DEB
1 10833U 76077CD  13286.09553953  .00000095  00000-0  11189-2 0  8941
2 10833 102.0528 325.3588 0112254 031.9043 352.9485 12.32864301671509
0 DELTA 1 DEB
1 10833U 76077CD  13287.58519389  .00000095  00000-0  11121-2 0  8958
2 10833 102.0523 326.8138 0112156 029.0791 124.5961 12.32864619671683
0 DELTA 1 DEB
1 10833U 76077CD  13289.09774094  .00000086  00000-0  10473-2 0  8962
2 10833 102.0520 328.2910 0112085 026.2193 357.8461 12.32865223671879
0 DELTA 1 DEB
1 10833U 76077CD  13290.58753459  .00000071  00000-0  92487-3 0  8971
2 10833 102.0517 329.7460 0112021 023.3935 130.1178 12.32865779672057
0 DELTA 1 DEB
1 10833U 76077CD  13292.10983039  .00000070  00000-0  91761-3 0  8984
2 10833 102.0518 331.2327 0111973 020.5061 046.6497 12.32866072672245
0 DELTA 1 DEB
1 10833U 76077CD  13293.59011413  .00000086  00000-0  10421-2 0  8997
2 10833 102.0519 332.6783 0111926 017.6837 136.7326 12.32866532672426
0 DELTA 1 DEB
1 10833U 76077CD  13294.63770297  .00000077  00000-0  97335-3 0  9008
2 10833 102.0520 333.7013 0111894 015.6825 106.3508 12.32867069672550
0 DELTA 1 DEB
1 10833U 76077CD  13296.08348480  .00000106  00000-0  12083-2 0  9014
2 10833 102.0520 335.1132 0111877 012.9408 043.2908 12.32867546672739
