0 DELTA 1 DEB
1 10834U 76077CE  13285.81045292  .00000470  00000-0  51086-2 0  4676
2 10834 100.4116 278.1031 0134756 059.2295 058.8927 12.13741053643156
0 DELTA 1 DEB
1 10834U 76077CE  13286.94387576  .00000464  00000-0  50434-2 0  4685
2 10834 100.4132 279.0285 0134564 057.0788 331.3612 12.13742012643296
0 DELTA 1 DEB
1 10834U 76077CE  13288.45626977  .00000409  00000-0  44852-2 0  4691
2 10834 100.4134 280.2615 0134552 054.2320 099.7118 12.13744593643479
0 DELTA 1 DEB
1 10834U 76077CE  13291.42743297  .00000281  00000-0  31888-2 0  4702
2 10834 100.4193 282.6919 0134096 048.5359 122.2396 12.13746689643836
0 DELTA 1 DEB
1 10834U 76077CE  13292.49731714  .00000369  00000-0  40821-2 0  4716
2 10834 100.4166 283.5600 0134266 046.6041 117.0026 12.13746515643963
0 DELTA 1 DEB
1 10834U 76077CE  13293.94971480  .00000549  00000-0  59104-2 0  4728
2 10834 100.4204 284.7477 0134134 043.6893 343.4284 12.13748655644146
0 DELTA 1 DEB
1 10834U 76077CE  13295.46249015  .00000457  00000-0  49798-2 0  4736
2 10834 100.4181 285.9799 0133545 040.6758 113.6543 12.13750143644322
