0 DELTA 1 DEB
1 10868U 76077CW  13281.81816888  .00000447  00000-0  38527-2 0   750
2 10868 102.4088 001.1521 0104098 204.9455 276.9002 12.35366822670118
0 DELTA 1 DEB
1 10868U 76077CW  13284.15590743  .00000449  00000-0  38700-2 0   765
2 10868 102.4091 003.5128 0104227 201.1320 233.1618 12.35369221670401
0 DELTA 1 DEB
1 10868U 76077CW  13286.17659671  .00000477  00000-0  40842-2 0   777
2 10868 102.4093 005.5533 0104290 197.8237 219.4934 12.35371372670658
0 DELTA 1 DEB
1 10868U 76077CW  13288.20147041  .00000614  00000-0  51508-2 0   781
2 10868 102.4092 007.5981 0104326 194.5406 224.4152 12.35373906670909
0 DELTA 1 DEB
1 10868U 76077CW  13290.21801825  .00000498  00000-0  42500-2 0   795
2 10868 102.4091 009.6346 0104300 191.2978 192.3003 12.35376960671155
0 DELTA 1 DEB
1 10868U 76077CW  13292.49590406  .00000250  00000-0  23133-2 0   806
2 10868 102.4091 011.9351 0104218 187.6239 242.4289 12.35378419671439
0 DELTA 1 DEB
1 10868U 76077CW  13294.77537311  .00000438  00000-0  37769-2 0   814
2 10868 102.4090 014.2370 0104055 183.8941 299.6695 12.35381769671710
