0 COSMOS 1016
1 10933U 78056D   13281.83023116 -.00000017  00000-0 -11916-4 0  8240
2 10933 074.0258 154.3721 0016836 048.6422 075.1318 12.45239629606557
0 COSMOS 1016
1 10933U 78056D   13284.08946280  .00000014  00000-0  20633-3 0  8257
2 10933 074.0253 151.3960 0016858 045.1894 123.0458 12.45239233606833
0 COSMOS 1016
1 10933U 78056D   13286.47747005  .00000032  00000-0  33019-3 0  8269
2 10933 074.0247 148.2502 0016903 041.6141 028.1716 12.45239327607130
0 COSMOS 1016
1 10933U 78056D   13288.48819772  .00000012  00000-0  19608-3 0  8270
2 10933 074.0244 145.6013 0016937 038.5300 042.0749 12.45239653607384
0 COSMOS 1016
1 10933U 78056D   13290.73429547 -.00000026  00000-0 -75903-4 0  8287
2 10933 074.0242 142.6422 0016977 035.1910 031.0160 12.45240051607667
0 COSMOS 1016
1 10933U 78056D   13292.83683009 -.00000031  00000-0 -10656-3 0  8295
2 10933 074.0242 139.8722 0017010 032.0267 096.4261 12.45240030607921
0 COSMOS 1016
1 10933U 78056D   13295.01486509 -.00000013  00000-0  18952-4 0  8303
2 10933 074.0241 137.0027 0017032 028.7611 140.2837 12.45239819608197
