0 COSMOS 1053
1 11130U 78109C   13283.47247909  .00000021  00000-0  23823-3 0  3392
2 11130 074.0156 306.1397 0036865 036.4982 115.8479 12.51430094592112
0 COSMOS 1053
1 11130U 78109C   13285.54302985  .00000007  00000-0  14952-3 0  3407
2 11130 074.0153 303.3782 0036896 033.3667 084.0008 12.51430351592375
0 COSMOS 1053
1 11130U 78109C   13288.09112019 -.00000032  00000-0 -10512-3 0  3416
2 11130 074.0151 299.9794 0036936 029.5132 043.5444 12.51430723592697
0 COSMOS 1053
1 11130U 78109C   13290.51048189 -.00000030  00000-0 -88746-4 0  3426
2 11130 074.0154 296.7523 0036984 025.8430 143.1612 12.51430730592993
0 COSMOS 1053
1 11130U 78109C   13293.20901008 -.00000005  00000-0  70869-4 0  3432
2 11130 074.0155 293.1530 0037049 021.7522 060.4664 12.51430543593332
0 COSMOS 1053
1 11130U 78109C   13295.46623138  .00000017  00000-0  21362-3 0  3443
2 11130 074.0155 290.1425 0037101 018.3570 149.5845 12.51430397593614
