0 COSMOS 1168
1 11735U 80022A   13281.87405414  .00000080  00000-0  68699-4 0   392
2 11735 082.9433 105.6084 0034704 331.5289 146.5767 13.74815046683542
0 COSMOS 1168
1 11735U 80022A   13283.11344554  .00000081  00000-0  68748-4 0   406
2 11735 082.9432 104.6907 0034651 327.9653 160.8461 13.74815350683716
0 COSMOS 1168
1 11735U 80022A   13284.13429994  .00000079  00000-0  66730-4 0   418
2 11735 082.9432 103.9348 0034613 325.0309 173.4838 13.74815517683850
0 COSMOS 1168
1 11735U 80022A   13285.49263337  .00000055  00000-0  41791-4 0   420
2 11735 082.9432 102.9290 0034543 321.1257 056.4478 13.74815752684049
0 COSMOS 1168
1 11735U 80022A   13286.51855384  .00000038  00000-0  24072-4 0   438
2 11735 082.9432 102.1693 0034577 318.1022 094.2349 13.74815974684189
0 COSMOS 1168
1 11735U 80022A   13287.53939973  .00000038  00000-0  24249-4 0   445
2 11735 082.9434 101.4134 0034515 315.1965 106.8041 13.74816169684320
0 COSMOS 1168
1 11735U 80022A   13288.86299727  .00000051  00000-0  37688-4 0   455
2 11735 082.9437 100.4332 0034429 311.4168 177.8244 13.74816329684501
0 COSMOS 1168
1 11735U 80022A   13290.10203508  .00000041  00000-0  27760-4 0   467
2 11735 082.9439 099.5158 0034395 307.8337 190.3692 13.74816440684675
0 COSMOS 1168
1 11735U 80022A   13291.46838199  .00000049  00000-0  35564-4 0   477
2 11735 082.9441 098.5041 0034387 303.8545 113.0520 13.74816386684868
0 COSMOS 1168
1 11735U 80022A   13292.49034079  .00000067  00000-0  54635-4 0   487
2 11735 082.9443 097.7474 0034384 300.8983 131.1788 13.74816478685007
0 COSMOS 1168
1 11735U 80022A   13293.80987140  .00000096  00000-0  85581-4 0   496
2 11735 082.9445 096.7705 0034356 297.0751 182.1283 13.74816474685185
0 COSMOS 1168
1 11735U 80022A   13294.82709404  .00000101  00000-0  90281-4 0   506
2 11735 082.9445 096.0174 0034358 294.1186 176.8280 13.74816520685325
0 COSMOS 1168
1 11735U 80022A   13295.84536529  .00000095  00000-0  84369-4 0   518
2 11735 082.9445 095.2636 0034409 291.1749 176.7016 13.74816587685462
