0 COSMOS 1228
1 12107U 80102A   13282.47000280  .00000004  00000-0  12148-3 0  3659
2 12107 073.9954 078.2988 0045384 200.9366 214.4217 12.58572956506824
0 COSMOS 1228
1 12107U 80102A   13286.86337353 -.00000037  00000-0 -12115-3 0  3674
2 12107 073.9965 072.3537 0045310 194.2965 320.1298 12.58573430507373
0 COSMOS 1228
1 12107U 80102A   13289.79441955 -.00000019  00000-0 -12537-4 0  3683
2 12107 073.9973 068.3879 0045267 189.8730 280.2599 12.58573175507744
0 COSMOS 1228
1 12107U 80102A   13292.10010543  .00000011  00000-0  15927-3 0  3693
2 12107 073.9977 065.2683 0045220 186.3679 287.0012 12.58573035508033
0 COSMOS 1228
1 12107U 80102A   13294.46745503  .00000009  00000-0  14928-3 0  3704
2 12107 073.9978 062.0653 0045184 182.7666 213.1322 12.58573135508339
