0 COSMOS 1230
1 12109U 80102C   13281.24345179  .00000014  00000-0  17825-3 0  2628
2 12109 073.9916 101.0344 0041772 236.2122 235.5461 12.57850287505812
0 COSMOS 1230
1 12109U 80102C   13283.86653926  .00000008  00000-0  14736-3 0  2632
2 12109 073.9917 097.4889 0041726 232.2797 233.5145 12.57850470506146
0 COSMOS 1230
1 12109U 80102C   13286.17553481 -.00000028  00000-0 -68132-4 0  2649
2 12109 073.9920 094.3679 0041710 228.8176 249.2000 12.57850874506432
0 COSMOS 1230
1 12109U 80102C   13288.46910400 -.00000052  00000-0 -20957-3 0  2651
2 12109 073.9926 091.2678 0041688 225.3896 195.0226 12.57850954506727
0 COSMOS 1230
1 12109U 80102C   13290.78547125 -.00000028  00000-0 -66177-4 0  2668
2 12109 073.9933 088.1372 0041664 221.9315 244.0789 12.57850672507012
0 COSMOS 1230
1 12109U 80102C   13292.86391131  .00000002  00000-0  11152-3 0  2676
2 12109 073.9936 085.3283 0041614 218.7848 295.7873 12.57850475507271
0 COSMOS 1230
1 12109U 80102C   13295.16052329  .00000016  00000-0  19434-3 0  2682
2 12109 073.9938 082.2243 0041585 215.3267 255.4132 12.57850496507566
