0 DELTA 1 DEB
1 12200U 78026AR  13281.17628880  .00000118  00000-0  58592-4 0  2247
2 12200 098.4022 313.2412 0114622 149.0568 259.2195 14.29318247701874
0 DELTA 1 DEB
1 12200U 78026AR  13283.34993181  .00000135  00000-0  64748-4 0  2257
2 12200 098.4019 315.3378 0114710 142.6925 283.7501 14.29319422702182
0 DELTA 1 DEB
1 12200U 78026AR  13285.53928647  .00000134  00000-0  64240-4 0  2262
2 12200 098.4014 317.4497 0114770 136.2967 029.1185 14.29320096702496
0 DELTA 1 DEB
1 12200U 78026AR  13287.70420718  .00000188  00000-0  83967-4 0  2276
2 12200 098.4007 319.5378 0114797 129.9761 008.7629 14.29321281702807
0 DELTA 1 DEB
1 12200U 78026AR  13290.13702323  .00000162  00000-0  74577-4 0  2282
2 12200 098.4002 321.8839 0114843 122.8626 286.8906 14.29322632703151
0 DELTA 1 DEB
1 12200U 78026AR  13292.53814618  .00000174  00000-0  78998-4 0  2294
2 12200 098.4001 324.1992 0114883 115.8458 041.9482 14.29323670703494
0 DELTA 1 DEB
1 12200U 78026AR  13294.62997458  .00000208  00000-0  91232-4 0  2306
2 12200 098.4002 326.2161 0114849 109.7390 005.5215 14.29324741703798
