0 DELTA 1 DEB
1 12211U 78026BC  13283.15210802  .00000276  00000-0  18929-3 0  3076
2 12211 099.1544 022.7057 0122425 314.8734 162.5934 14.04456453668725
0 DELTA 1 DEB
1 12211U 78026BC  13285.72584431  .00000250  00000-0  17400-3 0  3089
2 12211 099.1549 025.3008 0122505 307.6513 215.6120 14.04458648669084
0 DELTA 1 DEB
1 12211U 78026BC  13292.77666975  .00000353  00000-0  23469-3 0  3093
2 12211 099.1540 032.4104 0122505 287.9614 225.1615 14.04463630670076
0 DELTA 1 DEB
1 12211U 78026BC  13294.77172392  .00000460  00000-0  29751-3 0  3101
2 12211 099.1538 034.4214 0122391 282.4040 232.3287 14.04464929670351
