0 SL-8 R/B
1 12389U 81033B   13282.33486020  .00029999  00000-0  64101-3 0  7755
2 12389 082.8853 345.6559 0274706 281.8169 130.9509 15.13408966671562
0 SL-8 R/B
1 12389U 81033B   13283.19361984  .00025779  00000-0  55065-3 0  7763
2 12389 082.8854 344.8521 0274515 278.8064 129.7787 15.13452515671698
0 SL-8 R/B
1 12389U 81033B   13283.58085486  .00047815  00000-0  10274-2 0  7774
2 12389 082.8852 344.4912 0274083 277.5002 079.5654 15.13468378671750
0 SL-8 R/B
1 12389U 81033B   13284.12129216  .00025281  00000-0  53944-3 0  7770
2 12389 082.8855 343.9844 0274458 275.5473 144.2137 15.13489608671831
0 SL-8 R/B
1 12389U 81033B   13286.29976432  .00023016  00000-0  48956-3 0  7793
2 12389 082.8856 341.9466 0274362 267.9211 134.1595 15.13584534672166
0 SL-8 R/B
1 12389U 81033B   13287.63513314  .00026504  00000-0  56291-3 0  7806
2 12389 082.8854 340.6972 0274246 263.2555 210.6128 15.13642672672365
0 SL-8 R/B
1 12389U 81033B   13288.15292486  .00035142  00000-0  74558-3 0  7813
2 12389 082.8851 340.2127 0274144 261.4480 152.1548 15.13682182672449
0 SL-8 R/B
1 12389U 81033B   13289.27444911  .00031143  00000-0  65985-3 0  7821
2 12389 082.8848 339.1636 0274003 257.5442 143.7536 15.13743447672619
0 SL-8 R/B
1 12389U 81033B   13290.60971822  .00032968  00000-0  69856-3 0  7834
2 12389 082.8838 337.9137 0273579 252.8443 220.4978 15.13817358672814
0 SL-8 R/B
1 12389U 81033B   13291.66824200  .00031020  00000-0  65667-3 0  7843
2 12389 082.8835 336.9229 0273402 249.1468 229.2991 15.13873406672978
0 SL-8 R/B
1 12389U 81033B   13293.17687182  .00028615  00000-0  60556-3 0  7856
2 12389 082.8829 335.5101 0273003 243.8320 171.5345 15.13954255673201
0 SL-8 R/B
1 12389U 81033B   13294.50978072  .00032897  00000-0  69521-3 0  7864
2 12389 082.8827 334.2616 0272800 239.1541 236.4156 15.14021921673402
0 SL-8 R/B
1 12389U 81033B   13295.70421944  .00031881  00000-0  67301-3 0  7875
2 12389 082.8825 333.1425 0272584 234.9367 266.8920 15.14088444673582
