0 KYOKKO 1 DEB
1 12406U 78014F   13285.97953905  .00000398  00000-0  51707-3 0  5684
2 12406 065.8790 285.5122 1839465 278.6049 092.5564 10.88743479410330
0 KYOKKO 1 DEB
1 12406U 78014F   13288.40692455  .00000617  00000-0  77550-3 0  5694
2 12406 065.8832 281.7916 1839323 277.8540 246.6299 10.88746399410595
0 KYOKKO 1 DEB
1 12406U 78014F   13291.29914596  .00001276  00000-0  15549-2 0  5701
2 12406 065.9041 277.3711 1838978 276.9511 062.6286 10.88751803410919
0 KYOKKO 1 DEB
1 12406U 78014F   13295.34076020  .00000800  00000-0  99117-3 0  5719
2 12406 065.9047 271.1869 1839324 275.6691 063.7794 10.88756057411353
