0 DELTA 1 DEB
1 12536U 76077DR  13282.29927389 -.00000786  00000-0 -86708-2 0  7878
2 12536 101.8356 214.1871 0570301 332.6281 181.2572 11.70749754510151
0 DELTA 1 DEB
1 12536U 76077DR  13285.77141733 -.00000875  00000-0 -97297-2 0  7891
2 12536 101.8359 217.1609 0568266 327.2035 054.9592 11.70747388510564
0 DELTA 1 DEB
1 12536U 76077DR  13286.79642008 -.00000855  00000-0 -95063-2 0  7904
2 12536 101.8388 218.0395 0567540 325.6142 054.9200 11.70746850510685
0 DELTA 1 DEB
1 12536U 76077DR  13288.28175081 -.00000988  00000-0 -11077-1 0  7912
2 12536 101.8347 219.3090 0566050 323.3617 194.9058 11.70743485510859
0 DELTA 1 DEB
1 12536U 76077DR  13289.30623039 -.00000891  00000-0 -99449-2 0  7921
2 12536 101.8351 220.1855 0566014 321.6651 192.7591 11.70743477510974
0 DELTA 1 DEB
1 12536U 76077DR  13292.78549059 -.00000986  00000-0 -11097-1 0  7934
2 12536 101.8346 223.1636 0563308 316.2387 096.3557 11.70739289511380
0 DELTA 1 DEB
1 12536U 76077DR  13293.80213887 -.00001109  00000-0 -12549-1 0  7947
2 12536 101.8350 224.0347 0562538 314.6422 061.0889 11.70737017511508
0 DELTA 1 DEB
1 12536U 76077DR  13295.28915394 -.00001178  00000-0 -13388-1 0  7952
2 12536 101.8335 225.3068 0561299 312.3034 208.2062 11.70733914511670
