0 DELTA 1 DEB
1 12647U 76077EA  13283.55930075 -.00000310  00000-0  10000-3 0  5094
2 12647 100.6676 177.9635 0353276 163.4297 197.9130 11.83075309539727
0 DELTA 1 DEB
1 12647U 76077EA  13283.58712047  .00000562  00000-0  76246-2 0  5095
2 12647 100.6766 177.9910 0352092 162.2042 317.5386 11.83078173539728
0 DELTA 1 DEB
1 12647U 76077EA  13286.21617009  .00000777  00000-0  10382-1 0  5119
2 12647 100.6761 180.0664 0352546 157.3746 355.1291 11.83087421540039
0 DELTA 1 DEB
1 12647U 76077EA  13290.19058442  .00000986  00000-0  13048-1 0  5126
2 12647 100.6762 183.2017 0353272 150.0603 002.9379 11.83090788540502
0 DELTA 1 DEB
1 12647U 76077EA  13290.66253404  .00000347  00000-0  10000-3 0  5143
2 12647 100.6788 183.5766 0352685 149.7333 212.5076 11.83087766540567
0 DELTA 1 DEB
1 12647U 76077EA  13291.20622799  .00000893  00000-0  11859-1 0  5137
2 12647 100.6765 184.0029 0353559 148.1688 008.7823 11.83088872540628
0 DELTA 1 DEB
1 12647U 76077EA  13293.56557012  .00000992  00000-0  13119-1 0  5145
2 12647 100.6771 185.8645 0354241 143.7805 337.7490 11.83094735540900
0 DELTA 1 DEB
1 12647U 76077EA  13295.17979870  .00001126  00000-0  14818-1 0  5152
2 12647 100.6772 187.1381 0354708 140.8078 013.1304 11.83102075541098
0 DELTA 1 DEB
1 12647U 76077EA  13296.19487916  .00001162  00000-0  15274-1 0  5168
2 12647 100.6775 187.9389 0354990 138.9446 016.5977 11.83103016541210
