0 INTERCOSMOS 22
1 12645U 81075A   13281.62914424  .00000143  00000-0  61935-4 0   656
2 12645 081.2159 114.8957 0063866 177.1686 244.4771 14.18091276663346
0 INTERCOSMOS 22
1 12645U 81075A   13282.68973090  .00000151  00000-0  66119-4 0   666
2 12645 081.2158 113.8462 0063932 174.1269 258.9124 14.18091773663493
0 INTERCOSMOS 22
1 12645U 81075A   13284.11403110  .00000135  00000-0  58524-4 0   671
2 12645 081.2157 112.4368 0063987 170.0676 330.1276 14.18092218663697
0 INTERCOSMOS 22
1 12645U 81075A   13285.50878971  .00000081  00000-0  32430-4 0   685
2 12645 081.2156 111.0567 0064043 166.1069 250.5166 14.18092919663891
0 INTERCOSMOS 22
1 12645U 81075A   13286.86064296  .00000069  00000-0  26642-4 0   697
2 12645 081.2157 109.7189 0064089 162.2769 311.8646 14.18093344664089
0 INTERCOSMOS 22
1 12645U 81075A   13288.13557786  .00000095  00000-0  38974-4 0   702
2 12645 081.2158 108.4573 0064150 158.6622 340.5414 14.18093917664267
0 INTERCOSMOS 22
1 12645U 81075A   13289.45272089  .00000084  00000-0  33813-4 0   714
2 12645 081.2160 107.1539 0064215 154.9399 224.6864 14.18093942664450
0 INTERCOSMOS 22
1 12645U 81075A   13290.50926806  .00000117  00000-0  49447-4 0   723
2 12645 081.2162 106.1084 0064245 151.9651 218.4540 14.18093814664604
0 INTERCOSMOS 22
1 12645U 81075A   13291.57289078  .00000144  00000-0  62280-4 0   735
2 12645 081.2164 105.0559 0064318 148.9348 248.3789 14.18093774664759
0 INTERCOSMOS 22
1 12645U 81075A   13292.85693771  .00000190  00000-0  84229-4 0   745
2 12645 081.2165 103.7853 0064358 145.3029 323.5703 14.18093780664932
0 INTERCOSMOS 22
1 12645U 81075A   13294.06249347  .00000180  00000-0  79696-4 0   758
2 12645 081.2166 102.5925 0064387 141.8921 358.0554 14.18094345665109
0 INTERCOSMOS 22
1 12645U 81075A   13295.52813815  .00000149  00000-0  64747-4 0   764
2 12645 081.2166 101.1424 0064398 137.7532 280.3140 14.18095116665310
