0 COSMOS 1275 DEB
1 12676U 81053AG  13283.79797883  .00000397  00000-0  34795-3 0  5888
2 12676 082.9483 006.6036 0045011 269.9786 238.5894 13.82891059619941
0 COSMOS 1275 DEB
1 12676U 81053AG  13286.16612852  .00000431  00000-0  37900-3 0  5895
2 12676 082.9481 004.8270 0045152 263.1374 148.3524 13.82892639620275
0 COSMOS 1275 DEB
1 12676U 81053AG  13288.19281564  .00000541  00000-0  47889-3 0  5903
2 12676 082.9477 003.3065 0045229 257.2705 158.1793 13.82894774620553
0 COSMOS 1275 DEB
1 12676U 81053AG  13290.50926164  .00000500  00000-0  44159-3 0  5916
2 12676 082.9473 001.5686 0045358 250.6314 170.5178 13.82897204620875
0 COSMOS 1275 DEB
1 12676U 81053AG  13292.68695575  .00000510  00000-0  45061-3 0  5921
2 12676 082.9470 359.9346 0045478 244.3840 212.1096 13.82899218621175
0 COSMOS 1275 DEB
1 12676U 81053AG  13294.86245074  .00000508  00000-0  44850-3 0  5931
2 12676 082.9469 358.3020 0045630 238.1665 242.7471 13.82901792621471
0 COSMOS 1275 DEB
1 12676U 81053AG  13296.15169936  .00000498  00000-0  43928-3 0  5941
2 12676 082.9469 357.3345 0045710 234.4816 181.2412 13.82903206621650
