0 COSMOS 970 DEB
1 12860U 77121AN  13283.44767497  .00000046  00000-0  15200-3 0    37
2 12860 065.8096 071.3042 0126222 014.0745 019.4703 13.62172814680447
0 COSMOS 970 DEB
1 12860U 77121AN  13285.51107109  .00000016  00000-0  11543-3 0    49
2 12860 065.8101 066.3105 0126391 013.0731 058.0115 13.62173383680728
0 COSMOS 970 DEB
1 12860U 77121AN  13287.72291425  .00000055  00000-0  16278-3 0    53
2 12860 065.8105 060.9574 0126529 011.9580 104.5603 13.62173818681020
0 COSMOS 970 DEB
1 12860U 77121AN  13289.99839241  .00000075  00000-0  18745-3 0    62
2 12860 065.8108 055.4509 0126709 010.8376 103.1433 13.62174289681334
0 COSMOS 970 DEB
1 12860U 77121AN  13292.40994726  .00000099  00000-0  21644-3 0    71
2 12860 065.8109 049.6150 0126896 009.6623 049.0172 13.62175008681664
0 COSMOS 970 DEB
1 12860U 77121AN  13294.54540405  .00000095  00000-0  21192-3 0    84
2 12860 065.8108 044.4472 0127075 008.6119 080.9661 13.62175876681954
