0 COSMOS 1320
1 12975U 81116A   13281.59468878 -.00000031  00000-0 -14164-3 0  3136
2 12975 073.9828 227.5131 0096016 097.6836 013.7913 12.27992959428457
0 COSMOS 1320
1 12975U 81116A   13283.86426766 -.00000039  00000-0 -20711-3 0  3142
2 12975 073.9830 224.6115 0095998 094.4344 327.0749 12.27993054428733
0 COSMOS 1320
1 12975U 81116A   13286.15822865 -.00000029  00000-0 -12598-3 0  3151
2 12975 073.9834 221.6781 0096003 091.1099 028.1866 12.27992975429014
0 COSMOS 1320
1 12975U 81116A   13288.19172941  .00000003  00000-0  15366-3 0  3167
2 12975 073.9835 219.0778 0096044 088.1695 017.8551 12.27992645429262
0 COSMOS 1320
1 12975U 81116A   13290.23932420  .00000036  00000-0  43211-3 0  3178
2 12975 073.9835 216.4597 0096043 085.1988 069.8364 12.27992486429513
0 COSMOS 1320
1 12975U 81116A   13292.51052211  .00000006  00000-0  17722-3 0  3188
2 12975 073.9833 213.5558 0096050 081.9124 030.3091 12.27992857429792
0 COSMOS 1320
1 12975U 81116A   13294.86300521 -.00000004  00000-0  90698-4 0  3192
2 12975 073.9831 210.5477 0096088 078.5051 350.1312 12.27993038430084
