0 SL-8 R/B
1 12983U 81116J   13282.14854903  .00000018  00000-0  29840-3 0  7959
2 12983 073.9838 318.8908 0114623 192.2132 253.3239 12.24741656159254
0 SL-8 R/B
1 12983U 81116J   13287.20793779  .00000010  00000-0  22177-3 0  7974
2 12983 073.9829 312.4599 0114533 184.9973 240.5128 12.24742037159878
0 SL-8 R/B
1 12983U 81116J   13289.51815060 -.00000024  00000-0 -80066-4 0  7988
2 12983 073.9826 309.5230 0114513 181.6886 346.4149 12.24742241160158
0 SL-8 R/B
1 12983U 81116J   13292.11406405 -.00000032  00000-0 -15759-3 0  7993
2 12983 073.9828 306.2228 0114434 177.9833 271.9791 12.24742439160472
0 SL-8 R/B
1 12983U 81116J   13294.15022424  .00000010  00000-0  22230-3 0  8003
2 12983 073.9829 303.6344 0114384 175.0717 249.5629 12.24741959160722
