0 COSMOS 1371
1 13241U 82051A   13282.53594175  .00000094  00000-0  45119-4 0  2677
2 13241 074.0456 052.1651 0013567 210.5868 218.9936 14.31319798636651
0 COSMOS 1371
1 13241U 82051A   13283.94597148  .00000103  00000-0  48806-4 0  2684
2 13241 074.0459 049.5974 0013486 207.6719 284.5280 14.31320149636859
0 COSMOS 1371
1 13241U 82051A   13285.54236965  .00000064  00000-0  34072-4 0  2696
2 13241 074.0462 046.6904 0013409 204.3775 230.3708 14.31320788637084
0 COSMOS 1371
1 13241U 82051A   13286.81794808  .00000109  00000-0  50746-4 0  2700
2 13241 074.0464 044.3677 0013366 201.7707 323.0883 14.31320844637263
0 COSMOS 1371
1 13241U 82051A   13287.93131602  .00000125  00000-0  56967-4 0  2711
2 13241 074.0465 042.3403 0013316 199.5004 299.9725 14.31321118637427
0 COSMOS 1371
1 13241U 82051A   13288.97788957  .00000161  00000-0  70520-4 0  2729
2 13241 074.0465 040.4348 0013278 197.6240 292.4275 14.31321502637573
0 COSMOS 1371
1 13241U 82051A   13290.57498442  .00000151  00000-0  66750-4 0  2735
2 13241 074.0464 037.5269 0013204 194.4880 241.7092 14.31322299637809
0 COSMOS 1371
1 13241U 82051A   13291.91117917  .00000160  00000-0  70231-4 0  2749
2 13241 074.0463 035.0941 0013144 191.6798 286.8509 14.31322663637996
0 COSMOS 1371
1 13241U 82051A   13292.95924324  .00000171  00000-0  74304-4 0  2750
2 13241 074.0463 033.1857 0013098 189.4916 287.2999 14.31322983638147
0 COSMOS 1371
1 13241U 82051A   13294.49000311  .00000141  00000-0  62865-4 0  2769
2 13241 074.0463 030.3986 0013023 186.1554 255.1174 14.31323883638362
0 COSMOS 1371
1 13241U 82051A   13295.82909830  .00000134  00000-0  60158-4 0  2777
2 13241 074.0463 027.9603 0012976 183.3650 315.1860 14.31324512638552
