0 DELTA 1 DEB
1 13566U 78026FD  13281.47301572  .00000795  00000-0  33818-3 0  8691
2 13566 098.4648 266.3080 0036381 340.6077 146.5600 14.27563176623033
0 DELTA 1 DEB
1 13566U 78026FD  13285.46841868  .00000796  00000-0  33869-3 0  8700
2 13566 098.4647 270.1788 0036104 328.6480 160.1338 14.27573311623602
0 DELTA 1 DEB
1 13566U 78026FD  13287.78031602  .00001073  00000-0  45021-3 0  8717
2 13566 098.4650 272.4184 0035964 321.7136 161.7385 14.27578780623936
0 DELTA 1 DEB
1 13566U 78026FD  13289.93950791  .00001043  00000-0  43812-3 0  8729
2 13566 098.4655 274.5099 0035880 315.1646 098.6567 14.27584081624245
0 DELTA 1 DEB
1 13566U 78026FD  13291.97467978  .00001109  00000-0  46492-3 0  8737
2 13566 098.4659 276.4814 0035816 309.0049 118.2169 14.27588294624532
0 DELTA 1 DEB
1 13566U 78026FD  13294.50893453  .00001175  00000-0  49137-3 0  8743
2 13566 098.4663 278.9368 0035744 301.3104 182.8307 14.27595427624891
