0 COSMOS 1430
1 13762U 83002B   13282.04225677  .00000012  00000-0  19370-3 0  4284
2 13762 074.0213 128.5376 0019677 106.7454 061.1584 12.45661050397179
0 COSMOS 1430
1 13762U 83002B   13287.00883025 -.00000002  00000-0  97359-4 0  4309
2 13762 074.0208 121.9877 0019669 099.0885 013.4182 12.45661437397790
0 COSMOS 1430
1 13762U 83002B   13289.01712777 -.00000035  00000-0 -13233-3 0  4313
2 13762 074.0209 119.3382 0019674 095.8632 019.6220 12.45661550398049
0 COSMOS 1430
1 13762U 83002B   13291.18683270 -.00000031  00000-0 -10465-3 0  4320
2 13762 074.0212 116.4775 0019677 092.6937 029.3437 12.45661757398310
0 COSMOS 1430
1 13762U 83002B   13293.50182677 -.00000025  00000-0 -67879-4 0  4339
2 13762 074.0214 113.4244 0019677 089.1125 330.7933 12.45661466398609
0 COSMOS 1430
1 13762U 83002B   13295.51042953  .00000011  00000-0  18572-3 0  4343
2 13762 074.0215 110.7755 0019693 085.9883 338.2668 12.45661346398852
