0 COSMOS 1429
1 13761U 83002A   13282.19235231 -.00000040  00000-0 -17819-3 0  4049
2 13761 074.0252 191.5035 0032776 171.0545 343.4285 12.43376106394640
0 COSMOS 1429
1 13761U 83002A   13284.20362425 -.00000017  00000-0 -12733-4 0  4055
2 13761 074.0252 188.8632 0032746 168.0308 346.2306 12.43375880394892
0 COSMOS 1429
1 13761U 83002A   13286.44732881  .00000019  00000-0  24885-3 0  4061
2 13761 074.0249 185.9177 0032710 164.6476 309.4509 12.43375583395177
0 COSMOS 1429
1 13761U 83002A   13288.45794340  .00000025  00000-0  29030-3 0  4077
2 13761 074.0245 183.2783 0032694 161.5714 309.3602 12.43375646395420
0 COSMOS 1429
1 13761U 83002A   13290.77882677  .00000004  00000-0  13852-3 0  4089
2 13761 074.0240 180.2316 0032666 158.1060 258.0084 12.43375952395715
0 COSMOS 1429
1 13761U 83002A   13292.87480203 -.00000011  00000-0  32115-4 0  4095
2 13761 074.0236 177.4801 0032622 155.0067 279.9044 12.43376219395975
0 COSMOS 1429
1 13761U 83002A   13295.14838572 -.00000024  00000-0 -60366-4 0  4100
2 13761 074.0235 174.4952 0032588 151.5741 016.8739 12.43376282396250
