0 COSMOS 1275 DEB
1 13799U 81053GW  13281.51459041  .00000879  00000-0  91615-3 0  9810
2 13799 083.1343 093.0419 0093989 159.5530 255.1844 13.72354810547251
0 COSMOS 1275 DEB
1 13799U 81053GW  13283.93375005  .00001008  00000-0  10535-2 0  9822
2 13799 083.1344 091.3058 0094057 152.8931 326.9200 13.72360756547585
0 COSMOS 1275 DEB
1 13799U 81053GW  13286.19502552  .00000919  00000-0  95885-3 0  9835
2 13799 083.1347 089.6831 0094113 146.6653 338.6801 13.72365492547895
0 COSMOS 1275 DEB
1 13799U 81053GW  13288.44218939  .00001198  00000-0  12539-2 0  9843
2 13799 083.1352 088.0705 0094120 140.4999 280.7377 13.72370842548203
0 COSMOS 1275 DEB
1 13799U 81053GW  13290.93313764  .00001056  00000-0  11030-2 0  9851
2 13799 083.1357 086.2832 0094073 133.6835 347.2413 13.72376673548544
0 COSMOS 1275 DEB
1 13799U 81053GW  13293.19301166  .00001187  00000-0  12423-2 0  9868
2 13799 083.1359 084.6619 0094026 127.4850 352.1858 13.72381339548854
0 COSMOS 1275 DEB
1 13799U 81053GW  13295.43987241  .00001229  00000-0  12873-2 0  9878
2 13799 083.1359 083.0498 0093960 121.3155 292.8828 13.72387504549161
