0 COSMOS 1275 DEB
1 13802U 81053GZ  13281.18697981  .00000421  00000-0  42421-3 0  3509
2 13802 082.8068 351.5584 0066188 183.3214 205.6807 13.74252593587997
0 COSMOS 1275 DEB
1 13802U 81053GZ  13283.39264475  .00000442  00000-0  44613-3 0  3511
2 13802 082.8066 349.8950 0066282 177.3076 317.6813 13.74255483588292
0 COSMOS 1275 DEB
1 13802U 81053GZ  13285.64622830  .00000493  00000-0  49889-3 0  3521
2 13802 082.8063 348.1955 0066363 171.1548 306.7782 13.74257284588602
0 COSMOS 1275 DEB
1 13802U 81053GZ  13287.96340005  .00000682  00000-0  69611-3 0  3535
2 13802 082.8058 346.4482 0066420 164.8464 250.4659 13.74260924588920
0 COSMOS 1275 DEB
1 13802U 81053GZ  13290.14238329  .00000630  00000-0  64255-3 0  3547
2 13802 082.8054 344.8048 0066471 158.9167 230.5220 13.74264615589224
0 COSMOS 1275 DEB
1 13802U 81053GZ  13292.18622366  .00000687  00000-0  70183-3 0  3551
2 13802 082.8052 343.2631 0066490 153.3445 262.0237 13.74267529589508
0 COSMOS 1275 DEB
1 13802U 81053GZ  13294.44472403  .00000717  00000-0  73276-3 0  3568
2 13802 082.8053 341.5594 0066492 147.1973 275.5290 13.74271011589810
