0 COSMOS 1275 DEB
1 13812U 81053HK  13281.76595148  .00002047  00000-0  11992-2 0  3274
2 13812 083.2601 288.5555 0043244 259.1810 154.3384 14.07341826569619
0 COSMOS 1275 DEB
1 13812U 81053HK  13283.04568439  .00002519  00000-0  14780-2 0  3283
2 13812 083.2605 287.5998 0043215 255.4012 158.0153 14.07349656569797
0 COSMOS 1275 DEB
1 13812U 81053HK  13286.03176841  .00002455  00000-0  14397-2 0  3303
2 13812 083.2598 285.3694 0043373 246.4563 167.0410 14.07362952570212
0 COSMOS 1275 DEB
1 13812U 81053HK  13287.18428497  .00002746  00000-0  16110-2 0  3316
2 13812 083.2594 284.5081 0043432 243.0238 246.3000 14.07367052570376
0 COSMOS 1275 DEB
1 13812U 81053HK  13288.30864822  .00003375  00000-0  19818-2 0  3325
2 13812 083.2594 283.6681 0043471 239.6409 182.9735 14.07374815570539
0 COSMOS 1275 DEB
1 13812U 81053HK  13289.72882293  .00003107  00000-0  18238-2 0  3333
2 13812 083.2595 282.6069 0043509 235.3900 178.4163 14.07382976570734
0 COSMOS 1275 DEB
1 13812U 81053HK  13290.73744392  .00002981  00000-0  17493-2 0  3345
2 13812 083.2598 281.8533 0043527 232.3576 248.7217 14.07388425570871
0 COSMOS 1275 DEB
1 13812U 81053HK  13292.16088725  .00002825  00000-0  16571-2 0  3359
2 13812 083.2603 280.7896 0043567 228.0809 260.8089 14.07394072571073
0 COSMOS 1275 DEB
1 13812U 81053HK  13293.44747954  .00003075  00000-0  18042-2 0  3361
2 13812 083.2607 279.8282 0043531 224.2273 299.5360 14.07400589571251
0 COSMOS 1275 DEB
1 13812U 81053HK  13295.14697206  .00003278  00000-0  19237-2 0  3377
2 13812 083.2609 278.5585 0043543 219.0930 270.3804 14.07408510571498
