0 SL-8 R/B
1 13917U 83021B   13284.17688616  .00000109  00000-0  94737-4 0  3501
2 13917 082.9453 166.0093 0029667 055.5598 113.5152 13.76678483534515
0 SL-8 R/B
1 13917U 83021B   13286.19567461  .00000112  00000-0  98535-4 0  3514
2 13917 082.9448 164.5105 0029548 050.0801 038.5488 13.76678618534799
0 SL-8 R/B
1 13917U 83021B   13288.51334201  .00000130  00000-0  11686-3 0  3528
2 13917 082.9443 162.7898 0029425 043.7984 004.8068 13.76679125535119
0 SL-8 R/B
1 13917U 83021B   13290.76983340  .00000111  00000-0  97567-4 0  3535
2 13917 082.9439 161.1144 0029296 037.6350 027.9312 13.76680002535424
0 SL-8 R/B
1 13917U 83021B   13292.80114784  .00000098  00000-0  84375-4 0  3548
2 13917 082.9437 159.6058 0029159 032.0591 015.1154 13.76680437535708
0 SL-8 R/B
1 13917U 83021B   13295.14824083  .00000120  00000-0  10641-3 0  3559
2 13917 082.9435 157.8628 0029006 025.5807 127.3382 13.76681004536023
0 SL-8 R/B
1 13917U 83021B   13296.16500177  .00000122  00000-0  10860-3 0  3563
2 13917 082.9434 157.1077 0028936 022.7631 126.4307 13.76681250536163
