0 IUS R/B(1)
1 13971U 83026D   13281.51159844  .00002957  00000-0  64874-3 0  8659
2 13971 025.9525 352.5299 6304212 104.8241 004.3693 03.59618154326934
0 IUS R/B(1)
1 13971U 83026D   13283.45434959  .00003089  00000-0  66428-3 0  8662
2 13971 025.9529 351.2570 6304090 106.9764 359.5291 03.59642011327000
0 IUS R/B(1)
1 13971U 83026D   13285.39840579  .00003085  00000-0  64085-3 0  8670
2 13971 025.9535 349.9826 6304014 109.1303 356.5191 03.59653684327076
0 IUS R/B(1)
1 13971U 83026D   13286.51567733  .00003390  00000-0  69362-3 0  8686
2 13971 025.9541 349.2488 6303962 110.3701 003.1145 03.59660661327119
0 IUS R/B(1)
1 13971U 83026D   13287.63362519  .00003995  00000-0  81304-3 0  8697
2 13971 025.9541 348.5170 6303939 111.6068 010.6098 03.59669663327158
0 IUS R/B(1)
1 13971U 83026D   13289.48102264  .00003747  00000-0  76667-3 0  8704
2 13971 025.9540 347.3082 6303921 113.6475 242.6665 03.59687226327221
0 IUS R/B(1)
1 13971U 83026D   13290.62754456  .00004100  00000-0  85006-3 0  8710
2 13971 025.9543 346.5570 6303912 114.9158 287.2739 03.59693599327260
0 IUS R/B(1)
1 13971U 83026D   13292.34715609  .00003917  00000-0  83068-3 0  8720
2 13971 025.9545 345.4309 6303916 116.8186 354.0161 03.59706768327328
0 IUS R/B(1)
1 13971U 83026D   13293.46584818  .00004027  00000-0  86300-3 0  8736
2 13971 025.9547 344.6978 6303907 118.0571 002.6610 03.59716941327368
0 IUS R/B(1)
1 13971U 83026D   13294.14984656  .00003759  00000-0  81281-3 0  8741
2 13971 025.9547 344.2496 6303873 118.8139 168.4124 03.59725127327388
0 IUS R/B(1)
1 13971U 83026D   13295.40805968  .00003778  00000-0  81806-3 0  8754
2 13971 025.9548 343.4251 6303918 120.2070 357.8024 03.59735323327438
