0 COSMOS 1479
1 14177U 83069G   13281.83434759  .00000019  00000-0  24354-3 0  4293
2 14177 074.0227 118.1300 0023738 352.8164 085.7640 12.46040381376678
0 COSMOS 1479
1 14177U 83069G   13283.84724914  .00000023  00000-0  26804-3 0  4300
2 14177 074.0226 115.4737 0023756 349.8630 115.0803 12.46040390376921
0 COSMOS 1479
1 14177U 83069G   13285.86038831  .00000011  00000-0  18274-3 0  4310
2 14177 074.0225 112.8171 0023790 346.8782 145.4932 12.46040773377179
0 COSMOS 1479
1 14177U 83069G   13287.95264924 -.00000029  00000-0 -93435-4 0  4321
2 14177 074.0226 110.0558 0023830 343.7897 170.8129 12.46041027377439
0 COSMOS 1479
1 14177U 83069G   13290.19270899 -.00000038  00000-0 -15703-3 0  4331
2 14177 074.0230 107.0996 0023863 340.4625 139.1422 12.46041124377718
0 COSMOS 1479
1 14177U 83069G   13292.19863523 -.00000014  00000-0  10738-4 0  4343
2 14177 074.0234 104.4526 0023893 337.5039 137.1898 12.46040945377963
0 COSMOS 1479
1 14177U 83069G   13294.20497843  .00000004  00000-0  13946-3 0  4357
2 14177 074.0237 101.8050 0023931 334.5533 137.0977 12.46040721378216
