0 RADUGA 13
1 14307U 83088A   13282.30255301 -.00000054  00000-0  10000-3 0  8844
2 14307 015.5306 356.0924 0012875 319.6178 040.3004 00.98173157 73455
0 RADUGA 13
1 14307U 83088A   13286.37679869 -.00000152  00000-0  10000-3 0  8865
2 14307 015.5310 356.0521 0012942 319.5992 040.3094 00.98174625 73495
0 RADUGA 13
1 14307U 83088A   13289.43242766 -.00000220  00000-0  10000-3 0  8874
2 14307 015.5319 356.0207 0013006 318.7653 041.1114 00.98174799 73520
0 RADUGA 13
1 14307U 83088A   13289.43248734 -.00000220  00000-0  10000-3 0  8886
2 14307 015.5314 356.0221 0013131 318.1571 041.7543 00.98175509 73525
0 RADUGA 13
1 14307U 83088A   13290.45097602  .00000000  00000-0  10000-3 0  8892
2 14307 015.5312 356.0096 0013146 317.4030 042.4922 00.98171538 73539
0 RADUGA 13
1 14307U 83088A   13291.46952667 -.00000237  00000-0  10000-3 0  8898
2 14307 015.5315 356.0014 0013155 318.1609 041.7306 00.98175665 73546
0 RADUGA 13
1 14307U 83088A   13293.50662483 -.00000223  00000-0  10000-3 0  8906
2 14307 015.5318 355.9807 0013161 317.9564 041.9347 00.98175316 73563
0 RADUGA 13
1 14307U 83088A   13295.54373614 -.00000181  00000-0  10000-3 0  8911
2 14307 015.5320 355.9601 0013113 317.6586 042.2359 00.98174575 73581
