0 DELTA 1 DEB
1 14497U 77065FN  13280.39331266  .00001731  00000-0  62912-2 0    59
2 14497 029.2943 318.4039 0877675 272.1711 215.7652 12.03227669421468
0 DELTA 1 DEB
1 14497U 77065FN  13283.19691932  .00001849  00000-0  67370-2 0    63
2 14497 029.2930 307.4046 0877931 289.8645 119.9409 12.03237502421806
0 DELTA 1 DEB
1 14497U 77065FN  13286.36806508  .00001904  00000-0  69479-2 0    77
2 14497 029.2916 294.9621 0878341 309.8782 176.2790 12.03247405422184
0 DELTA 1 DEB
1 14497U 77065FN  13289.17661773  .00002048  00000-0  74917-2 0    86
2 14497 029.2902 283.9408 0878761 327.6063 102.0871 12.03258530422522
0 DELTA 1 DEB
1 14497U 77065FN  13291.26239367  .00002048  00000-0  74927-2 0    91
2 14497 029.2892 275.7555 0879153 340.7736 137.1098 12.03265629422775
0 DELTA 1 DEB
1 14497U 77065FN  13294.07064978  .00002138  00000-0  78302-2 0   100
2 14497 029.2881 264.7335 0879708 358.5020 061.8233 12.03277026423113
