0 COSMOS 1275 DEB
1 14557U 81053JQ  13282.51087648  .00001946  00000-0  12029-2 0   171
2 14557 082.8012 102.9594 0042768 316.9960 071.2914 14.04411287625544
0 COSMOS 1275 DEB
1 14557U 81053JQ  13283.95528208  .00002140  00000-0  13239-2 0   184
2 14557 082.8009 101.8125 0042906 312.5650 174.2455 14.04414435625744
0 COSMOS 1275 DEB
1 14557U 81053JQ  13285.95515747  .00002025  00000-0  12520-2 0   195
2 14557 082.8014 100.2259 0042795 306.5681 205.5750 14.04422392626023
0 COSMOS 1275 DEB
1 14557U 81053JQ  13287.50291427  .00002226  00000-0  13769-2 0   205
2 14557 082.8016 098.9974 0043011 301.7757 111.1949 14.04428756626241
0 COSMOS 1275 DEB
1 14557U 81053JQ  13288.94170560  .00003002  00000-0  18604-2 0   215
2 14557 082.8010 097.8557 0042991 297.6499 185.5873 14.04435928626444
0 COSMOS 1275 DEB
1 14557U 81053JQ  13290.41834506  .00002837  00000-0  17573-2 0   227
2 14557 082.8016 096.6840 0043122 293.1821 091.6045 14.04443925626656
0 COSMOS 1275 DEB
1 14557U 81053JQ  13291.93454942  .00002783  00000-0  17232-2 0   230
2 14557 082.8020 095.4803 0043210 288.6067 197.6981 14.04450283626860
0 COSMOS 1275 DEB
1 14557U 81053JQ  13292.93951697  .00003007  00000-0  18626-2 0   249
2 14557 082.8023 094.6826 0043238 285.6087 238.9100 14.04454891627006
0 COSMOS 1275 DEB
1 14557U 81053JQ  13294.40877056  .00003358  00000-0  20807-2 0   253
2 14557 082.8026 093.5164 0043278 281.2135 107.6398 14.04463086627212
0 COSMOS 1275 DEB
1 14557U 81053JQ  13295.92359694  .00003642  00000-0  22567-2 0   266
2 14557 082.8025 092.3141 0043327 276.7163 206.8024 14.04470844627429
