0 COSMOS 1275 DEB
1 14556U 81053JP  13281.47773316  .00000827  00000-0  97232-3 0  3190
2 14556 083.0094 086.3328 0144649 107.8030 307.0200 13.62597288479759
0 COSMOS 1275 DEB
1 14556U 81053JP  13285.43213301  .00000853  00000-0  10027-2 0  3211
2 14556 083.0074 083.4887 0144903 096.9075 264.8681 13.62604318480292
0 COSMOS 1275 DEB
1 14556U 81053JP  13285.44491602  .00000767  00000-0  90007-3 0  3204
2 14556 083.0098 083.4814 0144424 097.0363 327.4070 13.62606388480295
0 COSMOS 1275 DEB
1 14556U 81053JP  13287.50154221  .00000837  00000-0  98463-3 0  3220
2 14556 083.0102 082.0033 0144268 091.4493 335.9115 13.62610283480571
0 COSMOS 1275 DEB
1 14556U 81053JP  13289.86311836  .00000885  00000-0  10417-2 0  3234
2 14556 083.0106 080.3061 0144067 085.0252 040.3556 13.62615580480892
0 COSMOS 1275 DEB
1 14556U 81053JP  13292.21081231  .00000924  00000-0  10889-2 0  3248
2 14556 083.0108 078.6190 0143841 078.6178 036.7677 13.62619313481219
0 COSMOS 1275 DEB
1 14556U 81053JP  13294.86221860  .00001012  00000-0  11946-2 0  3250
2 14556 083.0107 076.7138 0143584 071.3704 083.0644 13.62624451481575
