0 COSMOS 1528
1 14617U 84001G   13281.75073339 -.00000025  00000-0 -62533-4 0  4452
2 14617 074.0117 022.5847 0009822 175.6237 297.0139 12.48966724356960
0 COSMOS 1528
1 14617U 84001G   13284.21141975 -.00000028  00000-0 -78164-4 0  4469
2 14617 074.0119 019.3172 0009771 171.8863 200.9996 12.48966699357273
0 COSMOS 1528
1 14617U 84001G   13286.38521683 -.00000009  00000-0  46975-4 0  4471
2 14617 074.0119 016.4307 0009736 168.5990 255.0314 12.48966495357545
0 COSMOS 1528
1 14617U 84001G   13288.38860010  .00000008  00000-0  16142-3 0  4484
2 14617 074.0117 013.7707 0009695 165.6304 262.7699 12.48966371357799
0 COSMOS 1528
1 14617U 84001G   13290.63971315  .00000011  00000-0  17871-3 0  4491
2 14617 074.0113 010.7816 0009656 162.2208 304.4400 12.48966459358079
0 COSMOS 1528
1 14617U 84001G   13292.73579465 -.00000004  00000-0  81729-4 0  4503
2 14617 074.0110 007.9981 0009626 158.9897 009.0987 12.48966744358334
0 COSMOS 1528
1 14617U 84001G   13295.19485212 -.00000029  00000-0 -88870-4 0  4515
2 14617 074.0109 004.7326 0009573 155.2682 265.7469 12.48966902358649
