0 OPS 4682 DEB
1 14715U 65027N   13282.20427442  .00000196  00000-0  67167-3 0  6576
2 14715 090.2426 233.5371 0036758 045.7105 020.7296 12.94828198409492
0 OPS 4682 DEB
1 14715U 65027N   13287.84265406 -.00000028  00000-0 -12646-3 0  6591
2 14715 090.2436 233.6625 0036412 031.5156 022.8045 12.94836396410229
0 OPS 4682 DEB
1 14715U 65027N   13289.85191870 -.00000309  00000-0 -11292-2 0  6606
2 14715 090.2439 233.7072 0036306 026.4589 028.5846 12.94838893410488
0 OPS 4682 DEB
1 14715U 65027N   13293.78685462  .00000579  00000-0  20380-2 0  6614
2 14715 090.2441 233.7957 0036098 016.6395 010.4816 12.94831961410999
0 OPS 4682 DEB
1 14715U 65027N   13295.79610527  .00000678  00000-0  23917-2 0  6627
2 14715 090.2442 233.8405 0035961 011.5310 016.2416 12.94831986411255
