0 OSCAR 11 (UoSAT 2)
1 14781U 84021B   13282.42654779  .00000544  00000-0  76841-4 0  3061
2 14781 097.8899 342.0290 0007446 275.6517 084.3846 14.81033017590844
0 OSCAR 11 (UoSAT 2)
1 14781U 84021B   13283.77778161  .00000505  00000-0  71918-4 0  3070
2 14781 097.8898 343.3588 0007472 270.4554 089.5802 14.81034594591043
0 OSCAR 11 (UoSAT 2)
1 14781U 84021B   13286.14243603  .00000574  00000-0  80729-4 0  3090
2 14781 097.8894 345.6860 0007551 261.3564 098.6793 14.81036429591392
0 OSCAR 11 (UoSAT 2)
1 14781U 84021B   13287.15585875  .00000655  00000-0  91184-4 0  3101
2 14781 097.8891 346.6833 0007578 257.4964 102.5401 14.81037536591547
0 OSCAR 11 (UoSAT 2)
1 14781U 84021B   13288.16928080  .00000945  00000-0  12856-3 0  3113
2 14781 097.8888 347.6805 0007624 253.8449 106.1924 14.81041226591690
0 OSCAR 11 (UoSAT 2)
1 14781U 84021B   13289.25026163  .00000686  00000-0  95152-4 0  3129
2 14781 097.8885 348.7443 0007695 249.7904 110.2481 14.81043306591858
0 OSCAR 11 (UoSAT 2)
1 14781U 84021B   13290.66904639  .00000773  00000-0  10640-3 0  3135
2 14781 097.8882 350.1404 0007776 244.5502 115.4906 14.81045365592066
0 OSCAR 11 (UoSAT 2)
1 14781U 84021B   13292.15539062  .00000807  00000-0  11072-3 0  3144
2 14781 097.8878 351.6028 0007850 239.0447 120.9994 14.81047141592285
0 OSCAR 11 (UoSAT 2)
1 14781U 84021B   13293.16880605  .00000847  00000-0  11596-3 0  3154
2 14781 097.8878 352.5998 0007909 235.4293 124.6173 14.81049066592430
0 OSCAR 11 (UoSAT 2)
1 14781U 84021B   13294.18222021  .00000808  00000-0  11088-3 0  3163
2 14781 097.8877 353.5968 0007973 231.7302 128.3194 14.81051409592582
0 OSCAR 11 (UoSAT 2)
1 14781U 84021B   13295.26319337  .00000896  00000-0  12222-3 0  3179
2 14781 097.8877 354.6603 0008051 227.9778 132.0750 14.81052727592744
