0 COSMOS 886 DEB
1 14799U 76126BR  13280.57044339  .00000013  00000-0  38592-3 0  8321
2 14799 065.8100 314.8771 0886418 174.7525 272.2300 11.68712114278521
0 COSMOS 886 DEB
1 14799U 76126BR  13283.49526216  .00000051  00000-0  63501-3 0  8335
2 14799 065.8098 309.8487 0886077 173.7619 338.0056 11.68712245278860
0 COSMOS 886 DEB
1 14799U 76126BR  13286.49108765  .00000030  00000-0  49751-3 0  8342
2 14799 065.8090 304.6983 0885850 172.7507 342.5358 11.68713196279210
0 COSMOS 886 DEB
1 14799U 76126BR  13288.52936469 -.00000007  00000-0  25132-3 0  8351
2 14799 065.8086 301.1938 0885716 172.0609 278.3149 11.68713986279451
0 COSMOS 886 DEB
1 14799U 76126BR  13291.52474721 -.00000084  00000-0 -25570-3 0  8366
2 14799 065.8088 296.0433 0885481 171.0427 281.0008 11.68714700279800
0 COSMOS 886 DEB
1 14799U 76126BR  13294.17713111 -.00000102  00000-0 -37386-3 0  8379
2 14799 065.8089 291.4830 0885308 170.1409 280.5693 11.68714550280112
