0 COSMOS 886 DEB
1 14800U 76126BS  13281.71341611  .00000266  00000-0  44689-2 0  3377
2 14800 065.7607 100.3076 0625124 112.1913 336.8721 11.48027988294453
0 COSMOS 886 DEB
1 14800U 76126BS  13283.61001458  .00000197  00000-0  10000-3 0  3396
2 14800 065.7649 097.2134 0627584 111.4746 255.4330 11.48028782294675
0 COSMOS 886 DEB
1 14800U 76126BS  13284.06568416  .00000204  00000-0  35606-2 0  3384
2 14800 065.7612 096.4514 0624822 111.4710 338.5501 11.48032039294720
0 COSMOS 886 DEB
1 14800U 76126BS  13286.58717279  .00000190  00000-0  33653-2 0  3403
2 14800 065.7615 092.3180 0624342 110.7073 319.5721 11.48028967295019
0 COSMOS 886 DEB
1 14800U 76126BS  13288.85336119  .00000161  00000-0  29505-2 0  3415
2 14800 065.7623 088.6031 0623852 110.0127 325.5018 11.48031104295270
0 COSMOS 886 DEB
1 14800U 76126BS  13290.08066212  .00000216  00000-0  37481-2 0  3421
2 14800 065.7625 086.5913 0623588 109.6326 357.8166 11.48033766295413
0 COSMOS 886 DEB
1 14800U 76126BS  13290.75325106  .00000220  00000-0  10000-3 0  3441
2 14800 065.7647 085.5040 0626768 109.2865 257.6919 11.48031596295494
0 COSMOS 886 DEB
1 14800U 76126BS  13291.45745536 -.00000134  00000-0 -13397-2 0  3438
2 14800 065.7629 084.3345 0623152 109.2130 287.9662 11.48032880295575
0 COSMOS 886 DEB
1 14800U 76126BS  13292.51045068 -.00000268  00000-0 -32941-2 0  3444
2 14800 065.7632 082.6087 0622908 108.8853 319.8981 11.48034823295699
0 COSMOS 886 DEB
1 14800U 76126BS  13293.83609876 -.00000766  00000-0 -10543-1 0  3450
2 14800 065.7636 080.4363 0622375 108.4857 038.6708 11.48034493295847
0 COSMOS 886 DEB
1 14800U 76126BS  13294.86569597 -.00000781  00000-0 -10767-1 0  3465
2 14800 065.7636 078.7487 0622078 108.1641 333.9080 11.48035299295964
