0 SL-8 R/B
1 15078U 84067B   13281.75174610  .00000043  00000-0  27866-4 0  6449
2 15078 082.9591 012.4507 0023978 262.4348 097.4085 13.76979696471259
0 SL-8 R/B
1 15078U 84067B   13282.76903907  .00000043  00000-0  28125-4 0  6450
2 15078 082.9592 011.6961 0024022 259.4418 100.4033 13.76979974471392
0 SL-8 R/B
1 15078U 84067B   13283.78633201  .00000052  00000-0  37492-4 0  6468
2 15078 082.9592 010.9416 0024060 256.4639 103.3838 13.76980068471530
0 SL-8 R/B
1 15078U 84067B   13285.82091816  .00000071  00000-0  56119-4 0  6485
2 15078 082.9592 009.4328 0024122 250.5043 109.3508 13.76980012471818
0 SL-8 R/B
1 15078U 84067B   13287.20153046  .00000083  00000-0  68341-4 0  6497
2 15078 082.9590 008.4090 0024184 246.4728 113.3888 13.76980024472004
0 SL-8 R/B
1 15078U 84067B   13288.50947894  .00000116  00000-0  10179-3 0  6507
2 15078 082.9587 007.4390 0024255 242.6749 117.1939 13.76980262472184
0 SL-8 R/B
1 15078U 84067B   13289.67210011  .00000104  00000-0  90291-4 0  6512
2 15078 082.9584 006.5768 0024326 239.3365 120.5394 13.76980524472348
0 SL-8 R/B
1 15078U 84067B   13290.68939355  .00000107  00000-0  93156-4 0  6521
2 15078 082.9582 005.8224 0024376 236.3908 123.4923 13.76980797472487
0 SL-8 R/B
1 15078U 84067B   13292.14266991  .00000100  00000-0  86161-4 0  6535
2 15078 082.9579 004.7445 0024442 232.1528 127.7417 13.76981151472684
0 SL-8 R/B
1 15078U 84067B   13293.15996320  .00000099  00000-0  85354-4 0  6544
2 15078 082.9579 003.9900 0024501 229.2252 130.6779 13.76981470472822
0 SL-8 R/B
1 15078U 84067B   13294.17725650  .00000094  00000-0  79420-4 0  6556
2 15078 082.9578 003.2354 0024542 226.2363 133.6764 13.76981767472963
0 SL-8 R/B
1 15078U 84067B   13295.19454963  .00000091  00000-0  77069-4 0  6560
2 15078 082.9578 002.4808 0024616 223.3558 136.5663 13.76981958473103
