0 DELTA 1 R/B(1)
1 15202U 84088D   13281.52315956  .00000118  00000-0  45083-4 0  5674
2 15202 028.9073 322.8903 1994114 148.2471 000.8117 10.79886839147990
0 DELTA 1 R/B(1)
1 15202U 84088D   13282.54165971  .00000110  00000-0  38225-4 0  5680
2 15202 028.9080 319.5608 1994114 153.6308 000.3232 10.79887489148101
0 DELTA 1 R/B(1)
1 15202U 84088D   13283.55572522  .00000117  00000-0  41222-4 0  5695
2 15202 028.9087 316.2460 1994116 158.9906 342.5973 10.79887480148218
0 DELTA 1 R/B(1)
1 15202U 84088D   13286.12481666  .00000099  00000-0  26211-4 0  5712
2 15202 028.9109 307.8484 1994030 172.5678 250.1815 10.79887925148491
0 DELTA 1 R/B(1)
1 15202U 84088D   13287.15026203  .00000130  00000-0  44597-4 0  5722
2 15202 028.9120 304.4969 1994032 177.9861 276.6993 10.79888108148607
0 DELTA 1 R/B(1)
1 15202U 84088D   13288.15419164  .00000220  00000-0  10012-3 0  5730
2 15202 028.9130 301.2161 1994008 183.2904 219.5724 10.79888922148712
0 DELTA 1 R/B(1)
1 15202U 84088D   13289.18482181  .00000162  00000-0  62199-4 0  5743
2 15202 028.9141 297.8483 1994025 188.7348 266.2491 10.79889302148827
0 DELTA 1 R/B(1)
1 15202U 84088D   13290.49527120  .00000166  00000-0  62649-4 0  5757
2 15202 028.9155 293.5668 1994080 195.6563 320.7540 10.79889293148962
0 DELTA 1 R/B(1)
1 15202U 84088D   13291.51433281  .00000176  00000-0  67976-4 0  5765
2 15202 028.9164 290.2375 1994120 201.0387 322.4600 10.79889620149075
0 DELTA 1 R/B(1)
1 15202U 84088D   13292.53124123  .00000222  00000-0  96253-4 0  5773
2 15202 028.9173 286.9156 1994128 206.4096 315.7964 10.79889722149181
0 DELTA 1 R/B(1)
1 15202U 84088D   13293.87093073  .00000244  00000-0  10915-3 0  5785
2 15202 028.9183 282.5397 1994157 213.4851 123.9781 10.79890004149327
0 DELTA 1 R/B(1)
1 15202U 84088D   13295.20330207  .00000251  00000-0  11228-3 0  5794
2 15202 028.9193 278.1879 1994223 220.5214 263.7103 10.79890686149473
