0 COSMOS 1598
1 15292U 84100A   13282.80045436  .00000036  00000-0  22950-4 0  3229
2 15292 082.9488 351.7142 0031271 312.5319 186.7260 13.72864430456475
0 COSMOS 1598
1 15292U 84100A   13283.82054123  .00000051  00000-0  39424-4 0  3237
2 15292 082.9487 350.9618 0031237 309.5910 188.4189 13.72864421456613
0 COSMOS 1598
1 15292U 84100A   13286.20807222  .00000066  00000-0  55417-4 0  3256
2 15292 082.9482 349.2010 0031159 302.6940 108.6013 13.72864413456942
0 COSMOS 1598
1 15292U 84100A   13287.53730884  .00000079  00000-0  69600-4 0  3266
2 15292 082.9479 348.2206 0031126 298.8434 198.2595 13.72864432457124
0 COSMOS 1598
1 15292U 84100A   13288.69902743  .00000073  00000-0  62985-4 0  3273
2 15292 082.9475 347.3637 0031157 295.4456 180.0029 13.72864627457283
0 COSMOS 1598
1 15292U 84100A   13289.71976050  .00000062  00000-0  51196-4 0  3280
2 15292 082.9472 346.6108 0031146 292.4939 184.8984 13.72864830457420
0 COSMOS 1598
1 15292U 84100A   13291.16407336  .00000044  00000-0  32032-4 0  3297
2 15292 082.9469 345.5453 0031144 288.3003 123.3229 13.72865094457626
0 COSMOS 1598
1 15292U 84100A   13292.18439720  .00000047  00000-0  34815-4 0  3308
2 15292 082.9468 344.7926 0031116 285.3343 126.2133 13.72865294457767
0 COSMOS 1598
1 15292U 84100A   13293.20596838  .00000046  00000-0  33862-4 0  3317
2 15292 082.9467 344.0389 0031113 282.3606 135.2734 13.72865377457903
0 COSMOS 1598
1 15292U 84100A   13294.53603383  .00000036  00000-0  22660-4 0  3322
2 15292 082.9467 343.0575 0031132 278.5053 229.0338 13.72865390458080
0 COSMOS 1598
1 15292U 84100A   13296.11524789  .00000039  00000-0  26168-4 0  3331
2 15292 082.9467 341.8925 0031164 273.9324 114.1901 13.72865406458303
