0 GORIZONT 11
1 15484U 85007A   13280.84354796 -.00000326  00000-0  00000+0 0  1096
2 15484 014.5920 358.9949 0004456 107.8535 348.2019 01.00318307106142
0 GORIZONT 11
1 15484U 85007A   13283.82274652 -.00000330  00000-0  00000+0 0  1106
2 15484 014.5926 358.9643 0004238 109.1524 342.8561 01.00317388106173
0 GORIZONT 11
1 15484U 85007A   13286.79940791 -.00000333  00000-0  00000+0 0  1113
2 15484 014.5932 358.9334 0004016 108.8641 338.1706 01.00316463106203
0 GORIZONT 11
1 15484U 85007A   13289.83472248 -.00000331  00000-0  00000+0 0  1127
2 15484 014.5938 358.9018 0003850 106.8563 356.3804 01.00315400106238
0 GORIZONT 11
1 15484U 85007A   13291.87267975 -.00000328  00000-0  00000+0 0  1130
2 15484 014.5942 358.8805 0003838 105.1360 014.1043 01.00314580106253
0 GORIZONT 11
1 15484U 85007A   13293.89639449 -.00000323  00000-0  00000+0 0  1149
2 15484 014.5946 358.8595 0003884 103.5801 026.5162 01.00313633106275
