0 DELTA 1 DEB
1 15540U 76077EU  13282.62419195  .00001346  00000-0  17146-1 0   518
2 15540 102.6817 220.3511 0565660 114.5747 251.5424 11.66175173255174
0 DELTA 1 DEB
1 15540U 76077EU  13283.06883257  .00001368  00000-0  17392-1 0   529
2 15540 102.7134 220.7140 0566848 113.7333 318.3628 11.66175152255221
0 DELTA 1 DEB
1 15540U 76077EU  13285.31806267  .00001360  00000-0  17271-1 0   534
2 15540 102.7131 222.7602 0567361 110.1877 041.1959 11.66181787255485
0 DELTA 1 DEB
1 15540U 76077EU  13286.34748992  .00001359  00000-0  17257-1 0   541
2 15540 102.7130 223.6963 0567562 108.5706 043.0015 11.66184600255604
0 DELTA 1 DEB
1 15540U 76077EU  13287.36885935  .00001385  00000-0  17577-1 0   558
2 15540 102.7131 224.6254 0567813 106.9635 010.9886 11.66186637255725
0 DELTA 1 DEB
1 15540U 76077EU  13288.39840906  .00001697  00000-0  21421-1 0   561
2 15540 102.7132 225.5623 0568050 105.3429 013.3498 11.66194551255847
0 DELTA 1 DEB
1 15540U 76077EU  13290.68777397  .00001435  00000-0  10000-3 0   573
2 15540 102.7107 227.6363 0565654 101.8120 264.7215 11.66197558251013
0 DELTA 1 DEB
1 15540U 76077EU  13290.71351919  .00001572  00000-0  19862-1 0   570
2 15540 102.7132 227.6688 0568626 101.6961 012.8868 11.66198816256114
0 DELTA 1 DEB
1 15540U 76077EU  13293.78231203  .00001671  00000-0  21058-1 0   584
2 15540 102.7134 230.4587 0569356 096.8951 296.6826 11.66207713256473
0 DELTA 1 DEB
1 15540U 76077EU  13295.43113919  .00001495  00000-0  18870-1 0   594
2 15540 102.7133 231.9586 0569763 094.3083 019.0375 11.66211175256662
