0 ARABSAT 1A
1 15560U 85015A   13283.10892687 -.00000286  00000-0  10000-3 0  7498
2 15560 014.5591 014.2999 0003554 135.0754 224.9545 01.00415763 79598
0 ARABSAT 1A
1 15560U 85015A   13287.09223330 -.00000286  00000-0  10000-3 0  7505
2 15560 014.5622 014.2561 0003614 129.9413 230.0834 01.00414290 79637
0 ARABSAT 1A
1 15560U 85015A   13291.07556866 -.00000278  00000-0  10000-3 0  7513
2 15560 014.5654 014.2126 0003648 126.9078 233.1050 01.00412933 79670
0 ARABSAT 1A
1 15560U 85015A   13294.06313536 -.00000268  00000-0  10000-3 0  7520
2 15560 014.5676 014.1801 0003651 125.0327 234.9826 01.00411959 79705
