0 TELECOM 1B
1 15678U 85035B   13281.36621495 -.00000314  00000-0  00000+0 0  8547
2 15678 014.6953 004.1291 0002497 139.9474 143.3677 01.00239021 90719
0 TELECOM 1B
1 15678U 85035B   13282.57638245  .00000000  00000-0  10000-3 0  8560
2 15678 014.6944 004.1178 0002184 136.7286 223.3003 01.00234657 90736
0 TELECOM 1B
1 15678U 85035B   13283.36957035 -.00000321  00000-0  00000+0 0  8550
2 15678 014.6962 004.1083 0002400 143.6376 142.6292 01.00238471 90730
0 TELECOM 1B
1 15678U 85035B   13285.49057565 -.00000327  00000-0  00000+0 0  8562
2 15678 014.6970 004.0860 0002276 146.4186 185.2516 01.00237906 90758
0 TELECOM 1B
1 15678U 85035B   13287.74821112 -.00000332  00000-0  00000+0 0  8576
2 15678 014.6979 004.0622 0002095 148.3785 277.9968 01.00237217 90786
0 TELECOM 1B
1 15678U 85035B   13289.55946473  .00000000  00000-0  10000-3 0  8605
2 15678 014.6971 004.0450 0001981 139.7176 220.2892 01.00232020 90793
0 TELECOM 1B
1 15678U 85035B   13289.83472248 -.00000334  00000-0  00000+0 0  8583
2 15678 014.6987 004.0402 0001933 148.5514 310.7732 01.00236513 90809
0 TELECOM 1B
1 15678U 85035B   13291.87267975 -.00000334  00000-0  00000+0 0  8590
2 15678 014.6995 004.0187 0001813 146.7077 328.0417 01.00235701 90821
0 TELECOM 1B
1 15678U 85035B   13293.89639449 -.00000332  00000-0  00000+0 0  8603
2 15678 014.7003 003.9975 0001736 143.8030 341.2282 01.00234768 90847
