0 COSMOS 1375 DEB
1 16204U 82055F   13281.81350887 -.00000023  00000-0  56289-4 0  5736
2 16204 065.8325 130.2351 0034415 260.3384 180.1826 13.79703911408674
0 COSMOS 1375 DEB
1 16204U 82055F   13283.84625451  .00000003  00000-0  81589-4 0  5742
2 16204 065.8324 125.1729 0034368 259.6093 196.4177 13.79704103408954
0 COSMOS 1375 DEB
1 16204U 82055F   13285.87173508 -.00000027  00000-0  52766-4 0  5751
2 16204 065.8324 120.1285 0034317 258.8326 176.6173 13.79704483409239
0 COSMOS 1375 DEB
1 16204U 82055F   13287.98981514 -.00000057  00000-0  24262-4 0  5763
2 16204 065.8325 114.8534 0034287 258.0988 256.6656 13.79704908409528
0 COSMOS 1375 DEB
1 16204U 82055F   13290.00466560 -.00000064  00000-0  17445-4 0  5773
2 16204 065.8328 109.8354 0034258 257.3945 184.0057 13.79705121409806
0 COSMOS 1375 DEB
1 16204U 82055F   13292.45816866 -.00000046  00000-0  34027-4 0  5788
2 16204 065.8332 103.7251 0034197 256.5641 130.0159 13.79705083410146
0 COSMOS 1375 DEB
1 16204U 82055F   13294.48914987 -.00000045  00000-0  35515-4 0  5799
2 16204 065.8335 098.6674 0034196 255.8464 137.4822 13.79705060410428
