0 COSMOS 1375 DEB
1 16379U 82055T   13283.09472253 -.00000103  00000-0 -21472-4 0  5931
2 16379 065.8377 209.1171 0026107 244.0766 211.9821 13.77838075986994
0 COSMOS 1375 DEB
1 16379U 82055T   13287.30254785 -.00000030  00000-0  50974-4 0  5956
2 16379 065.8375 198.6737 0025942 242.7778 202.9214 13.77837865987573
0 COSMOS 1375 DEB
1 16379U 82055T   13289.83784027 -.00000028  00000-0  52618-4 0  5968
2 16379 065.8371 192.3815 0025830 241.9400 178.1007 13.77838210987924
0 COSMOS 1375 DEB
1 16379U 82055T   13292.18023461 -.00000048  00000-0  32898-4 0  5979
2 16379 065.8367 186.5680 0025698 241.1156 276.5482 13.77838579988240
0 COSMOS 1375 DEB
1 16379U 82055T   13294.84831139 -.00000058  00000-0  23271-4 0  5980
2 16379 065.8366 179.9461 0025549 240.2364 190.3495 13.77839188988613
