0 COSMOS 1375 DEB
1 16377U 82055R   13281.83698297  .00000872  00000-0  67417-3 0   762
2 16377 065.8266 084.2713 0051461 247.6593 228.7894 13.97336016418155
0 COSMOS 1375 DEB
1 16377U 82055R   13282.83881853  .00000823  00000-0  63955-3 0   775
2 16377 065.8266 081.7005 0051443 247.2898 228.2920 13.97340104418298
0 COSMOS 1375 DEB
1 16377U 82055R   13283.60305308  .00001260  00000-0  88621-3 0   792
2 16377 065.8259 079.7440 0051378 246.4960 113.1181 13.97338878418407
0 COSMOS 1375 DEB
1 16377U 82055R   13283.84067236  .00000887  00000-0  68447-3 0   780
2 16377 065.8268 079.1296 0051440 246.9001 227.9183 13.97342615418434
0 COSMOS 1375 DEB
1 16377U 82055R   13285.48507348  .00000896  00000-0  69092-3 0   793
2 16377 065.8271 074.9101 0051430 246.2614 219.7708 13.97345319418669
0 COSMOS 1375 DEB
1 16377U 82055R   13286.48706462  .00000945  00000-0  72537-3 0   807
2 16377 065.8273 072.3390 0051412 245.8636 220.1180 13.97347192418809
0 COSMOS 1375 DEB
1 16377U 82055R   13287.70564244  .00001130  00000-0  85563-3 0   814
2 16377 065.8276 069.2120 0051398 245.3810 229.9739 13.97350737418974
0 COSMOS 1375 DEB
1 16377U 82055R   13288.77948073  .00001161  00000-0  87753-3 0   826
2 16377 065.8278 066.4566 0051433 244.9781 231.7331 13.97353493419120
0 COSMOS 1375 DEB
1 16377U 82055R   13289.78095250  .00001127  00000-0  85320-3 0   839
2 16377 065.8279 063.8868 0051466 244.6054 229.4714 13.97356564419269
0 COSMOS 1375 DEB
1 16377U 82055R   13290.54548234  .00001035  00000-0  72787-3 0   842
2 16377 065.8286 061.9338 0051436 243.1718 116.4549 13.97355125419371
0 COSMOS 1375 DEB
1 16377U 82055R   13290.78346197  .00001189  00000-0  89661-3 0   841
2 16377 065.8279 061.3145 0051484 244.2220 232.4524 13.97358719419404
0 COSMOS 1375 DEB
1 16377U 82055R   13292.50229166  .00001254  00000-0  94268-3 0   852
2 16377 065.8280 056.9041 0051481 243.5687 238.7955 13.97362530419646
0 COSMOS 1375 DEB
1 16377U 82055R   13293.71785221  .00001304  00000-0  97803-3 0   860
2 16377 065.8280 053.7849 0051498 243.0982 233.5314 13.97365494419811
0 COSMOS 1375 DEB
1 16377U 82055R   13294.80086808  .00001320  00000-0  98920-3 0   876
2 16377 065.8280 051.0058 0051495 242.7007 281.5064 13.97369822419965
