0 COSMOS 1727
1 16510U 86008A   13282.13102116  .00000038  00000-0  24500-4 0  4223
2 16510 082.9493 159.7625 0038019 186.9774 327.2294 13.74250412389455
0 COSMOS 1727
1 16510U 86008A   13283.14183845  .00000052  00000-0  39077-4 0  4235
2 16510 082.9492 159.0155 0038087 184.1452 288.0633 13.74250422389590
0 COSMOS 1727
1 16510U 86008A   13286.13759840  .00000074  00000-0  62095-4 0  4253
2 16510 082.9485 156.8017 0038292 175.8472 348.9414 13.74250391390007
0 COSMOS 1727
1 16510U 86008A   13287.14585824  .00000076  00000-0  64165-4 0  4267
2 16510 082.9483 156.0566 0038352 173.0786 297.0659 13.74250526390141
0 COSMOS 1727
1 16510U 86008A   13288.17294422  .00000078  00000-0  66472-4 0  4278
2 16510 082.9480 155.2976 0038417 170.2857 338.3008 13.74250769390285
0 COSMOS 1727
1 16510U 86008A   13289.53575387  .00000065  00000-0  51933-4 0  4284
2 16510 082.9477 154.2904 0038504 166.5409 240.4796 13.74251034390473
0 COSMOS 1727
1 16510U 86008A   13290.70356463  .00000050  00000-0  36916-4 0  4296
2 16510 082.9475 153.4273 0038569 163.3371 257.9427 13.74251271390630
0 COSMOS 1727
1 16510U 86008A   13292.17766304  .00000037  00000-0  23161-4 0  4303
2 16510 082.9474 152.3377 0038647 159.3206 350.6642 13.74251410390838
0 COSMOS 1727
1 16510U 86008A   13293.19490995  .00000035  00000-0  20148-4 0  4317
2 16510 082.9474 151.5857 0038706 156.5376 343.2430 13.74251470390979
0 COSMOS 1727
1 16510U 86008A   13294.55342054  .00000035  00000-0  20371-4 0  4329
2 16510 082.9474 150.5815 0038790 152.8194 224.1420 13.74251504391168
0 COSMOS 1727
1 16510U 86008A   13296.10141427  .00000056  00000-0  42390-4 0  4332
2 16510 082.9473 149.4372 0038878 148.6037 322.4426 13.74251550391370
