0 COSMOS 1750
1 16760U 86042C   13282.49968987 -.00000044  00000-0 -16802-3 0  3585
2 16760 074.0191 210.4840 0039026 058.2495 061.8093 12.56093397253996
0 COSMOS 1750
1 16760U 86042C   13287.20912757  .00000003  00000-0  11484-3 0  3600
2 16760 074.0194 204.1506 0039122 051.0203 117.6607 12.56092859254582
0 COSMOS 1750
1 16760U 86042C   13289.50562744  .00000023  00000-0  23468-3 0  3610
2 16760 074.0192 201.0624 0039151 047.4758 062.3396 12.56092835254870
0 COSMOS 1750
1 16760U 86042C   13292.21107137  .00000007  00000-0  14099-3 0  3626
2 16760 074.0187 197.4243 0039179 043.3303 056.2155 12.56093191255210
0 COSMOS 1750
1 16760U 86042C   13294.44406491 -.00000013  00000-0  18713-4 0  3635
2 16760 074.0184 194.4214 0039235 039.9450 073.6615 12.56093547255498
