0 SL-8 DEB
1 16865U 86052C   13283.15578954  .00012526  00000-0  12772-2 0  5744
2 16865 074.0102 069.5728 0011940 061.4662 351.3698 14.90662451452317
0 SL-8 DEB
1 16865U 86052C   13284.16294407  .00011375  00000-0  11599-2 0  5752
2 16865 074.0100 067.5522 0012033 058.9452 356.4249 14.90680423452460
0 SL-8 DEB
1 16865U 86052C   13286.17737493  .00010835  00000-0  11041-2 0  5776
2 16865 074.0099 063.5100 0012102 053.6596 007.6315 14.90716785452766
0 SL-8 DEB
1 16865U 86052C   13287.46161389  .00010379  00000-0  10573-2 0  5787
2 16865 074.0102 060.9331 0012106 049.9985 060.4075 14.90736773452952
0 SL-8 DEB
1 16865U 86052C   13288.46871319  .00014411  00000-0  14646-2 0  5796
2 16865 074.0104 058.9125 0012108 046.9201 066.0125 14.90767223453102
0 SL-8 DEB
1 16865U 86052C   13289.53486672  .00011777  00000-0  11974-2 0  5804
2 16865 074.0108 056.7731 0012174 044.1835 028.1708 14.90787273453261
0 SL-8 DEB
1 16865U 86052C   13290.75653258  .00013931  00000-0  14144-2 0  5813
2 16865 074.0114 054.3219 0012289 041.1563 104.9713 14.90810423453448
0 SL-8 DEB
1 16865U 86052C   13292.14999119  .00010410  00000-0  10577-2 0  5823
2 16865 074.0118 051.5260 0012374 037.3271 024.3006 14.90838059453653
0 SL-8 DEB
1 16865U 86052C   13293.15722056  .00010678  00000-0  10842-2 0  5831
2 16865 074.0119 049.5051 0012481 035.1261 030.0858 14.90859957453809
0 SL-8 DEB
1 16865U 86052C   13294.16484552  .00011923  00000-0  12094-2 0  5845
2 16865 074.0118 047.4833 0012592 032.9507 038.0428 14.90877097453956
0 SL-8 DEB
1 16865U 86052C   13295.17328175  .00011207  00000-0  11367-2 0  5853
2 16865 074.0116 045.4595 0012609 029.9222 051.2634 14.90891121454104
0 SL-8 DEB
1 16865U 86052C   13296.17809451  .00012362  00000-0  12525-2 0  5866
2 16865 074.0116 043.4431 0012693 027.5243 044.4735 14.90912719454250
