0 ARIANE 1 DEB
1 17130U 86019Z   13282.46224736  .00024430  00000-0  21493-2 0  1677
2 17130 097.7989 323.1425 0012489 042.4040 069.0161 14.96439925425861
0 ARIANE 1 DEB
1 17130U 86019Z   13283.12126130  .00020919  00000-0  18412-2 0  1686
2 17130 097.7990 323.7992 0012457 040.2805 019.1875 14.96458119425963
0 ARIANE 1 DEB
1 17130U 86019Z   13284.12424650  .00020708  00000-0  18214-2 0  1692
2 17130 097.7993 324.7987 0012394 037.4215 022.0917 14.96487408426115
0 ARIANE 1 DEB
1 17130U 86019Z   13286.13289413  .00018144  00000-0  15945-2 0  1713
2 17130 097.7995 326.8007 0012292 031.5834 042.7635 14.96552241426419
0 ARIANE 1 DEB
1 17130U 86019Z   13287.47904728  .00019784  00000-0  17362-2 0  1721
2 17130 097.7996 328.1427 0012201 027.3168 095.1592 14.96588431426610
0 ARIANE 1 DEB
1 17130U 86019Z   13288.20500568  .00032686  00000-0  28567-2 0  1733
2 17130 097.7995 328.8665 0012143 024.9744 046.3972 14.96632194426726
0 ARIANE 1 DEB
1 17130U 86019Z   13289.13991966  .00027221  00000-0  23792-2 0  1747
2 17130 097.7994 329.7987 0012089 022.1130 043.4256 14.96675595426860
0 ARIANE 1 DEB
1 17130U 86019Z   13289.94837168  .00024177  00000-0  21133-2 0  1754
2 17130 097.7992 330.6049 0012016 019.8002 079.0583 14.96701020426983
0 ARIANE 1 DEB
1 17130U 86019Z   13291.13891118  .00021940  00000-0  19163-2 0  1769
2 17130 097.7990 331.7919 0011929 015.5963 014.1851 14.96753510427160
0 ARIANE 1 DEB
1 17130U 86019Z   13292.14198502  .00019213  00000-0  16779-2 0  1779
2 17130 097.7989 332.7919 0011873 012.1361 019.2435 14.96788157427318
0 ARIANE 1 DEB
1 17130U 86019Z   13293.14971667  .00019257  00000-0  16803-2 0  1788
2 17130 097.7989 333.7966 0011811 008.3102 049.8802 14.96822053427460
0 ARIANE 1 DEB
1 17130U 86019Z   13294.15236404  .00021736  00000-0  18937-2 0  1799
2 17130 097.7986 334.7963 0011744 005.0503 052.6951 14.96854870427615
0 ARIANE 1 DEB
1 17130U 86019Z   13295.15467150  .00022255  00000-0  19371-2 0  1806
2 17130 097.7987 335.7957 0011679 000.9827 054.6108 14.96887685427762
0 ARIANE 1 DEB
1 17130U 86019Z   13296.15697741  .00024008  00000-0  20865-2 0  1817
2 17130 097.7987 336.7952 0011613 356.9643 056.5903 14.96929833427919
