0 COSMOS 1275 DEB
1 17642U 81053LQ  13282.50280399  .00001501  00000-0  70174-3 0  4218
2 17642 082.8714 293.4418 0045678 144.1072 008.2371 14.19183394476148
0 COSMOS 1275 DEB
1 17642U 81053LQ  13284.03437078  .00001655  00000-0  77458-3 0  4229
2 17642 082.8712 292.2083 0045753 139.5948 273.0233 14.19186344476366
0 COSMOS 1275 DEB
1 17642U 81053LQ  13285.45926935  .00001434  00000-0  67000-3 0  4239
2 17642 082.8711 291.0605 0045809 135.3724 352.8854 14.19190864476569
0 COSMOS 1275 DEB
1 17642U 81053LQ  13286.51675336  .00001494  00000-0  69828-3 0  4240
2 17642 082.8710 290.2086 0045856 132.2386 355.6289 14.19194062476718
0 COSMOS 1275 DEB
1 17642U 81053LQ  13287.78414532  .00001888  00000-0  88429-3 0  4255
2 17642 082.8711 289.1876 0045926 128.5361 350.7664 14.19199845476898
0 COSMOS 1275 DEB
1 17642U 81053LQ  13289.04047620  .00002004  00000-0  93907-3 0  4265
2 17642 082.8711 288.1753 0045946 124.8024 289.4830 14.19206442477074
0 COSMOS 1275 DEB
1 17642U 81053LQ  13290.46987458  .00002122  00000-0  99487-3 0  4276
2 17642 082.8715 287.0235 0045995 120.7327 032.2776 14.19212462477270
0 COSMOS 1275 DEB
1 17642U 81053LQ  13292.00144009  .00002431  00000-0  11404-2 0  4281
2 17642 082.8713 285.7904 0045966 116.2194 297.2379 14.19217381477497
0 COSMOS 1275 DEB
1 17642U 81053LQ  13293.43279462  .00002965  00000-0  13927-2 0  4296
2 17642 082.8717 284.6369 0046047 112.0672 050.1725 14.19223505477698
0 COSMOS 1275 DEB
1 17642U 81053LQ  13294.68067992  .00003129  00000-0  14700-2 0  4302
2 17642 082.8720 283.6317 0046140 108.3977 305.8147 14.19229300477871
0 COSMOS 1275 DEB
1 17642U 81053LQ  13296.17472833  .00003181  00000-0  14942-2 0  4319
2 17642 082.8722 282.4282 0046200 103.8657 019.3130 14.19235075478082
