0 OPS 4682 DEB
1 18268U 65027X   13280.84869464  .00000324  00000-0  11140-2 0  1099
2 18268 090.2751 246.3411 0032417 026.6467 333.6310 12.95877876485501
0 OPS 4682 DEB
1 18268U 65027X   13282.31569851  .00000687  00000-0  23895-2 0  1104
2 18268 090.2749 246.3781 0032239 022.7709 337.4832 12.95876020485697
0 OPS 4682 DEB
1 18268U 65027X   13284.16876329  .00000746  00000-0  25964-2 0  1116
2 18268 090.2748 246.4244 0032329 018.5232 341.7057 12.95877723485930
0 OPS 4682 DEB
1 18268U 65027X   13285.32692936  .00000513  00000-0  17775-2 0  1129
2 18268 090.2751 246.4532 0032318 015.7661 344.4457 12.95881556486087
0 OPS 4682 DEB
1 18268U 65027X   13288.64699197 -.00000251  00000-0 -90771-3 0  1133
2 18268 090.2763 246.5370 0032108 007.4184 352.7405 12.95890800486511
0 OPS 4682 DEB
1 18268U 65027X   13289.88235723 -.00000310  00000-0 -11167-2 0  1149
2 18268 090.2767 246.5687 0032018 004.2563 355.8823 12.95890752486673
0 OPS 4682 DEB
1 18268U 65027X   13292.81634254  .00000373  00000-0  12869-2 0  1156
2 18268 090.2775 246.6441 0031832 356.8338 003.2575 12.95885019487051
0 OPS 4682 DEB
1 18268U 65027X   13294.28333914  .00000731  00000-0  25447-2 0  1163
2 18268 090.2768 246.6798 0031654 353.0937 006.9743 12.95882542487240
