0 SL-8 R/B
1 18403U 87087B   13282.44475469  .00000042  00000-0  27345-4 0  7152
2 18403 082.9223 015.9262 0056982 347.2466 061.2322 13.76342089305020
0 SL-8 R/B
1 18403U 87087B   13286.82497545  .00000082  00000-0  67820-4 0  7175
2 18403 082.9224 012.6640 0056737 334.8898 164.6044 13.76342183305624
0 SL-8 R/B
1 18403U 87087B   13289.20149913  .00000087  00000-0  72756-4 0  7183
2 18403 082.9220 010.8943 0056653 328.1068 060.0207 13.76342387305950
0 SL-8 R/B
1 18403U 87087B   13291.38602888  .00000077  00000-0  63503-4 0  7190
2 18403 082.9216 009.2674 0056588 321.8685 084.1329 13.76342762306253
0 SL-8 R/B
1 18403U 87087B   13293.51134959  .00000077  00000-0  62791-4 0  7206
2 18403 082.9212 007.6844 0056470 315.8133 174.8604 13.76343169306548
0 SL-8 R/B
1 18403U 87087B   13296.18039568  .00000051  00000-0  36730-4 0  7219
2 18403 082.9212 005.6964 0056432 308.1465 079.7512 13.76343553306919
