0 SL-8 DEB
1 18545U 86100C   13283.07236859  .00001601  00000-0  10954-2 0  4236
2 18545 082.9264 144.7797 0019993 079.7634 075.7661 13.99003168355467
0 SL-8 DEB
1 18545U 86100C   13284.07312051  .00001706  00000-0  11682-2 0  4242
2 18545 082.9263 144.0065 0019972 077.1061 075.7165 13.99005204355608
0 SL-8 DEB
1 18545U 86100C   13285.35442192  .00001519  00000-0  10392-2 0  4254
2 18545 082.9262 143.0164 0020044 073.7918 048.4842 13.99008757355785
0 SL-8 DEB
1 18545U 86100C   13286.35555706  .00001520  00000-0  10398-2 0  4260
2 18545 082.9260 142.2428 0020037 071.1413 050.3783 13.99011422355926
0 SL-8 DEB
1 18545U 86100C   13287.78770012  .00001676  00000-0  11474-2 0  4276
2 18545 082.9258 141.1359 0020058 067.3680 062.9006 13.99016951356122
0 SL-8 DEB
1 18545U 86100C   13288.78932587  .00001642  00000-0  11235-2 0  4283
2 18545 082.9256 140.3616 0020068 064.7523 067.2571 13.99020270356264
0 SL-8 DEB
1 18545U 86100C   13290.34885737  .00001434  00000-0  98001-3 0  4299
2 18545 082.9254 139.1561 0020084 060.6632 001.3575 13.99024823356486
0 SL-8 DEB
1 18545U 86100C   13292.01263572  .00001330  00000-0  90822-3 0  4302
2 18545 082.9254 137.8699 0020055 056.2048 100.5869 13.99026940356719
0 SL-8 DEB
1 18545U 86100C   13293.56086834  .00001434  00000-0  98007-3 0  4316
2 18545 082.9254 136.6730 0020004 051.9943 337.9802 13.99030040356935
0 SL-8 DEB
1 18545U 86100C   13294.85394825  .00001481  00000-0  10123-2 0  4326
2 18545 082.9255 135.6733 0019938 048.4660 010.3679 13.99033096357118
0 SL-8 DEB
1 18545U 86100C   13296.01704466  .00001450  00000-0  99087-3 0  4336
2 18545 082.9253 134.7741 0019852 045.2657 108.1505 13.99035844357275
