0 OPS 4682 DEB
1 18784U 65027AL  13283.34994233  .00000614  00000-0  21466-2 0   298
2 18784 090.2729 243.9894 0042703 051.4853 103.1918 12.95281447202459
0 OPS 4682 DEB
1 18784U 65027AL  13286.88223782 -.00000248  00000-0 -90385-3 0   308
2 18784 090.2736 244.0776 0042659 042.6752 013.8821 12.95291839202904
0 OPS 4682 DEB
1 18784U 65027AL  13289.20199200 -.00000271  00000-0 -98446-3 0   317
2 18784 090.2739 244.1353 0042629 036.9077 030.6875 12.95291844203208
0 OPS 4682 DEB
1 18784U 65027AL  13293.13988491  .00000732  00000-0  25668-2 0   328
2 18784 090.2744 244.2341 0042386 026.9412 032.9312 12.95285348203713
0 OPS 4682 DEB
1 18784U 65027AL  13295.32324912  .00000654  00000-0  22883-2 0   333
2 18784 090.2744 244.2884 0042109 021.1445 134.1005 12.95290183204001
