0 COSMOS 1823 DEB
1 18801U 87020AM  13281.58153485  .00000132  00000-0  71260-3 0  1884
2 18801 073.1301 086.6285 0129159 268.4474 160.1183 12.74067739197308
0 COSMOS 1823 DEB
1 18801U 87020AM  13288.10956256  .00000176  00000-0  91287-3 0  1908
2 18801 073.1313 077.0580 0129278 258.9583 221.8223 12.74071013198132
0 COSMOS 1823 DEB
1 18801U 87020AM  13291.09280273  .00000192  00000-0  98904-3 0  1911
2 18801 073.1319 072.6848 0129369 254.6509 224.8638 12.74072230198515
0 COSMOS 1823 DEB
1 18801U 87020AM  13294.07609093  .00000261  00000-0  13058-2 0  1921
2 18801 073.1320 068.3116 0129472 250.3328 228.1514 12.74074146198893
