0 COSMOS 1823 DEB
1 19141U 87020BD  13282.49014800  .00006831  00000-0  14377-1 0  9053
2 19141 073.9486 297.5717 0026240 227.9770 284.0299 13.31169434203386
0 COSMOS 1823 DEB
1 19141U 87020BD  13284.12610896  .00006849  00000-0  14409-1 0  9068
2 19141 073.9487 295.0417 0026258 224.9620 204.1417 13.31189176203602
0 COSMOS 1823 DEB
1 19141U 87020BD  13285.49657731  .00006059  00000-0  12749-1 0  9077
2 19141 073.9488 292.9212 0026169 222.5846 291.8734 13.31208575203786
0 COSMOS 1823 DEB
1 19141U 87020BD  13287.05467890  .00007261  00000-0  15263-1 0  9087
2 19141 073.9481 290.5145 0026269 219.6768 199.1367 13.31229429203995
0 COSMOS 1823 DEB
1 19141U 87020BD  13288.10819052  .00010763  00000-0  22590-1 0  9098
2 19141 073.9484 288.8853 0025996 218.0344 207.8806 13.31249539204139
0 COSMOS 1823 DEB
1 19141U 87020BD  13289.38615865  .00009509  00000-0  19959-1 0  9108
2 19141 073.9479 286.9081 0025488 216.5606 211.8656 13.31274500204308
0 COSMOS 1823 DEB
1 19141U 87020BD  13290.45613103  .00009881  00000-0  20732-1 0  9116
2 19141 073.9480 285.2514 0025327 213.9229 300.6371 13.31293690204444
0 COSMOS 1823 DEB
1 19141U 87020BD  13292.09099859  .00009591  00000-0  20117-1 0  9120
2 19141 073.9501 282.7264 0025456 209.7893 217.4092 13.31322788204665
0 COSMOS 1823 DEB
1 19141U 87020BD  13293.37978381  .00010796  00000-0  22627-1 0  9136
2 19141 073.9496 280.7298 0025243 207.0438 274.8374 13.31348985204839
0 COSMOS 1823 DEB
1 19141U 87020BD  13294.43957678  .00011116  00000-0  23290-1 0  9145
2 19141 073.9497 279.0910 0025013 204.9943 314.5325 13.31369736204974
0 COSMOS 1823 DEB
1 19141U 87020BD  13295.99624822  .00011471  00000-0  24018-1 0  9153
2 19141 073.9512 276.6867 0025032 201.0994 216.8597 13.31402937205181
