0 COSMOS 1947 (GLONASS)
1 19164U 88043B   13281.71213446  .00000033  00000-0  00000+0 0  9385
2 19164 064.2941 232.3331 0015155 215.7685 062.6775 02.13103170192606
0 COSMOS 1947 (GLONASS)
1 19164U 88043B   13287.32818647 -.00000026  00000-0  00000+0 0  9408
2 19164 064.2927 232.1396 0015132 215.4433 051.4724 02.13103341192725
0 COSMOS 1947 (GLONASS)
1 19164U 88043B   13290.26490861  .00000000  00000-0  10000-3 0  9427
2 19164 064.2932 232.0374 0015241 215.4103 144.4754 02.13104562192789
0 COSMOS 1947 (GLONASS)
1 19164U 88043B   13290.57013667 -.00000037  00000-0  00000+0 0  9411
2 19164 064.2920 232.0280 0015065 215.3419 018.7052 02.13103374192790
0 COSMOS 1947 (GLONASS)
1 19164U 88043B   13292.84186685 -.00000017  00000-0  00000+0 0  9423
2 19164 064.2915 231.9498 0015035 215.2972 321.5577 02.13103347192846
0 COSMOS 1947 (GLONASS)
1 19164U 88043B   13295.29929780 -.00000001  00000-0  00000+0 0  9430
2 19164 064.2909 231.8653 0014979 215.2493 046.8781 02.13103282192892
