0 COSMOS 252 DEB
1 19561U 68097EU  13282.18202841  .00014628  00000-0  19764-2 0  6317
2 19561 062.2652 174.9604 0378513 034.2940 044.1697 14.40101510215003
0 COSMOS 252 DEB
1 19561U 68097EU  13283.22483948  .00013671  00000-0  18466-2 0  6328
2 19561 062.2657 171.6902 0378641 034.5824 050.5197 14.40125656215158
0 COSMOS 252 DEB
1 19561U 68097EU  13286.08337027  .00010168  00000-0  13778-2 0  6342
2 19561 062.2658 162.7198 0378748 035.3387 110.7660 14.40185680215560
0 COSMOS 252 DEB
1 19561U 68097EU  13288.22595145  .00016299  00000-0  21882-2 0  6354
2 19561 062.2649 155.9961 0378683 035.9094 059.5796 14.40245092215879
0 COSMOS 252 DEB
1 19561U 68097EU  13289.60155720  .00015365  00000-0  20625-2 0  6366
2 19561 062.2644 151.6786 0378667 036.2744 352.0554 14.40283069216072
0 COSMOS 252 DEB
1 19561U 68097EU  13290.77686344  .00018399  00000-0  24247-2 0  6383
2 19561 062.2675 147.9933 0379643 036.6469 326.0432 14.40316788216241
0 COSMOS 252 DEB
1 19561U 68097EU  13290.79091623  .00011521  00000-0  15523-2 0  6393
2 19561 062.2637 147.9463 0378685 036.5844 038.9767 14.40311990216248
0 COSMOS 252 DEB
1 19561U 68097EU  13292.18348472  .00010159  00000-0  13697-2 0  6403
2 19561 062.2638 143.5738 0378907 036.9677 059.6874 14.40338756216441
0 COSMOS 252 DEB
1 19561U 68097EU  13293.70574788  .00010501  00000-0  14136-2 0  6414
2 19561 062.2640 138.7957 0378948 037.3710 033.0540 14.40364517216665
0 COSMOS 252 DEB
1 19561U 68097EU  13295.09725990  .00009909  00000-0  13342-2 0  6420
2 19561 062.2641 134.4272 0379009 037.7370 048.5696 14.40388215216860
