0 OPS 4682 DEB
1 19593U 65027AW  13282.38118478  .00000117  00000-0  39347-3 0  8956
2 19593 090.2823 248.4409 0030957 022.7896 130.3412 12.94758805202481
0 OPS 4682 DEB
1 19593U 65027AW  13283.38815184 -.00000141  00000-0 -52947-3 0  8966
2 19593 090.2826 248.4673 0030933 020.1298 143.9453 12.94760401202614
0 OPS 4682 DEB
1 19593U 65027AW  13286.14751424 -.00000080  00000-0 -31145-3 0  8980
2 19593 090.2829 248.5386 0030796 013.1922 045.4030 12.94757370202979
0 OPS 4682 DEB
1 19593U 65027AW  13287.15199197  .00000177  00000-0  60493-3 0  8999
2 19593 090.2832 248.5645 0030760 010.7268 047.2420 12.94754009203091
0 OPS 4682 DEB
1 19593U 65027AW  13288.71051080  .00000510  00000-0  17980-2 0  9006
2 19593 090.2837 248.6046 0030670 006.8084 111.5282 12.94750910203306
0 OPS 4682 DEB
1 19593U 65027AW  13289.71500241  .00000565  00000-0  19946-2 0  9010
2 19593 090.2838 248.6306 0030613 004.3394 113.4096 12.94750517203431
0 OPS 4682 DEB
1 19593U 65027AW  13291.17016472  .00000323  00000-0  11280-2 0  9027
2 19593 090.2839 248.6684 0030523 000.6923 055.8968 12.94752178203610
0 OPS 4682 DEB
1 19593U 65027AW  13292.17492080  .00000043  00000-0  12923-3 0  9037
2 19593 090.2840 248.6945 0030454 358.1853 059.0346 12.94754767203744
0 OPS 4682 DEB
1 19593U 65027AW  13293.18100819 -.00000175  00000-0 -65018-3 0  9047
2 19593 090.2844 248.7209 0030214 355.6758 068.3885 12.94755985203881
0 OPS 4682 DEB
1 19593U 65027AW  13294.18566155 -.00000135  00000-0 -50813-3 0  9051
2 19593 090.2845 248.7468 0030141 353.1284 071.1143 12.94754555204012
0 OPS 4682 DEB
1 19593U 65027AW  13295.66669162 -.00000046  00000-0 -18886-3 0  9063
2 19593 090.2846 248.7851 0030037 349.3760 134.2495 12.94752134204202
