0 SL-8 R/B
1 19910U 89025J   13282.46744226 -.00000054  00000-0 -35899-3 0  1300
2 19910 074.0092 212.9804 0131160 078.5910 328.0975 12.23229642 96138
0 SL-8 R/B
1 19910U 89025J   13287.14166394  .00000024  00000-0  34063-3 0  1323
2 19910 074.0095 207.0659 0131276 071.8879 031.6528 12.23228552 96705
0 SL-8 R/B
1 19910U 89025J   13289.20075814 -.00000012  00000-0  16024-4 0  1335
2 19910 074.0093 204.4607 0131225 068.9256 099.1485 12.23229025 96951
0 SL-8 R/B
1 19910U 89025J   13291.48014337  .00000046  00000-0  54301-3 0  1347
2 19910 074.0090 201.5767 0131279 065.6586 056.7205 12.23228713 97236
0 SL-8 R/B
1 19910U 89025J   13293.83892910  .00000010  00000-0  21459-3 0  1359
2 19910 074.0086 198.5923 0131351 062.2892 003.9287 12.23229229 97523
0 SL-8 R/B
1 19910U 89025J   13296.15182213 -.00000044  00000-0 -27158-3 0  1367
2 19910 074.0087 195.6657 0131367 058.9711 109.0566 12.23230030 97806
