0 COSMOS 2016
1 19921U 89028A   13281.76029650  .00000031  00000-0  15818-4 0  8157
2 19921 082.9658 011.8624 0040540 166.5006 305.9572 13.74924770229212
0 COSMOS 2016
1 19921U 89028A   13282.78637410  .00000032  00000-0  17533-4 0  8167
2 19921 082.9659 011.1048 0040609 163.6670 344.7332 13.74924973229352
0 COSMOS 2016
1 19921U 89028A   13283.80553171  .00000043  00000-0  29001-4 0  8178
2 19921 082.9659 010.3523 0040659 160.8993 349.2114 13.74925076229491
0 COSMOS 2016
1 19921U 89028A   13285.84095919  .00000059  00000-0  45238-4 0  8194
2 19921 082.9658 008.8495 0040780 155.3240 343.9230 13.74924950229770
0 COSMOS 2016
1 19921U 89028A   13287.20694031  .00000077  00000-0  64269-4 0  8203
2 19921 082.9656 007.8409 0040865 151.5802 265.0925 13.74924970229966
0 COSMOS 2016
1 19921U 89028A   13288.29380604  .00000078  00000-0  65195-4 0  8212
2 19921 082.9655 007.0386 0040861 148.6933 244.6380 13.74925062230119
0 COSMOS 2016
1 19921U 89028A   13289.38858135  .00000077  00000-0  64621-4 0  8225
2 19921 082.9652 006.2303 0040889 145.7397 263.3789 13.74925265230260
0 COSMOS 2016
1 19921U 89028A   13290.71107374  .00000084  00000-0  71602-4 0  8232
2 19921 082.9649 005.2538 0040950 142.1246 329.2846 13.74925544230444
0 COSMOS 2016
1 19921U 89028A   13292.15657972  .00000077  00000-0  63589-4 0  8244
2 19921 082.9647 004.1865 0041001 138.2042 284.0376 13.74925853230642
0 COSMOS 2016
1 19921U 89028A   13293.17577207  .00000073  00000-0  59869-4 0  8252
2 19921 082.9645 003.4338 0041079 135.4004 288.7265 13.74926061230784
0 COSMOS 2016
1 19921U 89028A   13294.19331920  .00000061  00000-0  47168-4 0  8262
2 19921 082.9644 002.6824 0041126 132.6545 285.2195 13.74926232230926
0 COSMOS 2016
1 19921U 89028A   13295.20282970  .00000053  00000-0  39372-4 0  8275
2 19921 082.9645 001.9369 0041148 129.9327 241.9320 13.74926372231064
