0 SL-12 R/B(2)
1 19931U 89030D   13280.66975668 -.00000130  00000-0  10000-3 0  8628
2 19931 015.1002 016.4009 0021274 082.7899 277.4567 00.97922882 74661
0 SL-12 R/B(2)
1 19931U 89030D   13282.71211360 -.00000082  00000-0  10000-3 0  8635
2 19931 015.1021 016.3794 0021223 082.9846 277.2610 00.97921948 74681
0 SL-12 R/B(2)
1 19931U 89030D   13285.77568754 -.00000043  00000-0  10000-3 0  8655
2 19931 015.1050 016.3474 0021001 083.3941 276.8449 00.97921177 74716
0 SL-12 R/B(2)
1 19931U 89030D   13287.81804553 -.00000055  00000-0  10000-3 0  8666
2 19931 015.1068 016.3261 0021065 083.3559 276.8742 00.97921447 74732
0 SL-12 R/B(2)
1 19931U 89030D   13291.90273457 -.00000139  00000-0  10000-3 0  8678
2 19931 015.1104 016.2833 0021073 083.5245 276.6924 00.97923057 74773
