0 SL-8 R/B
1 20046U 89042B   13281.02786943 -.00000001  00000-0 -16210-4 0  1897
2 20046 082.9396 227.7033 0040860 247.2119 160.1553 13.77914784223581
0 SL-8 R/B
1 20046U 89042B   13283.44277725  .00000007  00000-0 -83998-5 0  1903
2 20046 082.9395 225.9050 0040812 240.4384 259.2914 13.77915050223910
0 SL-8 R/B
1 20046U 89042B   13285.47551490  .00000009  00000-0 -63398-5 0  1917
2 20046 082.9399 224.3910 0040896 234.5843 262.8298 13.77915169224195
0 SL-8 R/B
1 20046U 89042B   13287.84893192  .00000039  00000-0  24163-4 0  1927
2 20046 082.9403 222.6233 0041047 227.7967 156.2858 13.77915068224523
0 SL-8 R/B
1 20046U 89042B   13290.19002483  .00000059  00000-0  43987-4 0  1932
2 20046 082.9405 220.8799 0041203 221.1212 249.3771 13.77914907224841
0 SL-8 R/B
1 20046U 89042B   13292.44642833  .00000070  00000-0  54012-4 0  1946
2 20046 082.9404 219.1998 0041328 214.6797 282.3696 13.77915259225154
0 SL-8 R/B
1 20046U 89042B   13294.82581153  .00000063  00000-0  47297-4 0  1957
2 20046 082.9402 217.4281 0041494 207.9203 205.3768 13.77915743225488
