0 SL-14 DEB
1 20129U 89080E   13281.67998169  .00001361  00000-0  56493-3 0  8179
2 20129 082.5133 003.4612 1028606 005.0466 145.3752 12.78729119107235
0 SL-14 DEB
1 20129U 89080E   13284.01736412  .00001584  00000-0  65919-3 0  8182
2 20129 082.5134 001.8771 1028483 359.4780 105.3635 12.78736164107539
0 SL-14 DEB
1 20129U 89080E   13285.25637216  .00001352  00000-0  56241-3 0  8193
2 20129 082.5134 001.0376 1028426 356.5262 049.0791 12.78739305107696
0 SL-14 DEB
1 20129U 89080E   13285.67118308  .00001467  00000-0  61052-3 0  8200
2 20129 082.5134 000.7565 1028410 355.5376 158.6461 12.78740032107746
0 SL-14 DEB
1 20129U 89080E   13286.19085784  .00001494  00000-0  62208-3 0  8214
2 20129 082.5134 000.4044 1028370 354.2996 030.9492 12.78742443107816
0 SL-14 DEB
1 20129U 89080E   13286.27417056  .00001495  00000-0  62254-3 0  8227
2 20129 082.5133 000.3479 1028366 354.1011 054.4784 12.78741640107822
0 SL-14 DEB
1 20129U 89080E   13287.20735919  .00001815  00000-0  75723-3 0  8234
2 20129 082.5132 359.7155 1028325 351.8780 030.3902 12.78743850107948
0 SL-14 DEB
1 20129U 89080E   13287.21328573  .00001831  00000-0  76428-3 0  8241
2 20129 082.5131 359.7115 1028325 351.8642 057.6721 12.78743838107947
0 SL-14 DEB
1 20129U 89080E   13287.62830853  .00002092  00000-0  87373-3 0  8257
2 20129 082.5131 359.4302 1028313 350.8743 168.2217 12.78746184107991
0 SL-14 DEB
1 20129U 89080E   13288.22907944  .00002585  00000-0  10810-2 0  8269
2 20129 082.5129 359.0231 1028285 349.4435 053.8631 12.78749150108070
0 SL-14 DEB
1 20129U 89080E   13288.54436468  .00002286  00000-0  95591-3 0  8271
2 20129 082.5128 358.8095 1028258 348.6920 065.2795 12.78749635108115
0 SL-14 DEB
1 20129U 89080E   13289.16986772  .00002128  00000-0  88938-3 0  8281
2 20129 082.5128 358.3855 1028222 347.2008 064.7769 12.78754477108190
0 SL-14 DEB
1 20129U 89080E   13289.65256594  .00002111  00000-0  88250-3 0  8297
2 20129 082.5127 358.0583 1028210 346.0495 126.8857 12.78755946108255
0 SL-14 DEB
1 20129U 89080E   13290.18042664  .00002039  00000-0  85251-3 0  8307
2 20129 082.5126 357.7004 1028174 344.7919 036.9020 12.78757283108320
0 SL-14 DEB
1 20129U 89080E   13290.49953941  .00002128  00000-0  89002-3 0  8318
2 20129 082.5125 357.4840 1028172 344.0309 065.9477 12.78758543108360
0 SL-14 DEB
1 20129U 89080E   13291.28302738  .00002146  00000-0  89788-3 0  8320
2 20129 082.5124 356.9530 1028146 342.1624 072.7648 12.78760424108467
0 SL-14 DEB
1 20129U 89080E   13291.92208602  .00002572  00000-0  10772-2 0  8336
2 20129 082.5128 356.5211 1028081 340.6483 134.6963 12.78760038108545
0 SL-14 DEB
1 20129U 89080E   13292.63515200  .00002334  00000-0  97745-3 0  8343
2 20129 082.5122 356.0362 1028064 338.9417 177.3327 12.78764615108632
0 SL-14 DEB
1 20129U 89080E   13293.15916483  .00002339  00000-0  97942-3 0  8354
2 20129 082.5122 355.6809 1028038 337.6921 069.6550 12.78767194108704
0 SL-14 DEB
1 20129U 89080E   13293.23798624  .00002314  00000-0  96925-3 0  8362
2 20129 082.5123 355.6287 1028009 337.5116 072.5075 12.78767287108717
0 SL-14 DEB
1 20129U 89080E   13294.17011625  .00002682  00000-0  11241-2 0  8371
2 20129 082.5122 354.9967 1027973 335.2897 043.6377 12.78770273108839
0 SL-14 DEB
1 20129U 89080E   13294.25553898  .00002722  00000-0  11410-2 0  8387
2 20129 082.5122 354.9388 1027970 335.0866 076.8881 12.78769976108844
0 SL-14 DEB
1 20129U 89080E   13294.66079506  .00002974  00000-0  12471-2 0  8399
2 20129 082.5123 354.6641 1027979 334.1197 142.5199 12.78771409108892
0 SL-14 DEB
1 20129U 89080E   13295.10821160  .00003137  00000-0  13155-2 0  8404
2 20129 082.5123 354.3609 1027978 333.0521 042.2438 12.78771637108953
0 SL-14 DEB
1 20129U 89080E   13295.19231398  .00003150  00000-0  13213-2 0  8412
2 20129 082.5123 354.3039 1027974 332.8517 069.4154 12.78772506108961
