0 MAGION 2
1 20281U 89080B   13281.68250539  .00000318  00000-0  95307-4 0  3906
2 20281 082.6044 147.8767 1197737 267.5605 141.3855 12.57045024 98289
0 MAGION 2
1 20281U 89080B   13283.13336109  .00000381  00000-0  11415-3 0  3914
2 20281 082.6041 146.9360 1197755 264.2036 227.0404 12.57047633 98467
0 MAGION 2
1 20281U 89080B   13286.15917163  .00000450  00000-0  13488-3 0  3935
2 20281 082.6032 144.9743 1197812 257.2020 239.9716 12.57049801 98848
0 MAGION 2
1 20281U 89080B   13287.35203859  .00000533  00000-0  15971-3 0  3940
2 20281 082.6028 144.2010 1197845 254.4421 238.1504 12.57050672 98993
0 MAGION 2
1 20281U 89080B   13288.44643271  .00000778  00000-0  23345-3 0  3953
2 20281 082.6025 143.4914 1197880 251.9107 150.7069 12.57053090 99135
0 MAGION 2
1 20281U 89080B   13289.64264904  .00000641  00000-0  19197-3 0  3968
2 20281 082.6022 142.7158 1197902 249.1431 164.0556 12.57054834 99280
0 MAGION 2
1 20281U 89080B   13291.02384444  .00000630  00000-0  18861-3 0  3971
2 20281 082.6020 141.8203 1197929 245.9484 294.5182 12.57056336 99452
0 MAGION 2
1 20281U 89080B   13292.04633419  .00000723  00000-0  21660-3 0  3988
2 20281 082.6019 141.1573 1197949 243.5838 241.6996 12.57056999 99587
0 MAGION 2
1 20281U 89080B   13293.08276189  .00000828  00000-0  24804-3 0  3990
2 20281 082.6018 140.4852 1197973 241.1870 251.9600 12.57058169 99717
0 MAGION 2
1 20281U 89080B   13294.41792839  .00000868  00000-0  25966-3 0  4000
2 20281 082.6017 139.6195 1198007 238.0996 174.1411 12.57060425 99881
0 MAGION 2
1 20281U 89080B   13295.52472757  .00000966  00000-0  28909-3 0  4017
2 20281 082.6015 138.9018 1198050 235.5411 142.8720 12.57061990100029
