0 OSCAR 19 (LUSAT)
1 20442U 90005G   13282.41715067  .00000120  00000-0  60210-4 0  7953
2 20442 098.4504 221.2610 0012337 165.7923 339.8931 14.32420466238783
0 OSCAR 19 (LUSAT)
1 20442U 90005G   13283.46330067  .00000105  00000-0  54629-4 0  7963
2 20442 098.4505 222.2807 0012398 162.7917 334.4897 14.32420771238938
0 OSCAR 19 (LUSAT)
1 20442U 90005G   13285.82197955  .00000104  00000-0  54149-4 0  7980
2 20442 098.4511 224.5797 0012521 156.1757 257.1549 14.32421328239277
0 OSCAR 19 (LUSAT)
1 20442U 90005G   13286.86577951  .00000120  00000-0  60256-4 0  7998
2 20442 098.4514 225.5971 0012574 153.2549 239.5648 14.32421626239422
0 OSCAR 19 (LUSAT)
1 20442U 90005G   13288.05826683  .00000173  00000-0  79476-4 0  8005
2 20442 098.4518 226.7595 0012626 149.8796 268.7288 14.32422292239596
0 OSCAR 19 (LUSAT)
1 20442U 90005G   13289.10773419  .00000144  00000-0  68762-4 0  8015
2 20442 098.4520 227.7825 0012671 146.9745 280.3355 14.32422661239740
0 OSCAR 19 (LUSAT)
1 20442U 90005G   13290.44770716  .00000153  00000-0  72413-4 0  8020
2 20442 098.4522 229.0889 0012743 143.2876 349.9218 14.32423246239933
0 OSCAR 19 (LUSAT)
1 20442U 90005G   13291.63356745  .00000161  00000-0  75288-4 0  8037
2 20442 098.4523 230.2450 0012780 140.0766 344.7757 14.32423620240104
0 OSCAR 19 (LUSAT)
1 20442U 90005G   13292.80708541  .00000196  00000-0  88167-4 0  8041
2 20442 098.4523 231.3892 0012835 136.8507 276.0359 14.32423923240272
0 OSCAR 19 (LUSAT)
1 20442U 90005G   13294.83367300  .00000208  00000-0  92423-4 0  8055
2 20442 098.4524 233.3652 0012910 131.3433 286.1021 14.32425153240568
0 OSCAR 19 (LUSAT)
1 20442U 90005G   13296.09259538  .00000206  00000-0  91815-4 0  8061
2 20442 098.4525 234.5926 0012946 128.0374 297.6032 14.32425886240744
