0 STTW-4
1 20473U 90011A   13279.78163878 -.00000261  00000-0  10000-3 0  4198
2 20473 013.8640 030.2128 0007404 059.9926 300.0834 01.00241765 86559
0 STTW-4
1 20473U 90011A   13282.77428371 -.00000265  00000-0  10000-3 0  4209
2 20473 013.8677 030.1773 0007236 060.2785 299.7936 01.00240791 86583
0 STTW-4
1 20473U 90011A   13288.75962114 -.00000266  00000-0  10000-3 0  4213
2 20473 013.8753 030.1078 0007187 060.2219 299.8325 01.00238925 86649
0 STTW-4
1 20473U 90011A   13289.75718092 -.00000265  00000-0  10000-3 0  4228
2 20473 013.8769 030.0966 0007298 055.6585 304.3790 01.00238539 86658
0 STTW-4
1 20473U 90011A   13289.75722840  .00000000  00000-0  10000-3 0  4231
2 20473 013.8783 030.0932 0006242 061.1837 298.8601 01.00234339 86659
0 STTW-4
1 20473U 90011A   13293.74752215 -.00000257  00000-0  10000-3 0  4239
2 20473 013.8832 030.0510 0007104 057.5687 302.4576 01.00237226 86691
