0 NADEZHDA 2
1 20508U 90017A   13282.47472779  .00000072  00000-0  59488-4 0  6809
2 20508 082.9542 256.1639 0044891 036.7213 110.4309 13.74131924184137
0 NADEZHDA 2
1 20508U 90017A   13283.49425090  .00000058  00000-0  44576-4 0  6813
2 20508 082.9543 255.4109 0044852 033.9344 113.8292 13.74132109184272
0 NADEZHDA 2
1 20508U 90017A   13286.09560343  .00000047  00000-0  33980-4 0  6830
2 20508 082.9548 253.4896 0044678 026.7580 022.3251 13.74132726184630
0 NADEZHDA 2
1 20508U 90017A   13287.49729082  .00000047  00000-0  33177-4 0  6841
2 20508 082.9552 252.4543 0044583 022.8634 116.2890 13.74132769184825
0 NADEZHDA 2
1 20508U 90017A   13288.51515740  .00000068  00000-0  55246-4 0  6854
2 20508 082.9555 251.7025 0044508 020.0195 111.5587 13.74132905184962
0 NADEZHDA 2
1 20508U 90017A   13289.80855948  .00000079  00000-0  67900-4 0  6867
2 20508 082.9558 250.7473 0044415 016.4322 029.8455 13.74132885185142
0 NADEZHDA 2
1 20508U 90017A   13291.20866016  .00000088  00000-0  76462-4 0  6876
2 20508 082.9561 249.7134 0044337 012.5602 115.9446 13.74132919185335
0 NADEZHDA 2
1 20508U 90017A   13292.52107904  .00000094  00000-0  83593-4 0  6887
2 20508 082.9562 248.7444 0044251 008.9198 128.3050 13.74133016185511
0 NADEZHDA 2
1 20508U 90017A   13293.81628080  .00000104  00000-0  93739-4 0  6899
2 20508 082.9562 247.7882 0044159 005.2899 055.5322 13.74133188185693
0 NADEZHDA 2
1 20508U 90017A   13294.97823898  .00000107  00000-0  96793-4 0  6909
2 20508 082.9563 246.9303 0044077 002.0313 043.6204 13.74133555185851
0 NADEZHDA 2
1 20508U 90017A   13295.99729832  .00000096  00000-0  85644-4 0  6916
2 20508 082.9563 246.1779 0044005 359.1885 044.7882 13.74133719185992
