0 COSMOS 2081 (GLONASS)
1 20621U 90045C   13281.53425747  .00000065  00000-0  00000+0 0   273
2 20621 064.3494 107.8184 0027557 215.4173 144.4523 02.13104873182060
0 COSMOS 2081 (GLONASS)
1 20621U 90045C   13285.75753834  .00000083  00000-0  00000+0 0   283
2 20621 064.3506 107.6726 0027793 216.9310 142.9256 02.13104400182157
0 COSMOS 2081 (GLONASS)
1 20621U 90045C   13285.79190074  .00000083  00000-0  00000+0 0   299
2 20621 064.3516 107.6717 0027635 215.1894 171.0365 02.13104793182161
0 COSMOS 2081 (GLONASS)
1 20621U 90045C   13287.92907037  .00000085  00000-0  00000+0 0   305
2 20621 064.3522 107.5979 0027628 215.1908 010.6207 02.13104854182201
0 COSMOS 2081 (GLONASS)
1 20621U 90045C   13290.95199270  .00000056  00000-0  00000+0 0   313
2 20621 064.3530 107.4936 0027624 215.1896 169.7367 02.13104906182272
0 COSMOS 2081 (GLONASS)
1 20621U 90045C   13293.26556050  .00000033  00000-0  00000+0 0   329
2 20621 064.3530 107.4136 0027617 215.1778 144.6643 02.13104661182328
