0 COSMOS 2100
1 20804U 90083A   13282.45034998  .00000047  00000-0  34116-4 0  6270
2 20804 082.9428 358.1848 0036222 227.9250 259.1553 13.74203919157011
0 COSMOS 2100
1 20804U 90083A   13283.76560769  .00000057  00000-0  44691-4 0  6286
2 20804 082.9427 357.2116 0036285 224.1581 286.0140 13.74204011157197
0 COSMOS 2100
1 20804U 90083A   13286.14997946  .00000077  00000-0  65155-4 0  6305
2 20804 082.9423 355.4476 0036429 217.3713 201.9657 13.74203953157523
0 COSMOS 2100
1 20804U 90083A   13287.17077641  .00000087  00000-0  76594-4 0  6311
2 20804 082.9420 354.6923 0036496 214.4934 212.0199 13.74204022157662
0 COSMOS 2100
1 20804U 90083A   13288.26162701  .00000098  00000-0  87603-4 0  6320
2 20804 082.9417 353.8853 0036567 211.4407 208.6182 13.74204247157811
0 COSMOS 2100
1 20804U 90083A   13289.35127881  .00000077  00000-0  65429-4 0  6331
2 20804 082.9415 353.0791 0036638 208.4199 199.2576 13.74204428157964
0 COSMOS 2100
1 20804U 90083A   13290.61017824  .00000076  00000-0  64906-4 0  6346
2 20804 082.9412 352.1475 0036713 204.8552 307.2615 13.74204635158132
0 COSMOS 2100
1 20804U 90083A   13291.77260139  .00000062  00000-0  50104-4 0  6354
2 20804 082.9410 351.2873 0036794 201.6022 297.9416 13.74204873158293
0 COSMOS 2100
1 20804U 90083A   13292.79172505  .00000063  00000-0  50671-4 0  6367
2 20804 082.9409 350.5331 0036857 198.8072 299.6421 13.74205078158433
0 COSMOS 2100
1 20804U 90083A   13294.15884155  .00000062  00000-0  49374-4 0  6378
2 20804 082.9409 349.5214 0036956 194.9750 222.9795 13.74205344158621
0 COSMOS 2100
1 20804U 90083A   13295.17718126  .00000061  00000-0  48155-4 0  6381
2 20804 082.9408 348.7678 0037027 192.1695 220.8158 13.74205466158763
