0 CZ-4 DEB
1 20868U 90081AG  13280.24173993  .00000108  00000-0  13813-3 0  5246
2 20868 099.1719 013.8946 0172824 309.5110 103.0375 13.77071205154884
0 CZ-4 DEB
1 20868U 90081AG  13282.79930274  .00000119  00000-0  14805-3 0  5256
2 20868 099.1722 016.3627 0172833 302.6959 182.0951 13.77072309155230
0 CZ-4 DEB
1 20868U 90081AG  13287.50953856  .00000179  00000-0  20209-3 0  5274
2 20868 099.1727 020.9094 0172895 290.1705 132.9820 13.77073881155888
0 CZ-4 DEB
1 20868U 90081AG  13289.77488377  .00000199  00000-0  22072-3 0  5289
2 20868 099.1725 023.0960 0172923 284.1455 203.3898 13.77075327156199
0 CZ-4 DEB
1 20868U 90081AG  13292.16086127  .00000228  00000-0  24616-3 0  5293
2 20868 099.1720 025.3992 0173027 277.7991 151.8443 13.77076312156528
0 CZ-4 DEB
1 20868U 90081AG  13294.19261499  .00000221  00000-0  24013-3 0  5301
2 20868 099.1718 027.3602 0173081 272.3976 144.2416 13.77077902156802
