0 SL-8 R/B
1 21131U 91013B   13281.87916907  .00000100  00000-0  80036-4 0  3057
2 21131 082.8235 108.4942 0065043 148.9130 324.4095 13.80025644139014
0 SL-8 R/B
1 21131U 91013B   13284.13150914  .00000096  00000-0  76125-4 0  3066
2 21131 082.8233 106.7832 0065148 142.6946 354.1421 13.80026128139328
0 SL-8 R/B
1 21131U 91013B   13286.50032406  .00000066  00000-0  47276-4 0  3077
2 21131 082.8234 104.9836 0065218 136.1694 242.5153 13.80026716139650
0 SL-8 R/B
1 21131U 91013B   13288.53914955  .00000075  00000-0  56052-4 0  3083
2 21131 082.8236 103.4347 0065299 130.5437 291.5008 13.80027200139938
0 SL-8 R/B
1 21131U 91013B   13290.56947454  .00000062  00000-0  43773-4 0  3092
2 21131 082.8241 101.8924 0065298 124.9747 298.2254 13.80027382140218
0 SL-8 R/B
1 21131U 91013B   13292.83110638  .00000096  00000-0  76124-4 0  3105
2 21131 082.8244 100.1744 0065398 118.7420 014.1234 13.80027404140525
0 SL-8 R/B
1 21131U 91013B   13294.86393073  .00000105  00000-0  84095-4 0  3114
2 21131 082.8245 098.6304 0065396 113.1634 033.2705 13.80027567140809
