0 SL-14 R/B
1 21233U 91030B   13283.01387848 -.00000484  00000-0 -13034-2 0  9687
2 21233 082.5483 226.7305 0015997 228.2024 260.1736 13.16315946 79380
0 SL-14 R/B
1 21233U 91030B   13287.19172800  .00000465  00000-0  11882-2 0  9709
2 21233 082.5491 223.7793 0016170 217.3133 258.3539 13.16306273 79935
0 SL-14 R/B
1 21233U 91030B   13289.47300444  .00000327  00000-0  82749-3 0  9718
2 21233 082.5494 222.1681 0016288 211.4940 268.7757 13.16308997 80235
0 SL-14 R/B
1 21233U 91030B   13291.52523200 -.00000224  00000-0 -62152-3 0  9729
2 21233 082.5493 220.7188 0016402 206.2475 273.7973 13.16314723 80503
0 SL-14 R/B
1 21233U 91030B   13293.87219138  .00000056  00000-0  11562-3 0  9732
2 21233 082.5494 219.0610 0016656 200.2820 235.5263 13.16310547 80816
0 SL-14 R/B
1 21233U 91030B   13296.16508699  .00000120  00000-0  28288-3 0  9746
2 21233 082.5492 217.4423 0016647 194.5402 300.9535 13.16309280 81114
