0 DELTA 1 DEB
1 21283U 75052U   13283.44731605  .00000080  00000-0  36115-3 0   710
2 21283 099.7259 083.9937 0244211 296.5245 076.5935 12.97135898 62225
0 DELTA 1 DEB
1 21283U 75052U   13285.69487509 -.00000202  00000-0 -48888-3 0   729
2 21283 099.7261 085.9952 0244236 291.4366 131.9928 12.97138692 62517
0 DELTA 1 DEB
1 21283U 75052U   13287.70041822 -.00000378  00000-0 -10223-2 0   733
2 21283 099.7262 087.7813 0244255 286.8917 137.2760 12.97139784 62779
0 DELTA 1 DEB
1 21283U 75052U   13289.95085125 -.00000449  00000-0 -12338-2 0   745
2 21283 099.7263 089.7856 0244288 281.7910 206.1323 12.97139050 63062
0 DELTA 1 DEB
1 21283U 75052U   13291.96372484 -.00000407  00000-0 -11098-2 0   753
2 21283 099.7263 091.5784 0244368 277.2307 245.6526 12.97136804 63328
0 DELTA 1 DEB
1 21283U 75052U   13294.03726616 -.00000261  00000-0 -66955-3 0   766
2 21283 099.7262 093.4253 0244410 272.5372 208.4578 12.97134035 63594
0 DELTA 1 DEB
1 21283U 75052U   13296.04275339 -.00000056  00000-0 -50356-4 0   772
2 21283 099.7260 095.2115 0244504 267.9982 213.4559 12.97131402 63857
