0 COSMOS 2144
1 21300U 91033B   13281.39483699  .00000031  00000-0  11514-3 0  9830
2 21300 082.5795 047.1694 0004805 161.7156 301.4701 12.62278027 32007
0 COSMOS 2144
1 21300U 91033B   13283.45782300  .00000022  00000-0  63560-4 0  9840
2 21300 082.5799 045.8531 0004855 158.2066 314.9281 12.62278443 32264
0 COSMOS 2144
1 21300U 91033B   13285.76859317  .00000009  00000-0 -11043-4 0  9855
2 21300 082.5805 044.3787 0004943 153.3304 015.1756 12.62278419 32550
0 COSMOS 2144
1 21300U 91033B   13288.12098569  .00000032  00000-0  11745-3 0  9866
2 21300 082.5809 042.8782 0004966 149.2135 263.7109 12.62278182 32856
0 COSMOS 2144
1 21300U 91033B   13290.43244661  .00000041  00000-0  17270-3 0  9879
2 21300 082.5810 041.4038 0005036 144.7169 326.7155 12.62278063 33145
0 COSMOS 2144
1 21300U 91033B   13292.81116356  .00000047  00000-0  20491-3 0  9888
2 21300 082.5809 039.8864 0005105 140.2087 335.2031 12.62278200 33442
0 COSMOS 2144
1 21300U 91033B   13295.17392895  .00000037  00000-0  14658-3 0  9892
2 21300 082.5809 038.3792 0005141 135.8643 271.0768 12.62278547 33745
