0 DELTA 1 DEB
1 21336U 75052BE  13284.17389236  .00002988  00000-0  63449-2 0  2225
2 21336 099.1956 246.4555 0175297 005.4088 112.9773 13.25832599 76115
0 DELTA 1 DEB
1 21336U 75052BE  13286.43825328  .00002529  00000-0  53823-2 0  2230
2 21336 099.1957 248.4615 0175160 359.9729 120.7713 13.25843755 76413
0 DELTA 1 DEB
1 21336U 75052BE  13289.15630006  .00002734  00000-0  58135-2 0  2249
2 21336 099.1961 250.8694 0174976 353.4081 134.1650 13.25859436 76777
0 DELTA 1 DEB
1 21336U 75052BE  13291.19342063  .00002790  00000-0  59306-2 0  2253
2 21336 099.1971 252.6740 0174842 348.4995 137.5472 13.25867648 77044
0 DELTA 1 DEB
1 21336U 75052BE  13293.39043677  .00002531  00000-0  53879-2 0  2269
2 21336 099.1978 254.6203 0174692 343.2179 184.1843 13.25879946 77333
0 DELTA 1 DEB
1 21336U 75052BE  13296.17228372  .00002882  00000-0  61225-2 0  2279
2 21336 099.1979 257.0854 0174523 336.5129 142.4415 13.25891513 77703
