0 DELTA 1 DEB
1 21374U 75052CU  13281.72755677  .00000506  00000-0  61993-3 0  2475
2 21374 099.5686 077.2346 0268383 069.4733 045.1499 13.56096862104714
0 DELTA 1 DEB
1 21374U 75052CU  13287.17442219  .00000509  00000-0  62391-3 0  2493
2 21374 099.5689 082.5289 0268164 055.7042 356.5646 13.56103811105458
0 DELTA 1 DEB
1 21374U 75052CU  13289.69557420  .00000581  00000-0  70522-3 0  2500
2 21374 099.5693 084.9794 0268069 049.3279 064.7936 13.56107431105794
0 DELTA 1 DEB
1 21374U 75052CU  13292.40782072  .00000622  00000-0  75245-3 0  2510
2 21374 099.5695 087.6158 0267992 042.4662 345.9777 13.56109996106161
0 DELTA 1 DEB
1 21374U 75052CU  13295.36483101  .00000656  00000-0  79023-3 0  2525
2 21374 099.5693 090.4902 0267919 034.9854 022.1311 13.56114103106564
