0 DELTA 1 DEB
1 21499U 75052FU  13279.87561719  .00001160  00000-0  25345-2 0  5478
2 21499 099.6611 264.9774 0164138 289.9740 130.3605 13.26148510 77520
0 DELTA 1 DEB
1 21499U 75052FU  13281.91123556  .00001412  00000-0  30673-2 0  5480
2 21499 099.6618 266.8734 0163633 285.1425 128.6623 13.26156449 77790
0 DELTA 1 DEB
1 21499U 75052FU  13285.89808445  .00001415  00000-0  30673-2 0  5492
2 21499 099.6647 270.5739 0165680 276.5268 081.6431 13.26164882 78327
0 DELTA 1 DEB
1 21499U 75052FU  13285.90980964  .00001290  00000-0  28091-2 0  5505
2 21499 099.6616 270.5947 0163224 275.5490 138.6051 13.26165360 78325
0 DELTA 1 DEB
1 21499U 75052FU  13289.91090058  .00001405  00000-0  30511-2 0  5515
2 21499 099.6659 274.3242 0163547 265.9812 160.7000 13.26178544 78857
0 DELTA 1 DEB
1 21499U 75052FU  13293.46991041  .00001580  00000-0  34210-2 0  5527
2 21499 099.6627 277.6284 0163142 257.3919 232.4479 13.26189717 79322
