0 DELTA 1 DEB
1 02154U 66008E   13282.08815013  .00000719  00000-0  14784-3 0  3015
2 02154 097.8535 213.0708 0052671 292.6492 066.9146 14.62628314521150
0 DELTA 1 DEB
1 02154U 66008E   13284.07206887  .00000763  00000-0  15628-3 0  3027
2 02154 097.8539 214.9585 0052659 286.2032 073.3379 14.62631458521447
0 DELTA 1 DEB
1 02154U 66008E   13285.30346490  .00000613  00000-0  12742-3 0  3038
2 02154 097.8541 216.1302 0052636 282.1959 077.3351 14.62633639521626
0 DELTA 1 DEB
1 02154U 66008E   13286.32962709  .00000652  00000-0  13491-3 0  3044
2 02154 097.8544 217.1067 0052621 278.8492 080.6755 14.62635040521775
0 DELTA 1 DEB
1 02154U 66008E   13287.35578861  .00000757  00000-0  15518-3 0  3059
2 02154 097.8546 218.0831 0052606 275.5134 084.0070 14.62636814521921
0 DELTA 1 DEB
1 02154U 66008E   13288.65559082  .00000958  00000-0  19375-3 0  3066
2 02154 097.8548 219.3200 0052634 271.2884 088.2289 14.62640181522115
0 DELTA 1 DEB
1 02154U 66008E   13289.75016019  .00000886  00000-0  17999-3 0  3077
2 02154 097.8550 220.3617 0052649 267.7329 091.7844 14.62643414522277
0 DELTA 1 DEB
1 02154U 66008E   13290.77631706  .00000921  00000-0  18676-3 0  3081
2 02154 097.8551 221.3383 0052664 264.4029 095.1166 14.62645690522427
0 DELTA 1 DEB
1 02154U 66008E   13292.07611389  .00000932  00000-0  18875-3 0  3095
2 02154 097.8552 222.5754 0052673 260.1737 099.3515 14.62647473522618
0 DELTA 1 DEB
1 02154U 66008E   13293.30749917  .00001014  00000-0  20462-3 0  3100
2 02154 097.8551 223.7475 0052713 256.1639 103.3695 14.62650532522795
0 DELTA 1 DEB
1 02154U 66008E   13294.47047265  .00000958  00000-0  19366-3 0  3114
2 02154 097.8551 224.8546 0052766 252.3844 107.1591 14.62653588522960
0 DELTA 1 DEB
1 02154U 66008E   13295.77026418  .00001026  00000-0  20682-3 0  3126
2 02154 097.8551 226.0917 0052820 248.1653 111.3926 14.62655815523154
