0 SARA
1 21578U 91050E   13283.12756454  .00000671  00000-0  17756-3 0  8508
2 21578 098.4337 260.2824 0003578 046.2882 084.1565 14.51969435172956
0 SARA
1 21578U 91050E   13286.15939081  .00000650  00000-0  17239-3 0  8528
2 21578 098.4339 263.3265 0003423 039.0338 089.7788 14.51973847173395
0 SARA
1 21578U 91050E   13287.18038316  .00000729  00000-0  19195-3 0  8534
2 21578 098.4341 264.3515 0003363 036.3155 026.2089 14.51974928173545
0 SARA
1 21578U 91050E   13288.49906463  .00000984  00000-0  25499-3 0  8544
2 21578 098.4345 265.6754 0003281 032.7886 078.5976 14.51978349173735
0 SARA
1 21578U 91050E   13289.53236863  .00000713  00000-0  18788-3 0  8554
2 21578 098.4347 266.7128 0003203 029.7922 079.6386 14.51980994173887
0 SARA
1 21578U 91050E   13290.77492021  .00000853  00000-0  22243-3 0  8569
2 21578 098.4350 267.9604 0003138 027.0691 093.5424 14.51983091174064
0 SARA
1 21578U 91050E   13292.21178367  .00000875  00000-0  22802-3 0  8570
2 21578 098.4354 269.4031 0003042 023.4376 043.4670 14.51984887174277
0 SARA
1 21578U 91050E   13293.40138541  .00000978  00000-0  25351-3 0  8589
2 21578 098.4356 270.5976 0002961 020.0593 141.4310 14.51987682174448
0 SARA
1 21578U 91050E   13294.82944905  .00001054  00000-0  27232-3 0  8592
2 21578 098.4356 272.0318 0002867 016.0138 045.8239 14.51990919174657
0 SARA
1 21578U 91050E   13296.20873969  .00001023  00000-0  26448-3 0  8603
2 21578 098.4357 273.4171 0002767 012.1781 055.2233 14.51994182174857
