0 NIMBUS 2
1 02173U 66040A   13281.20072332 -.00000049  00000-0 -50630-5 0  4699
2 02173 100.3898 352.0331 0055483 028.9011 345.2185 13.33436413306296
0 NIMBUS 2
1 02173U 66040A   13283.47596839 -.00000046  00000-0 -24459-6 0  4703
2 02173 100.3899 354.3367 0055433 023.5521 107.2339 13.33436337306598
0 NIMBUS 2
1 02173U 66040A   13285.80263012 -.00000026  00000-0  40408-4 0  4714
2 02173 100.3897 356.6925 0055379 018.0906 116.0602 13.33436070306906
0 NIMBUS 2
1 02173U 66040A   13288.03997573 -.00000007  00000-0  79508-4 0  4721
2 02173 100.3892 358.9578 0055325 012.7923 056.1822 13.33436126307205
0 NIMBUS 2
1 02173U 66040A   13290.06409264 -.00000017  00000-0  58717-4 0  4733
2 02173 100.3887 001.0073 0055286 008.0287 052.6932 13.33436433307475
0 NIMBUS 2
1 02173U 66040A   13292.16330802 -.00000000  00000-0  93445-4 0  4747
2 02173 100.3882 003.1326 0055237 003.0837 049.7125 13.33436710307756
0 NIMBUS 2
1 02173U 66040A   13294.18181399 -.00000022  00000-0  49043-4 0  4756
2 02173 100.3880 005.1760 0055182 358.2928 019.3338 13.33436901308025
