0 COSMOS 2173
1 21796U 91081A   13281.97743977  .00000037  00000-0  22448-4 0  3664
2 21796 082.9593 000.5030 0048247 326.2803 096.9061 13.75356154 97603
0 COSMOS 2173
1 21796U 91081A   13283.35595957  .00000040  00000-0  26312-4 0  3670
2 21796 082.9592 359.4834 0048160 322.3662 082.4110 13.75356189 97797
0 COSMOS 2173
1 21796U 91081A   13284.37475498  .00000056  00000-0  42478-4 0  3689
2 21796 082.9592 358.7299 0048128 319.4471 086.8289 13.75356229 97939
0 COSMOS 2173
1 21796U 91081A   13285.39394440  .00000063  00000-0  50081-4 0  3697
2 21796 082.9591 357.9762 0048092 316.5307 093.1944 13.75356190 98072
0 COSMOS 2173
1 21796U 91081A   13286.41094887  .00000076  00000-0  63498-4 0  3705
2 21796 082.9588 357.2240 0048021 313.6270 088.7350 13.75356159 98213
0 COSMOS 2173
1 21796U 91081A   13287.74211326  .00000072  00000-0  59077-4 0  3716
2 21796 082.9585 356.2396 0048020 309.8031 199.8111 13.75356218 98396
0 COSMOS 2173
1 21796U 91081A   13289.10612866  .00000083  00000-0  70668-4 0  3724
2 21796 082.9582 355.2308 0048022 305.8799 113.5513 13.75356441 98582
0 COSMOS 2173
1 21796U 91081A   13290.12489434  .00000073  00000-0  60353-4 0  3731
2 21796 082.9579 354.4772 0047988 302.9650 117.8181 13.75356643 98726
0 COSMOS 2173
1 21796U 91081A   13291.14292110  .00000064  00000-0  51233-4 0  3745
2 21796 082.9577 353.7241 0047979 300.0442 118.4351 13.75356869 98866
0 COSMOS 2173
1 21796U 91081A   13292.16051152  .00000058  00000-0  44835-4 0  3751
2 21796 082.9576 352.9714 0047968 297.1205 116.8965 13.75356992 99009
0 COSMOS 2173
1 21796U 91081A   13293.17852345  .00000046  00000-0  32279-4 0  3763
2 21796 082.9575 352.2182 0047938 294.1945 117.4463 13.75357138 99143
0 COSMOS 2173
1 21796U 91081A   13294.34182977  .00000047  00000-0  33647-4 0  3772
2 21796 082.9573 351.3575 0047910 290.8475 117.4071 13.75357352 99309
0 COSMOS 2173
1 21796U 91081A   13295.74258606  .00000044  00000-0  30446-4 0  3782
2 21796 082.9573 350.3212 0047895 286.8149 213.0731 13.75357354 99499
