0 SL-14 DEB
1 21905U 91086F   13280.72657850  .00009116  00000-0  11723-2 0  9987
2 21905 082.5230 005.8583 0971556 095.9303 053.1220 13.27553989998089
0 SL-14 DEB
1 21905U 91086F   13281.70522251  .00016409  00000-0  21132-2 0  9991
2 21905 082.5226 005.1375 0971479 093.3938 050.2873 13.27577914998217
0 SL-14 DEB
1 21905U 91086F   13283.63697089  .00027550  00000-0  35648-2 0    28
2 21905 082.5229 003.7125 0971031 088.3807 282.8612 13.27630904998471
0 SL-14 DEB
1 21905U 91086F   13284.16800749  .00014043  00000-0  18088-2 0    06
2 21905 082.5221 003.3226 0971087 087.0195 300.9559 13.27644585998537
0 SL-14 DEB
1 21905U 91086F   13285.69946287  .00010572  00000-0  13606-2 0    18
2 21905 082.5236 002.1947 0970914 083.0478 060.6725 13.27679037998746
0 SL-14 DEB
1 21905U 91086F   13288.16379689  .00017426  00000-0  22468-2 0    21
2 21905 082.5233 000.3801 0970563 076.6621 319.5330 13.27735629999064
0 SL-14 DEB
1 21905U 91086F   13289.68745331  .00017034  00000-0  21971-2 0    34
2 21905 082.5233 359.2576 0970314 072.7097 042.5058 13.27775865999276
0 SL-14 DEB
1 21905U 91086F   13291.18366032  .00012930  00000-0  16673-2 0    43
2 21905 082.5224 358.1555 0970069 068.8336 354.4722 13.27817701999471
0 SL-14 DEB
1 21905U 91086F   13292.63204575  .00012332  00000-0  15903-2 0    59
2 21905 082.5219 357.0890 0969918 065.0812 078.0382 13.27843429999662
0 SL-14 DEB
1 21905U 91086F   13294.66062997  .00015339  00000-0  19800-2 0    65
2 21905 082.5213 355.5935 0969660 059.8250 055.3056 13.27884108999935
