0 COSMOS 2205 (GLONASS)
1 22058U 92047C   13280.08422532  .00000067  00000-0  00000+0 0  3052
2 22058 063.9546 104.0234 0011139 240.4351 078.2511 02.13102925164909
0 COSMOS 2205 (GLONASS)
1 22058U 92047C   13283.40411391  .00000068  00000-0  00000+0 0  3064
2 22058 063.9557 103.9070 0011126 240.5117 105.0943 02.13103040164978
0 COSMOS 2205 (GLONASS)
1 22058U 92047C   13287.64609778  .00000081  00000-0  00000+0 0  3078
2 22058 063.9559 103.7581 0011105 241.0728 118.8649 02.13103099165066
0 COSMOS 2205 (GLONASS)
1 22058U 92047C   13291.13914347  .00000046  00000-0  00000+0 0  3080
2 22058 063.9581 103.6360 0011103 240.8173 278.8790 02.13103218165140
