0 SL-8 R/B
1 22081U 92053B   13285.84086420  .00000125  00000-0  54846-4 0  4054
2 22081 074.0471 011.2549 0037276 308.8846 186.8446 14.32953136106395
0 SL-8 R/B
1 22081U 92053B   13287.50861039  .00000133  00000-0  57731-4 0  4062
2 22081 074.0469 008.2104 0037319 305.5441 150.0209 14.32953801106634
0 SL-8 R/B
1 22081U 92053B   13288.69829441  .00000162  00000-0  68293-4 0  4072
2 22081 074.0467 006.0385 0037361 303.1387 167.1084 14.32954204106806
0 SL-8 R/B
1 22081U 92053B   13290.14520495  .00000155  00000-0  65684-4 0  4086
2 22081 074.0463 003.3970 0037396 300.2381 071.0979 14.32954808107012
0 SL-8 R/B
1 22081U 92053B   13291.19631955  .00000137  00000-0  59424-4 0  4092
2 22081 074.0462 001.4780 0037412 298.1309 093.3472 14.32955470107160
0 SL-8 R/B
1 22081U 92053B   13292.46520856  .00000135  00000-0  58399-4 0  4100
2 22081 074.0460 359.1614 0037435 295.5840 159.0088 14.32956076107349
0 SL-8 R/B
1 22081U 92053B   13293.73229931  .00000155  00000-0  65772-4 0  4117
2 22081 074.0459 356.8479 0037426 293.0282 215.4095 14.32956410107520
0 SL-8 R/B
1 22081U 92053B   13294.77778098  .00000152  00000-0  64886-4 0  4128
2 22081 074.0458 354.9391 0037425 290.9292 208.6112 14.32956754107678
0 SL-8 R/B
1 22081U 92053B   13296.15894405  .00000147  00000-0  62715-4 0  4137
2 22081 074.0458 352.4174 0037442 288.1430 133.4661 14.32957602107871
