0 NAVSTAR 27 (USA 84)
1 22108U 92058A   13281.43876868 -.00000048  00000-0  00000+0 0  8342
2 22108 056.1930 332.6934 0222592 311.1652 359.5471 02.00556049154386
0 NAVSTAR 27 (USA 84)
1 22108U 92058A   13281.43876868 -.00000048  00000-0  00000+0 0  8353
2 22108 056.1930 332.6934 0222592 311.1652 359.5471 02.00556049154386
0 NAVSTAR 27 (USA 84)
1 22108U 92058A   13282.67770683 -.00000052  00000-0  00000+0 0  8364
2 22108 056.1927 332.6443 0222556 311.2038 174.0433 02.00556185154408
0 NAVSTAR 27 (USA 84)
1 22108U 92058A   13283.68568164 -.00000056  00000-0  00000+0 0  8370
2 22108 056.1925 332.6045 0222610 311.2293 181.7934 02.00556298154426
0 NAVSTAR 27 (USA 84)
1 22108U 92058A   13285.42645791 -.00000059  00000-0  00000+0 0  8380
2 22108 056.1920 332.5358 0222687 311.2707 358.6238 02.00556487154467
0 NAVSTAR 27 (USA 84)
1 22108U 92058A   13286.18647315 -.00000059  00000-0  00000+0 0  8399
2 22108 056.1918 332.5058 0222685 311.2943 187.3455 02.00556567154479
0 NAVSTAR 27 (USA 84)
1 22108U 92058A   13286.60806870 -.00000060  00000-0  00000+0 0  8403
2 22108 056.1917 332.4891 0222732 311.3056 131.7341 02.00556610154488
0 NAVSTAR 27 (USA 84)
1 22108U 92058A   13287.67423602 -.00000060  00000-0  00000+0 0  8410
2 22108 056.1914 332.4471 0222771 311.3360 181.4970 02.00556705154508
0 NAVSTAR 27 (USA 84)
1 22108U 92058A   13289.16351390 -.00000062  00000-0  00000+0 0  8423
2 22108 056.1910 332.3885 0222781 311.3779 176.7436 02.00556838154531
0 NAVSTAR 27 (USA 84)
1 22108U 92058A   13289.48933095 -.00000063  00000-0  00000+0 0  8438
2 22108 056.1909 332.3755 0222940 311.3847 051.9832 02.00556856154543
0 NAVSTAR 27 (USA 84)
1 22108U 92058A   13290.49068515 -.00000065  00000-0  00000+0 0  8440
2 22108 056.1906 332.3361 0223006 311.4134 054.9529 02.00556922154569
0 NAVSTAR 27 (USA 84)
1 22108U 92058A   13292.14366017 -.00000071  00000-0  00000+0 0  8450
2 22108 056.1901 332.2708 0222936 311.4646 168.3867 02.00557105154599
0 NAVSTAR 27 (USA 84)
1 22108U 92058A   13292.67616366 -.00000073  00000-0  00000+0 0  8466
2 22108 056.1899 332.2499 0222947 311.4799 192.8508 02.00557134154601
0 NAVSTAR 27 (USA 84)
1 22108U 92058A   13294.11362705 -.00000077  00000-0  00000+0 0  8477
2 22108 056.1895 332.1932 0222944 311.5206 150.6910 02.00557181154633
0 NAVSTAR 27 (USA 84)
1 22108U 92058A   13294.41594541 -.00000077  00000-0  00000+0 0  8486
2 22108 056.1894 332.1812 0222955 311.5296 008.9629 02.00557183154645
