0 NAVSTAR 28 (USA 85)
1 22231U 92079A   13282.13265535  .00000006  00000-0  00000+0 0  8852
2 22231 055.9054 280.4278 0091497 259.7477 279.5450 02.00564102152978
0 NAVSTAR 28 (USA 85)
1 22231U 92079A   13282.13265535  .00000006  00000-0  00000+0 0  8863
2 22231 055.9054 280.4278 0091497 259.7477 279.5450 02.00564102152978
0 NAVSTAR 28 (USA 85)
1 22231U 92079A   13282.13265535  .00000006  00000-0  00000+0 0  8874
2 22231 055.9054 280.4278 0091497 259.7477 279.5450 02.00564102152978
0 NAVSTAR 28 (USA 85)
1 22231U 92079A   13282.13265535  .00000006  00000-0  00000+0 0  8885
2 22231 055.9054 280.4278 0091497 259.7477 279.5450 02.00564102152978
0 NAVSTAR 28 (USA 85)
1 22231U 92079A   13284.63094731  .00000006  00000-0  00000+0 0  8903
2 22231 055.9037 280.3289 0091423 259.8666 283.3161 02.00564296153023
0 NAVSTAR 28 (USA 85)
1 22231U 92079A   13285.64836343  .00000001  00000-0  00000+0 0  8914
2 22231 055.9031 280.2887 0091399 259.8809 297.9270 02.00564379153047
0 NAVSTAR 28 (USA 85)
1 22231U 92079A   13285.64836343  .00000001  00000-0  00000+0 0  8925
2 22231 055.9031 280.2887 0091399 259.8809 297.9270 02.00564379153047
0 NAVSTAR 28 (USA 85)
1 22231U 92079A   13286.64949828 -.00000007  00000-0  00000+0 0  8937
2 22231 055.9025 280.2491 0091367 259.9212 300.7562 02.00564445153068
0 NAVSTAR 28 (USA 85)
1 22231U 92079A   13286.64949828 -.00000007  00000-0  00000+0 0  8948
2 22231 055.9025 280.2491 0091367 259.9212 300.7562 02.00564445153068
0 NAVSTAR 28 (USA 85)
1 22231U 92079A   13287.66660839 -.00000017  00000-0  00000+0 0  8955
2 22231 055.9018 280.2089 0091336 259.9672 315.1152 02.00564506153084
0 NAVSTAR 28 (USA 85)
1 22231U 92079A   13288.14703079 -.00000023  00000-0  00000+0 0  8961
2 22231 055.9015 280.1899 0091327 259.9833 301.9885 02.00564534153096
0 NAVSTAR 28 (USA 85)
1 22231U 92079A   13288.14703079 -.00000023  00000-0  00000+0 0  8972
2 22231 055.9015 280.1899 0091327 259.9833 301.9885 02.00564534153096
0 NAVSTAR 28 (USA 85)
1 22231U 92079A   13288.57997340 -.00000027  00000-0  00000+0 0  8980
2 22231 055.9012 280.1728 0091311 260.0052 254.5732 02.00564558153105
0 NAVSTAR 28 (USA 85)
1 22231U 92079A   13289.09354874 -.00000033  00000-0  00000+0 0  8995
2 22231 055.9009 280.1525 0091304 260.0351 265.3711 02.00564585153118
0 NAVSTAR 28 (USA 85)
1 22231U 92079A   13289.09354874 -.00000033  00000-0  00000+0 0  9008
2 22231 055.9009 280.1525 0091304 260.0351 265.3711 02.00564585153118
0 NAVSTAR 28 (USA 85)
1 22231U 92079A   13289.63589918 -.00000038  00000-0  00000+0 0  9013
2 22231 055.9006 280.1310 0091282 260.0571 296.9540 02.00564606153121
0 NAVSTAR 28 (USA 85)
1 22231U 92079A   13290.10533847 -.00000043  00000-0  00000+0 0  9024
2 22231 055.9003 280.1125 0091276 260.1002 275.8706 02.00564630153133
0 NAVSTAR 28 (USA 85)
1 22231U 92079A   13290.10533847 -.00000043  00000-0  00000+0 0  9035
2 22231 055.9003 280.1125 0091276 260.1002 275.8706 02.00564630153133
0 NAVSTAR 28 (USA 85)
1 22231U 92079A   13290.10533847 -.00000043  00000-0  00000+0 0  9046
2 22231 055.9003 280.1125 0091276 260.1002 275.8706 02.00564630153133
0 NAVSTAR 28 (USA 85)
1 22231U 92079A   13291.65930184 -.00000051  00000-0  00000+0 0  9052
2 22231 055.8993 280.0511 0091240 260.1754 317.8379 02.00564675153168
0 NAVSTAR 28 (USA 85)
1 22231U 92079A   13292.12688000 -.00000051  00000-0  00000+0 0  9063
2 22231 055.8991 280.0326 0091224 260.2009 295.4284 02.00564685153174
0 NAVSTAR 28 (USA 85)
1 22231U 92079A   13292.12688000 -.00000051  00000-0  00000+0 0  9074
2 22231 055.8991 280.0326 0091224 260.2009 295.4284 02.00564685153174
0 NAVSTAR 28 (USA 85)
1 22231U 92079A   13292.12688000 -.00000051  00000-0  00000+0 0  9085
2 22231 055.8991 280.0326 0091224 260.2009 295.4284 02.00564685153174
0 NAVSTAR 28 (USA 85)
1 22231U 92079A   13293.64766397 -.00000048  00000-0  00000+0 0  9096
2 22231 055.8982 279.9724 0091176 260.2889 313.4267 02.00564701153200
0 NAVSTAR 28 (USA 85)
1 22231U 92079A   13293.64766397 -.00000048  00000-0  00000+0 0  9108
2 22231 055.8982 279.9724 0091176 260.2889 313.4267 02.00564701153200
0 NAVSTAR 28 (USA 85)
1 22231U 92079A   13294.62931683 -.00000042  00000-0  00000+0 0  9114
2 22231 055.8977 279.9336 0091151 260.3336 302.1874 02.00564692153224
0 NAVSTAR 28 (USA 85)
1 22231U 92079A   13295.10437630 -.00000039  00000-0  00000+0 0  9128
2 22231 055.8974 279.9148 0091134 260.3650 285.1742 02.00564688153232
0 NAVSTAR 28 (USA 85)
1 22231U 92079A   13295.10437630 -.00000039  00000-0  00000+0 0  9139
2 22231 055.8974 279.9148 0091134 260.3650 285.1742 02.00564688153232
0 NAVSTAR 28 (USA 85)
1 22231U 92079A   13295.64403455 -.00000035  00000-0  00000+0 0  9143
2 22231 055.8971 279.8935 0091123 260.3932 314.8081 02.00564678153249
0 NAVSTAR 28 (USA 85)
1 22231U 92079A   13295.64403455 -.00000035  00000-0  00000+0 0  9154
2 22231 055.8971 279.8935 0091123 260.3932 314.8081 02.00564678153249
0 NAVSTAR 28 (USA 85)
1 22231U 92079A   13295.64403455 -.00000035  00000-0  00000+0 0  9165
2 22231 055.8971 279.8935 0091123 260.3932 314.8081 02.00564678153249
0 NAVSTAR 28 (USA 85)
1 22231U 92079A   13295.64403455 -.00000035  00000-0  00000+0 0  9176
2 22231 055.8971 279.8935 0091123 260.3932 314.8081 02.00564678153249
0 NAVSTAR 28 (USA 85)
1 22231U 92079A   13295.64403455 -.00000035  00000-0  00000+0 0  9187
2 22231 055.8971 279.8935 0091123 260.3932 314.8081 02.00564678153249
