0 SL-16 DEB
1 22356U 92093AV  13283.18374391  .00005189  00000-0  18901-2 0  5714
2 22356 070.6939 344.8760 0062238 129.3384 264.3892 14.32499491 69473
0 SL-16 DEB
1 22356U 92093AV  13286.27240101  .00003802  00000-0  13901-2 0  5735
2 22356 070.6943 338.0965 0061763 124.5603 352.8311 14.32524079 69912
0 SL-16 DEB
1 22356U 92093AV  13287.80895953  .00005781  00000-0  21029-2 0  5745
2 22356 070.6940 334.7239 0061564 122.1591 357.1160 14.32536498 70139
0 SL-16 DEB
1 22356U 92093AV  13289.19349748  .00006359  00000-0  23108-2 0  5758
2 22356 070.6937 331.6849 0061387 119.9719 297.5056 14.32553602 70336
0 SL-16 DEB
1 22356U 92093AV  13290.54032031  .00006249  00000-0  22708-2 0  5767
2 22356 070.6934 328.7282 0061189 117.8413 043.4591 14.32565446 70521
0 SL-16 DEB
1 22356U 92093AV  13292.19789277  .00004391  00000-0  16014-2 0  5771
2 22356 070.6929 325.0894 0061000 115.1929 312.1509 14.32581857 70764
0 SL-16 DEB
1 22356U 92093AV  13293.25744801  .00005211  00000-0  18966-2 0  5784
2 22356 070.6928 322.7631 0060919 113.4926 016.7139 14.32589977 70916
0 SL-16 DEB
1 22356U 92093AV  13294.51835719  .00006598  00000-0  23954-2 0  5796
2 22356 070.6930 319.9947 0060806 111.4584 039.7953 14.32599348 71092
0 SL-16 DEB
1 22356U 92093AV  13296.18804046  .00006069  00000-0  22045-2 0  5805
2 22356 070.6933 316.3287 0060642 108.7570 011.1936 14.32618600 71330
