0 SL-12 R/B(2)
1 22517U 93010F   13282.68278152  .00000029  00000-0  00000+0 0  8837
2 22517 064.1373 228.7952 0017481 224.3339 312.1178 02.13410035160880
0 SL-12 R/B(2)
1 22517U 93010F   13285.73299130 -.00000007  00000-0  00000+0 0  8843
2 22517 064.1372 228.6877 0017829 224.8225 135.0379 02.13410119160955
0 SL-12 R/B(2)
1 22517U 93010F   13286.98305387 -.00000025  00000-0  00000+0 0  8854
2 22517 064.1363 228.6459 0017481 224.2129 016.0332 02.13410179160977
0 SL-12 R/B(2)
1 22517U 93010F   13289.36261097 -.00000040  00000-0  00000+0 0  8866
2 22517 064.1358 228.5633 0017443 224.1595 044.2441 02.13410204161028
0 SL-12 R/B(2)
1 22517U 93010F   13293.07201132 -.00000013  00000-0  00000+0 0  8874
2 22517 064.1351 228.4347 0017385 224.1393 014.1108 02.13410183161104
0 SL-12 R/B(2)
1 22517U 93010F   13295.43772391 -.00000000  00000-0  00000+0 0  8883
2 22517 064.1345 228.3527 0017345 224.1183 031.6549 02.13410125161153
