0 SL-18 R/B
1 22562U 93014B   13281.86287348  .00000207  00000-0  75894-4 0   611
2 22562 075.7610 135.2177 0166750 132.0177 005.5230 14.28384911 70000
0 SL-18 R/B
1 22562U 93014B   13283.19351642  .00000188  00000-0  69271-4 0   629
2 22562 075.7608 133.0592 0166753 128.9367 007.9521 14.28385951 70196
0 SL-18 R/B
1 22562U 93014B   13286.13574317  .00000200  00000-0  73639-4 0   642
2 22562 075.7604 128.2864 0166721 122.1278 017.4727 14.28387270 70619
0 SL-18 R/B
1 22562U 93014B   13287.81472624  .00000258  00000-0  93360-4 0   653
2 22562 075.7603 125.5627 0166693 118.2461 011.1458 14.28388420 70859
0 SL-18 R/B
1 22562U 93014B   13289.14628108  .00000221  00000-0  80678-4 0   660
2 22562 075.7603 123.4025 0166696 115.1682 018.2733 14.28389707 71047
0 SL-18 R/B
1 22562U 93014B   13290.46801968  .00000214  00000-0  78133-4 0   670
2 22562 075.7604 121.2583 0166702 112.1107 334.9316 14.28390379 71233
0 SL-18 R/B
1 22562U 93014B   13291.51502443  .00000213  00000-0  77970-4 0   681
2 22562 075.7606 119.5598 0166694 109.6880 318.8553 14.28390874 71380
0 SL-18 R/B
1 22562U 93014B   13292.70274647  .00000275  00000-0  99196-4 0   698
2 22562 075.7607 117.6330 0166675 106.9388 306.3837 14.28391051 71550
0 SL-18 R/B
1 22562U 93014B   13293.83464171  .00000290  00000-0  10440-3 0   709
2 22562 075.7608 115.7968 0166677 104.3201 006.8379 14.28391572 71714
0 SL-18 R/B
1 22562U 93014B   13295.50570200  .00000263  00000-0  95228-4 0   715
2 22562 075.7608 113.0860 0166690 100.4536 319.7964 14.28392856 71957
