0 SL-14 R/B
1 22693U 93038G   13280.82307307  .00000020  00000-0  62670-4 0  6241
2 22693 082.5900 023.8602 0045406 242.3046 267.9356 12.54794885929910
0 SL-14 R/B
1 22693U 93038G   13282.89341694 -.00000008  00000-0 -10974-3 0  6255
2 22693 082.5902 022.5590 0045492 237.6244 260.2720 12.54795043930174
0 SL-14 R/B
1 22693U 93038G   13287.41807784  .00000023  00000-0  79823-4 0  6271
2 22693 082.5905 019.7159 0045617 227.3515 179.5112 12.54794694930743
0 SL-14 R/B
1 22693U 93038G   13289.49747603  .00000038  00000-0  17126-3 0  6288
2 22693 082.5902 018.4094 0045714 222.7016 212.6986 12.54794610931003
0 SL-14 R/B
1 22693U 93038G   13291.82375389  .00000032  00000-0  13642-3 0  6290
2 22693 082.5898 016.9477 0045802 217.4623 281.1418 12.54794795931294
0 SL-14 R/B
1 22693U 93038G   13294.19772801  .00000012  00000-0  10561-4 0  6301
2 22693 082.5896 015.4559 0045890 212.0884 205.0701 12.54795027931596
