0 BRAZILSAT B1
1 23199U 94049A   13281.97706130  .00000085  00000-0  10000-3 0   479
2 23199 005.8123 059.9711 0007690 069.9656 290.1857 00.99246931 80968
0 BRAZILSAT B1
1 23199U 94049A   13283.99213566  .00000062  00000-0  10000-3 0   485
2 23199 005.8162 059.9510 0007693 070.4464 289.7020 00.99247764 80988
0 BRAZILSAT B1
1 23199U 94049A   13288.02226773 -.00000009  00000-0  10000-3 0   491
2 23199 005.8256 059.9059 0007457 070.3887 289.7434 00.99248530 81023
0 BRAZILSAT B1
1 23199U 94049A   13290.03725231 -.00000051  00000-0  10000-3 0   518
2 23199 005.8284 059.8913 0007652 070.0091 290.1300 00.99250464 81042
0 BRAZILSAT B1
1 23199U 94049A   13290.03729738 -.00000051  00000-0  10000-3 0   503
2 23199 005.8287 059.8901 0006673 074.7900 285.3460 00.99250152 81041
0 BRAZILSAT B1
1 23199U 94049A   13292.05211451 -.00000094  00000-0  10000-3 0   524
2 23199 005.8323 059.8708 0007670 069.9652 290.1237 00.99251254 81067
0 BRAZILSAT B1
1 23199U 94049A   13293.05955841 -.00000115  00000-0  10000-3 0   538
2 23199 005.8346 059.8592 0007455 072.8751 287.1865 00.99251495 81078
0 BRAZILSAT B1
1 23199U 94049A   13295.07450792 -.00000156  00000-0  10000-3 0   543
2 23199 005.8386 059.8385 0007262 074.1026 285.9430 00.99251998 81092
