0 IUS R/B(1)
1 23614U 95035C   13281.01287707  .00001590  00000-0  84254-3 0  2652
2 23614 025.7110 227.0462 7097058 085.6344 358.5787 02.49178058159410
0 IUS R/B(1)
1 23614U 95035C   13282.38496076  .00001525  00000-0  86267-3 0  2669
2 23614 025.7090 226.4689 7096708 086.6005 149.3951 02.49185926159441
0 IUS R/B(1)
1 23614U 95035C   13283.81596332  .00001415  00000-0  84892-3 0  2675
2 23614 025.7073 225.8669 7096348 087.6099 353.1027 02.49191803159481
0 IUS R/B(1)
1 23614U 95035C   13286.24009425  .00001389  00000-0  84469-3 0  2699
2 23614 025.7046 224.8478 7095771 089.3178 007.7813 02.49199632159544
0 IUS R/B(1)
1 23614U 95035C   13287.86081418  .00001675  00000-0  97467-3 0  2702
2 23614 025.7031 224.1667 7095338 090.4591 021.7653 02.49207417159585
0 IUS R/B(1)
1 23614U 95035C   13289.15073183  .00001691  00000-0  95628-3 0  2712
2 23614 025.7022 223.6249 7094987 091.3660 099.0091 02.49213782159611
0 IUS R/B(1)
1 23614U 95035C   13290.25399664  .00001764  00000-0  98403-3 0  2726
2 23614 025.7016 223.1606 7094713 092.1432 008.8257 02.49216612159649
0 IUS R/B(1)
1 23614U 95035C   13291.58483439  .00001905  00000-0  10194-2 0  2735
2 23614 025.7008 222.6018 7094320 093.0775 122.8332 02.49221206159674
0 IUS R/B(1)
1 23614U 95035C   13293.14385748  .00001828  00000-0  98605-3 0  2742
2 23614 025.7000 221.9470 7093888 094.1728 081.5887 02.49227301159711
0 IUS R/B(1)
1 23614U 95035C   13294.26782175  .00001648  00000-0  92591-3 0  2750
2 23614 025.6995 221.4747 7093603 094.9621 010.0295 02.49231771159749
