0 KOREASAT 1
1 23639U 95041A   13283.16013783 -.00000286  00000-0  10000-3 0  3049
2 23639 012.1668 040.9680 0006562 080.3606 279.7157 00.99672104 66499
0 KOREASAT 1
1 23639U 95041A   13285.16664386 -.00000293  00000-0  10000-3 0  3051
2 23639 012.1701 040.9444 0006451 081.3857 278.6914 00.99671461 66518
0 KOREASAT 1
1 23639U 95041A   13285.16664720 -.00000293  00000-0  10000-3 0  3064
2 23639 012.1704 040.9449 0005911 084.2006 275.8712 00.99671457 66514
0 KOREASAT 1
1 23639U 95041A   13292.18937575 -.00000278  00000-0  10000-3 0  3079
2 23639 012.1818 040.8623 0005973 086.8530 273.1803 00.99668968 66583
0 KOREASAT 1
1 23639U 95041A   13293.19263212 -.00000271  00000-0  10000-3 0  3096
2 23639 012.1838 040.8504 0005440 089.5198 270.4985 00.99668579 66592
0 KOREASAT 1
1 23639U 95041A   13293.19264139 -.00000271  00000-0  10000-3 0  3084
2 23639 012.1839 040.8504 0005828 093.6454 266.3852 00.99668645 66595
0 KOREASAT 1
1 23639U 95041A   13294.19592542 -.00000263  00000-0  10000-3 0  3101
2 23639 012.1862 040.8385 0005236 095.6427 264.3806 00.99668250 66604
