0 DELTA 2 R/B(1)
1 23640U 95041B   13281.16799234  .00000146  00000-0  59740-4 0  4838
2 23640 026.6758 281.2331 0289454 248.7580 209.0018 13.27937598883000
0 DELTA 2 R/B(1)
1 23640U 95041B   13283.20063550  .00000132  00000-0  36745-4 0  4846
2 23640 026.6754 271.0828 0289454 265.7545 206.1995 13.27937735883278
0 DELTA 2 R/B(1)
1 23640U 95041B   13285.46493266  .00000140  00000-0  53232-4 0  4857
2 23640 026.6749 259.7757 0289457 284.6906 230.8352 13.27937823883572
0 DELTA 2 R/B(1)
1 23640U 95041B   13288.16380890  .00000173  00000-0  11408-3 0  4860
2 23640 026.6742 246.2986 0289480 307.2515 173.0194 13.27938021883937
0 DELTA 2 R/B(1)
1 23640U 95041B   13290.19506556  .00000160  00000-0  93295-4 0  4877
2 23640 026.6736 236.1552 0289508 324.2383 163.5909 13.27938241884203
0 DELTA 2 R/B(1)
1 23640U 95041B   13292.80809080  .00000172  00000-0  11628-3 0  4888
2 23640 026.6729 223.1057 0289566 346.0995 055.3442 13.27938526884550
0 DELTA 2 R/B(1)
1 23640U 95041B   13294.83815010  .00000141  00000-0  64505-4 0  4893
2 23640 026.6724 212.9675 0289604 003.0631 040.2086 13.27938609884826
