0 MSX DEB
1 23859U 96024C   13283.08100500 -.00000025  00000-0  11770-4 0  7029
2 23859 098.7557 319.2120 0085991 302.6980 108.3105 13.97345174889421
0 MSX DEB
1 23859U 96024C   13284.08376722  .00000029  00000-0  49571-4 0  7035
2 23859 098.7555 320.1679 0085945 299.8965 112.6736 13.97344746889565
0 MSX DEB
1 23859U 96024C   13286.08868109  .00000144  00000-0  12839-3 0  7058
2 23859 098.7550 322.0791 0085907 294.2977 118.3231 13.97344143889841
0 MSX DEB
1 23859U 96024C   13287.09141446  .00000206  00000-0  17160-3 0  7060
2 23859 098.7548 323.0349 0085861 291.5030 122.5319 13.97344009889987
0 MSX DEB
1 23859U 96024C   13288.16306933  .00000277  00000-0  22031-3 0  7075
2 23859 098.7545 324.0564 0085841 288.5164 113.4464 13.97344177890131
0 MSX DEB
1 23859U 96024C   13289.16356550  .00000300  00000-0  23678-3 0  7082
2 23859 098.7544 325.0100 0085846 285.7263 106.4019 13.97344443890270
0 MSX DEB
1 23859U 96024C   13290.16583654  .00000319  00000-0  24936-3 0  7090
2 23859 098.7543 325.9652 0085839 282.9255 108.2923 13.97344883890410
0 MSX DEB
1 23859U 96024C   13291.16892706  .00000323  00000-0  25262-3 0  7102
2 23859 098.7543 326.9211 0085833 280.1223 114.3058 13.97345549890553
0 MSX DEB
1 23859U 96024C   13292.17314822  .00000311  00000-0  24419-3 0  7113
2 23859 098.7543 327.8781 0085817 277.3130 126.0116 13.97346389890695
0 MSX DEB
1 23859U 96024C   13293.17557521  .00000281  00000-0  22356-3 0  7124
2 23859 098.7544 328.8334 0085854 274.5030 128.6992 13.97347400890831
0 MSX DEB
1 23859U 96024C   13294.17764794  .00000229  00000-0  18758-3 0  7131
2 23859 098.7544 329.7883 0085886 271.6989 129.6024 13.97348534890977
0 MSX DEB
1 23859U 96024C   13296.18253052  .00000105  00000-0  10176-3 0  7144
2 23859 098.7545 331.6990 0085980 266.0777 135.1371 13.97350721891257
