0 PALAPA C2
1 23864U 96030A   13280.66848012 -.00000204  00000-0  10000-3 0  8103
2 23864 003.0004 068.7015 0001648 112.7539 226.2039 01.00272418 63699
0 PALAPA C2
1 23864U 96030A   13282.64165087 -.00000210  00000-0  10000-3 0  8115
2 23864 003.0047 068.6878 0001751 111.6367 219.6213 01.00271905 63717
0 PALAPA C2
1 23864U 96030A   13282.72205216  .00000000  00000-0  10000-3 0  8131
2 23864 003.0064 068.6575 0002152 146.8921 213.3297 01.00265792 63723
0 PALAPA C2
1 23864U 96030A   13283.65532042 -.00000213  00000-0  10000-3 0  8120
2 23864 003.0071 068.6801 0001828 109.8882 227.2975 01.00271687 63724
0 PALAPA C2
1 23864U 96030A   13286.53501333 -.00000219  00000-0  10000-3 0  8147
2 23864 003.0133 068.6560 0001937 117.2562 179.4732 01.00271099 63753
0 PALAPA C2
1 23864U 96030A   13286.79575159 -.00000220  00000-0  10000-3 0  8155
2 23864 003.0139 068.6592 0002116 131.5112 259.3303 01.00271015 63765
0 PALAPA C2
1 23864U 96030A   13288.41966416 -.00000220  00000-0  10000-3 0  8167
2 23864 003.0175 068.6453 0002178 132.1851 124.8729 01.00270688 63770
0 PALAPA C2
1 23864U 96030A   13289.82603897 -.00000218  00000-0  10000-3 0  8172
2 23864 003.0204 068.6343 0002312 139.7661 264.9737 01.00270414 63797
0 PALAPA C2
1 23864U 96030A   13291.22382347 -.00000216  00000-0  10000-3 0  8182
2 23864 003.0232 068.6275 0002327 140.1484 049.1707 01.00270151 63807
0 PALAPA C2
1 23864U 96030A   13293.66435241 -.00000211  00000-0  10000-3 0  8190
2 23864 003.0298 068.6133 0002035 141.0938 209.2595 01.00273335 63825
0 PALAPA C2
1 23864U 96030A   13294.66674712 -.00000210  00000-0  10000-3 0  8200
2 23864 003.0319 068.6026 0002047 140.9401 211.2775 01.00273041 63834
