0 SL-14 DEB
1 25187U 87068N   13282.60691207  .00003369  00000-0  18005-2 0  5497
2 25187 082.5550 237.2508 0018207 068.0355 058.0510 14.12876562800034
0 SL-14 DEB
1 25187U 87068N   13283.65516532  .00003878  00000-0  20736-2 0  5501
2 25187 082.5548 236.3784 0018343 065.4423 349.3549 14.12883338800188
0 SL-14 DEB
1 25187U 87068N   13286.62950304  .00003711  00000-0  19830-2 0  5521
2 25187 082.5547 233.9026 0018587 057.7274 357.0197 14.12901272800607
0 SL-14 DEB
1 25187U 87068N   13288.27794868  .00004968  00000-0  26566-2 0  5535
2 25187 082.5557 232.5302 0018696 053.9063 100.7512 14.12915447800833
0 SL-14 DEB
1 25187U 87068N   13289.60339292  .00005039  00000-0  26941-2 0  5547
2 25187 082.5559 231.4270 0018764 050.2546 002.3941 14.12924700801026
0 SL-14 DEB
1 25187U 87068N   13291.32380204  .00004419  00000-0  23612-2 0  5552
2 25187 082.5562 229.9953 0018850 045.8848 112.6584 14.12939699801268
0 SL-14 DEB
1 25187U 87068N   13292.86111706  .00004283  00000-0  22875-2 0  5561
2 25187 082.5566 228.7160 0018838 041.8095 011.9229 14.12952447801482
0 SL-14 DEB
1 25187U 87068N   13294.56052863  .00005131  00000-0  27415-2 0  5577
2 25187 082.5564 227.3019 0018815 037.2072 015.8408 14.12964391801727
0 SL-14 DEB
1 25187U 87068N   13295.83535917  .00004707  00000-0  25137-2 0  5582
2 25187 082.5564 226.2410 0018771 033.6738 020.2903 14.12975437801903
