0 SL-14 DEB
1 25203U 87068AE  13281.86654652  .00000726  00000-0  33031-3 0  3439
2 25203 082.2708 321.2716 0101588 065.6375 347.9737 14.17893114807080
0 SL-14 DEB
1 25203U 87068AE  13283.91333207  .00000943  00000-0  43140-3 0  3441
2 25203 082.2704 319.4883 0101470 059.6431 355.5892 14.17897012807376
0 SL-14 DEB
1 25203U 87068AE  13286.10143192  .00000975  00000-0  44640-3 0  3459
2 25203 082.2700 317.5821 0101355 053.2350 004.5552 14.17899451807682
0 SL-14 DEB
1 25203U 87068AE  13288.51250194  .00001334  00000-0  61335-3 0  3468
2 25203 082.2696 315.4811 0101239 046.1825 071.6685 14.17905228808022
0 SL-14 DEB
1 25203U 87068AE  13290.55905929  .00001018  00000-0  46648-3 0  3478
2 25203 082.2695 313.6975 0101111 040.1883 078.2001 14.17911038808312
0 SL-14 DEB
1 25203U 87068AE  13292.81722404  .00001062  00000-0  48680-3 0  3482
2 25203 082.2697 311.7297 0100950 033.5420 084.9516 14.17914698808638
0 SL-14 DEB
1 25203U 87068AE  13295.50549929  .00001287  00000-0  59182-3 0  3499
2 25203 082.2697 309.3866 0100772 025.6315 127.2365 14.17918973809016
