0 SL-3 DEB
1 25255U 81043D   13282.34983683  .00000321  00000-0  18084-3 0  8006
2 25255 081.2807 335.2315 0051395 003.2705 119.3183 14.07603510870074
0 SL-3 DEB
1 25255U 81043D   13284.18737156  .00000338  00000-0  19075-3 0  8012
2 25255 081.2804 333.4573 0051275 358.1300 070.7502 14.07604457870332
0 SL-3 DEB
1 25255U 81043D   13285.46571940  .00000332  00000-0  18708-3 0  8028
2 25255 081.2803 332.2231 0051192 354.5364 068.6082 14.07605134870519
0 SL-3 DEB
1 25255U 81043D   13287.32433553  .00000325  00000-0  18339-3 0  8035
2 25255 081.2799 330.4286 0051068 349.2856 126.9296 14.07606398870778
0 SL-3 DEB
1 25255U 81043D   13288.60460900  .00000325  00000-0  18330-3 0  8045
2 25255 081.2797 329.1923 0050987 345.6873 134.5523 14.07607451870956
0 SL-3 DEB
1 25255U 81043D   13289.87225686  .00000298  00000-0  16733-3 0  8050
2 25255 081.2796 327.9682 0050889 342.1175 078.2084 14.07608408871131
0 SL-3 DEB
1 25255U 81043D   13291.15205588  .00000274  00000-0  15353-3 0  8065
2 25255 081.2796 326.7322 0050803 338.5033 083.4529 14.07609365871312
0 SL-3 DEB
1 25255U 81043D   13292.85785780  .00000274  00000-0  15359-3 0  8077
2 25255 081.2797 325.0846 0050668 333.6962 087.4191 14.07610306871554
0 SL-3 DEB
1 25255U 81043D   13294.13600355  .00000258  00000-0  14435-3 0  8081
2 25255 081.2797 323.8502 0050560 330.0807 084.3008 14.07611143871732
0 SL-3 DEB
1 25255U 81043D   13295.49974552  .00000267  00000-0  14943-3 0  8099
2 25255 081.2797 322.5330 0050424 326.2210 154.9405 14.07611814871922
