0 COSMOS 2355
1 25366U 98036D   13281.11880488 -.00000033  00000-0 -31754-3 0  1657
2 25366 082.5921 204.8540 0352707 233.3207 216.2175 12.21739649682989
0 COSMOS 2355
1 25366U 98036D   13283.73284472 -.00000009  00000-0 -13301-3 0  1660
2 25366 082.5920 203.3076 0352808 227.8094 193.4602 12.21739215683307
0 COSMOS 2355
1 25366U 98036D   13285.77863045 -.00000018  00000-0 -19915-3 0  1673
2 25366 082.5923 202.0973 0352771 223.5013 191.3617 12.21739289683556
0 COSMOS 2355
1 25366U 98036D   13287.82872850  .00000001  00000-0 -56023-4 0  1689
2 25366 082.5920 200.8845 0352968 219.1718 208.2415 12.21738997683805
0 COSMOS 2355
1 25366U 98036D   13290.30442530  .00000007  00000-0 -13569-4 0  1699
2 25366 082.5919 199.4200 0353064 213.9558 297.0050 12.21738933684108
0 COSMOS 2355
1 25366U 98036D   13292.34904574 -.00000012  00000-0 -15951-3 0  1701
2 25366 082.5917 198.2105 0353131 209.6452 289.7813 12.21739086684359
0 COSMOS 2355
1 25366U 98036D   13294.38616596 -.00000025  00000-0 -26399-3 0  1714
2 25366 082.5914 197.0055 0353187 205.3513 249.5699 12.21739111684602
