0 TUBSAT
1 25757U 99029B   13282.43121216  .00000056  00000-0  25750-4 0  5272
2 25757 098.5170 165.9564 0015049 095.9140 264.3762 14.51062910761138
0 TUBSAT
1 25757U 99029B   13282.70703324  .00000059  00000-0  26481-4 0  5284
2 25757 098.5169 166.2358 0015055 094.9595 265.3322 14.51063014761174
0 TUBSAT
1 25757U 99029B   13283.12076436  .00000063  00000-0  27739-4 0  5291
2 25757 098.5170 166.6548 0015054 093.8147 266.4773 14.51063163761235
0 TUBSAT
1 25757U 99029B   13283.46554070  .00000049  00000-0  24090-4 0  5306
2 25757 098.5168 167.0037 0015043 092.7488 267.5426 14.51063038761287
0 TUBSAT
1 25757U 99029B   13283.74136162  .00000046  00000-0  23348-4 0  5307
2 25757 098.5168 167.2829 0015048 091.9320 268.3595 14.51063049761322
0 TUBSAT
1 25757U 99029B   13284.08613773  .00000054  00000-0  25265-4 0  5313
2 25757 098.5169 167.6321 0015062 090.7520 269.5399 14.51063178761372
0 TUBSAT
1 25757U 99029B   13284.43091374  .00000050  00000-0  24364-4 0  5325
2 25757 098.5166 167.9810 0015067 089.9876 270.3051 14.51063232761426
0 TUBSAT
1 25757U 99029B   13285.53419650  .00000035  00000-0  20529-4 0  5353
2 25757 098.5167 169.0987 0015060 086.6165 273.6740 14.51063317761585
0 TUBSAT
1 25757U 99029B   13285.74106215  .00000035  00000-0  20669-4 0  5362
2 25757 098.5167 169.3080 0015054 086.0240 274.2671 14.51063362761617
0 TUBSAT
1 25757U 99029B   13286.08583814  .00000035  00000-0  20436-4 0  5377
2 25757 098.5167 169.6569 0015048 085.0886 275.2029 14.51063412761669
0 TUBSAT
1 25757U 99029B   13286.29270363  .00000029  00000-0  18919-4 0  5389
2 25757 098.5170 169.8668 0015057 084.4941 275.7966 14.51063372761693
0 TUBSAT
1 25757U 99029B   13286.70643466  .00000036  00000-0  20767-4 0  5396
2 25757 098.5169 170.2859 0015054 083.1426 277.1486 14.51063547761754
0 TUBSAT
1 25757U 99029B   13287.12016555  .00000055  00000-0  25618-4 0  5409
2 25757 098.5171 170.7053 0015064 081.5044 278.7860 14.51063798761815
0 TUBSAT
1 25757U 99029B   13287.46494138  .00000042  00000-0  22279-4 0  5410
2 25757 098.5169 171.0539 0015051 080.7207 279.5688 14.51063715761864
0 TUBSAT
1 25757U 99029B   13287.80971712  .00000047  00000-0  23470-4 0  5426
2 25757 098.5169 171.4030 0015044 079.6212 280.6683 14.51063846761918
0 TUBSAT
1 25757U 99029B   13288.15449275  .00000051  00000-0  24591-4 0  5430
2 25757 098.5172 171.7526 0015063 078.5699 281.7191 14.51063958761968
0 TUBSAT
1 25757U 99029B   13288.49926841  .00000032  00000-0  19844-4 0  5441
2 25757 098.5175 172.1023 0015061 077.7650 282.5222 14.51063810762012
0 TUBSAT
1 25757U 99029B   13288.84404430  .00000032  00000-0  19895-4 0  5452
2 25757 098.5174 172.4512 0015070 076.6089 283.6782 14.51063866762060
0 TUBSAT
1 25757U 99029B   13289.11986484  .00000046  00000-0  23426-4 0  5468
2 25757 098.5177 172.7309 0015097 075.8396 284.4483 14.51064063762103
0 TUBSAT
1 25757U 99029B   13289.25777494  .00000041  00000-0  22159-4 0  5470
2 25757 098.5177 172.8705 0015077 075.4601 284.8261 14.51064020762120
0 TUBSAT
1 25757U 99029B   13289.74046089  .00000039  00000-0  21569-4 0  5485
2 25757 098.5173 173.3590 0015070 074.1374 286.1480 14.51064078762198
0 TUBSAT
1 25757U 99029B   13290.15419166  .00000044  00000-0  22922-4 0  5493
2 25757 098.5174 173.7781 0015083 072.8657 287.4188 14.51064191762250
0 TUBSAT
1 25757U 99029B   13290.29210189  .00000043  00000-0  22626-4 0  5504
2 25757 098.5174 173.9178 0015090 072.5345 287.7499 14.51064214762277
0 TUBSAT
1 25757U 99029B   13290.63687723  .00000056  00000-0  25864-4 0  5516
2 25757 098.5175 174.2670 0015062 071.6742 288.6106 14.51064467762320
0 TUBSAT
1 25757U 99029B   13290.84374220  .00000050  00000-0  24226-4 0  5520
2 25757 098.5175 174.4766 0015053 071.0811 289.2010 14.51064441762355
0 TUBSAT
1 25757U 99029B   13291.18851774  .00000055  00000-0  25705-4 0  5531
2 25757 098.5177 174.8260 0015065 070.0898 290.1923 14.51064573762403
0 TUBSAT
1 25757U 99029B   13291.39538295  .00000048  00000-0  23888-4 0  5547
2 25757 098.5175 175.0351 0015087 069.4180 290.8625 14.51064548762436
0 TUBSAT
1 25757U 99029B   13291.80911308  .00000062  00000-0  27330-4 0  5556
2 25757 098.5171 175.4540 0015052 068.2870 291.9921 14.51064811762491
0 TUBSAT
1 25757U 99029B   13292.08493348  .00000069  00000-0  29165-4 0  5562
2 25757 098.5172 175.7334 0015069 067.3820 292.8968 14.51064939762536
0 TUBSAT
1 25757U 99029B   13292.42970861  .00000062  00000-0  27488-4 0  5570
2 25757 098.5174 176.0825 0015017 066.9983 293.2788 14.51064926762581
0 TUBSAT
1 25757U 99029B   13292.70552885  .00000073  00000-0  30194-4 0  5584
2 25757 098.5173 176.3625 0014972 066.4413 293.8371 14.51065140762621
0 TUBSAT
1 25757U 99029B   13293.11925883  .00000090  00000-0  34429-4 0  5597
2 25757 098.5173 176.7820 0014996 065.0987 295.1780 14.51065441762688
0 TUBSAT
1 25757U 99029B   13293.46403382  .00000088  00000-0  33909-4 0  5601
2 25757 098.5169 177.1305 0015001 064.1017 296.1728 14.51065540762737
0 TUBSAT
1 25757U 99029B   13293.73985382  .00000094  00000-0  35330-4 0  5614
2 25757 098.5168 177.4097 0015005 063.1234 297.1498 14.51065696762772
0 TUBSAT
1 25757U 99029B   13294.15358382  .00000104  00000-0  38045-4 0  5624
2 25757 098.5166 177.8283 0015024 061.7950 298.4761 14.51065925762830
0 TUBSAT
1 25757U 99029B   13294.49835876  .00000104  00000-0  37871-4 0  5636
2 25757 098.5168 178.1775 0014991 061.2171 299.0531 14.51066020762888
0 TUBSAT
1 25757U 99029B   13294.63626870  .00000106  00000-0  38577-4 0  5641
2 25757 098.5167 178.3172 0014997 060.7247 299.5447 14.51066104762901
0 TUBSAT
1 25757U 99029B   13295.11895362  .00000123  00000-0  42681-4 0  5650
2 25757 098.5169 178.8065 0015035 059.2103 301.0577 14.51066417762974
0 TUBSAT
1 25757U 99029B   13295.46372857  .00000123  00000-0  42679-4 0  5665
2 25757 098.5169 179.1557 0014979 058.3295 301.9366 14.51066493763028
0 TUBSAT
1 25757U 99029B   13295.73954836  .00000120  00000-0  41990-4 0  5671
2 25757 098.5170 179.4349 0014980 057.5206 302.7432 14.51066548763065
0 TUBSAT
1 25757U 99029B   13296.08432326  .00000124  00000-0  43126-4 0  5683
2 25757 098.5170 179.7840 0014988 056.5086 303.7540 14.51066706763110
