0 GLOBALSTAR M025
1 25770U 99031A   13284.14602931 -.00000059  00000-0  25528-3 0  2350
2 25770 051.9854 323.7117 0001040 156.1475 238.2205 11.22527836660183
0 GLOBALSTAR M025
1 25770U 99031A   13288.15521404 -.00000075  00000-0 -22321-3 0  2368
2 25770 051.9850 314.4251 0000809 163.7738 238.8585 11.22527988660638
0 GLOBALSTAR M025
1 25770U 99031A   13292.17290395 -.00000063  00000-0  14072-3 0  2378
2 25770 051.9847 305.1182 0000710 168.5956 276.6891 11.22527700661082
0 GLOBALSTAR M025
1 25770U 99031A   13296.18345082 -.00000079  00000-0 -35988-3 0  2385
2 25770 051.9848 295.8281 0000569 173.2919 285.7633 11.22527753661535
