0 SL-16 DEB
1 25864U 99039E   13282.13561167  .00000389  00000-0  12924-3 0  2412
2 25864 098.6273 232.5281 0176781 187.0096 296.1818 14.34956919744355
0 SL-16 DEB
1 25864U 99039E   13284.14746828  .00000414  00000-0  13664-3 0  2426
2 25864 098.6277 234.5395 0176894 181.0604 249.1145 14.34958672744642
0 SL-16 DEB
1 25864U 99039E   13286.86484323  .00000428  00000-0  14062-3 0  2435
2 25864 098.6284 237.2560 0177015 173.0240 246.6666 14.34960698745032
0 SL-16 DEB
1 25864U 99039E   13288.88882194  .00000511  00000-0  16481-3 0  2448
2 25864 098.6290 239.2795 0177129 167.0457 262.2451 14.34964129745321
0 SL-16 DEB
1 25864U 99039E   13291.11968875  .00000506  00000-0  16330-3 0  2457
2 25864 098.6296 241.5099 0177242 160.4641 266.5961 14.34966220745640
0 SL-16 DEB
1 25864U 99039E   13293.14244368  .00000578  00000-0  18432-3 0  2461
2 25864 098.6298 243.5324 0177361 154.4957 275.8851 14.34967590745934
0 SL-16 DEB
1 25864U 99039E   13295.45301880  .00000581  00000-0  18516-3 0  2478
2 25864 098.6300 245.8430 0177465 147.6866 332.0219 14.34970588746261
