0 CZ-1 DEB
1 25882U 70034D   13278.67624109  .00001960  00000-0  23352-3 0  7100
2 25882 068.3836 032.7113 0810057 292.8069 122.5962 13.64050455699267
0 CZ-1 DEB
1 25882U 70034D   13280.73167948  .00002295  00000-0  27118-3 0  7110
2 25882 068.3842 028.1698 0810031 290.8188 136.0189 13.64057618699543
0 CZ-1 DEB
1 25882U 70034D   13283.66362449  .00003529  00000-0  40938-3 0  7125
2 25882 068.3842 021.6857 0810014 287.9941 133.7440 13.64079507699942
0 CZ-1 DEB
1 25882U 70034D   13286.90055736  .00003960  00000-0  45764-3 0  7135
2 25882 068.3856 014.5322 0809943 284.8636 189.4162 13.64097678700380
0 CZ-1 DEB
1 25882U 70034D   13289.60246824  .00005142  00000-0  58943-3 0  7143
2 25882 068.3851 008.5570 0809995 282.2634 137.9412 13.64121914700758
0 CZ-1 DEB
1 25882U 70034D   13292.60993237  .00005165  00000-0  59210-3 0  7158
2 25882 068.3845 001.9069 0809852 279.3578 147.2715 13.64149072701168
