0 SL-14 DEB
1 26018U 91068AD  13283.31078792  .00000004  00000-0 -39683-4 0  6709
2 26018 082.7153 232.0830 0017718 284.4086 232.7774 12.45319325  5427
0 SL-14 DEB
1 26018U 91068AD  13285.31982796 -.00000010  00000-0 -14283-3 0  6716
2 26018 082.7158 230.8638 0017726 279.7137 239.8734 12.45319424  5678
0 SL-14 DEB
1 26018U 91068AD  13288.29291802  .00000016  00000-0  41083-4 0  6721
2 26018 082.7165 229.0591 0017712 272.9183 248.9280 12.45319077  6048
0 SL-14 DEB
1 26018U 91068AD  13290.30021544  .00000033  00000-0  16312-3 0  6736
2 26018 082.7167 227.8411 0017717 268.2516 248.1872 12.45318891  6299
0 SL-14 DEB
1 26018U 91068AD  13293.27267606  .00000041  00000-0  21935-3 0  6743
2 26018 082.7167 226.0377 0017713 261.3058 254.5680 12.45318994  6665
0 SL-14 DEB
1 26018U 91068AD  13295.59382071  .00000019  00000-0  59815-4 0  6759
2 26018 082.7169 224.6298 0017767 255.9025 220.8943 12.45319237  6945
