0 CZ-4 DEB
1 26142U 99057AE  13280.33795620  .00000483  00000-0  33026-3 0  2113
2 26142 098.7469 048.1200 0312253 143.6523 274.4305 13.82590596682925
0 CZ-4 DEB
1 26142U 99057AE  13282.95987515  .00000579  00000-0  39118-3 0  2124
2 26142 098.7472 050.5595 0312262 136.5705 004.5623 13.82596217683298
0 CZ-4 DEB
1 26142U 99057AE  13285.33112490  .00000495  00000-0  33741-3 0  2135
2 26142 098.7477 052.7659 0312278 130.1627 287.0806 13.82599167683623
0 CZ-4 DEB
1 26142U 99057AE  13288.58903015  .00000678  00000-0  45366-3 0  2146
2 26142 098.7486 055.7974 0312297 121.3605 302.8311 13.82604157684078
0 CZ-4 DEB
1 26142U 99057AE  13291.33063997  .00000581  00000-0  39173-3 0  2152
2 26142 098.7488 058.3491 0312224 113.9537 268.8433 13.82608470684454
0 CZ-4 DEB
1 26142U 99057AE  13294.16424166  .00000588  00000-0  39665-3 0  2169
2 26142 098.7486 060.9863 0312193 106.2990 332.7759 13.82612454684849
