0 CZ-4 DEB
1 26181U 99057BT  13282.51151130  .00000592  00000-0  13999-3 0  5571
2 26181 098.6165 231.7106 0014980 347.5179 075.9935 14.57916851721244
0 CZ-4 DEB
1 26181U 99057BT  13283.53966366  .00000576  00000-0  13631-3 0  5585
2 26181 098.6167 232.7752 0014902 344.1732 072.4332 14.57917881721399
0 CZ-4 DEB
1 26181U 99057BT  13286.83453503  .00000663  00000-0  15527-3 0  5601
2 26181 098.6175 236.1868 0014716 333.5222 086.1240 14.57921514721874
0 CZ-4 DEB
1 26181U 99057BT  13287.86412259  .00000744  00000-0  17291-3 0  5619
2 26181 098.6178 237.2528 0014648 330.1256 090.1657 14.57924307722024
0 CZ-4 DEB
1 26181U 99057BT  13289.31897630  .00000679  00000-0  15891-3 0  5623
2 26181 098.6183 238.7593 0014564 325.3330 166.3307 14.57927607722231
0 CZ-4 DEB
1 26181U 99057BT  13290.68963316  .00000765  00000-0  17753-3 0  5636
2 26181 098.6186 240.1788 0014501 320.9444 160.4569 14.57929856722430
0 CZ-4 DEB
1 26181U 99057BT  13291.77652229  .00000823  00000-0  19015-3 0  5644
2 26181 098.6188 241.3044 0014463 317.2656 105.3883 14.57931021722592
0 CZ-4 DEB
1 26181U 99057BT  13292.87520191  .00000890  00000-0  20472-3 0  5652
2 26181 098.6188 242.4425 0014404 313.8425 111.9149 14.57932905722756
0 CZ-4 DEB
1 26181U 99057BT  13294.11037333  .00000862  00000-0  19855-3 0  5665
2 26181 098.6189 243.7219 0014346 309.6892 115.1458 14.57935849722937
0 CZ-4 DEB
1 26181U 99057BT  13295.42457016  .00000903  00000-0  20757-3 0  5674
2 26181 098.6189 245.0832 0014317 305.3261 173.1245 14.57938714723128
