0 OV1-10 R/B
1 02621U 66111C   13281.31394061  .00000633  00000-0  83471-4 0  1427
2 02621 093.4108 032.3157 0062562 208.7147 151.0625 14.79212136509324
0 OV1-10 R/B
1 02621U 66111C   13282.39631995  .00000719  00000-0  94694-4 0  1431
2 02621 093.4110 032.7759 0062712 204.9367 154.8821 14.79216454509481
0 OV1-10 R/B
1 02621U 66111C   13283.41104828  .00000716  00000-0  94249-4 0  1449
2 02621 093.4112 033.2073 0062853 201.3470 158.5128 14.79217971509633
0 OV1-10 R/B
1 02621U 66111C   13284.42577610  .00000753  00000-0  99106-4 0  1453
2 02621 093.4114 033.6388 0062989 197.7477 162.1544 14.79219608509781
0 OV1-10 R/B
1 02621U 66111C   13285.77874442  .00000707  00000-0  93069-4 0  1467
2 02621 093.4117 034.2140 0063202 192.9914 166.9682 14.79221330509981
0 OV1-10 R/B
1 02621U 66111C   13286.79346884  .00000853  00000-0  11203-3 0  1476
2 02621 093.4119 034.6456 0063347 189.4307 170.5730 14.79222267510138
0 OV1-10 R/B
1 02621U 66111C   13288.14643405  .00001188  00000-0  15565-3 0  1484
2 02621 093.4119 035.2211 0063501 184.7366 175.3262 14.79226819510331
0 OV1-10 R/B
1 02621U 66111C   13289.16115629  .00000952  00000-0  12493-3 0  1495
2 02621 093.4119 035.6527 0063656 181.2191 178.8886 14.79229542510486
0 OV1-10 R/B
1 02621U 66111C   13290.71705939  .00000962  00000-0  12612-3 0  1503
2 02621 093.4119 036.3146 0063861 175.8364 184.3403 14.79232639510714
0 OV1-10 R/B
1 02621U 66111C   13291.79942439  .00001034  00000-0  13548-3 0  1511
2 02621 093.4118 036.7751 0063988 172.0952 188.1294 14.79234054510871
0 OV1-10 R/B
1 02621U 66111C   13292.81414096  .00001075  00000-0  14079-3 0  1524
2 02621 093.4117 037.2068 0064120 168.5481 191.7217 14.79236001511020
0 OV1-10 R/B
1 02621U 66111C   13293.89650381  .00001021  00000-0  13366-3 0  1532
2 02621 093.4117 037.6673 0064259 164.8067 195.5104 14.79238934511189
0 OV1-10 R/B
1 02621U 66111C   13295.18180611  .00001066  00000-0  13954-3 0  1543
2 02621 093.4117 038.2139 0064417 160.3810 199.9911 14.79241388511378
