0 CZ-4 DEB
1 26229U 99057DT  13282.14351299  .00500154  00000-0  10801-1 0  3924
2 26229 098.3571 223.1907 0022853 102.9138 257.4661 15.42364705729303
0 CZ-4 DEB
1 26229U 99057DT  13282.79215926  .00402229  00000-0  86314-2 0  3939
2 26229 098.3569 223.9336 0022399 100.9013 259.4754 15.42934374729400
0 CZ-4 DEB
1 26229U 99057DT  13283.50541264  .00469635  00000-0  98097-2 0  3942
2 26229 098.3560 224.7522 0022668 101.0685 259.3110 15.43480361729513
0 CZ-4 DEB
1 26229U 99057DT  13283.63506479  .00468768  00000-0  97824-2 0  3959
2 26229 098.3561 224.9012 0022796 100.6577 259.7237 15.43508810729533
0 CZ-4 DEB
1 26229U 99057DT  13283.76472315  .00409307  00000-0  89974-2 0  3944
2 26229 098.3566 225.0475 0022386 094.9198 265.5134 15.43710593729558
0 CZ-4 DEB
1 26229U 99057DT  13284.15361574  .00436579  00000-0  90238-2 0  3960
2 26229 098.3555 225.4963 0022744 101.4281 258.9521 15.43915289729619
0 CZ-4 DEB
1 26229U 99057DT  13285.51424414  .00387691  00000-0  78142-2 0  3997
2 26229 098.3553 227.0593 0022506 099.9332 260.4455 15.44846727729826
0 CZ-4 DEB
1 26229U 99057DT  13285.83808417  .00389116  00000-0  77896-2 0  4003
2 26229 098.3552 227.4315 0022427 099.4026 260.9756 15.45044338729871
0 CZ-4 DEB
1 26229U 99057DT  13286.16187954  .00392739  00000-0  78008-2 0  4018
2 26229 098.3556 227.8036 0022294 100.6514 259.7244 15.45264371729923
0 CZ-4 DEB
1 26229U 99057DT  13286.80934847  .00359188  00000-0  70728-2 0  4023
2 26229 098.3547 228.5483 0022906 098.3367 262.0477 15.45628417730029
0 CZ-4 DEB
1 26229U 99057DT  13287.13302948  .00318659  00000-0  62711-2 0  4033
2 26229 098.3551 228.9213 0022568 098.5251 261.8554 15.45801447730071
0 CZ-4 DEB
1 26229U 99057DT  13287.78025943  .00448415  00000-0  85593-2 0  4049
2 26229 098.3558 229.6670 0022012 098.1781 262.1963 15.46232848730174
0 CZ-4 DEB
1 26229U 99057DT  13288.16848716  .00555935  00000-0  10344-1 0  4051
2 26229 098.3556 230.1140 0021628 098.2709 262.0991 15.46594671730236
0 CZ-4 DEB
1 26229U 99057DT  13288.49194796  .00500028  00000-0  92804-2 0  4065
2 26229 098.3553 230.4864 0021628 096.9645 263.4063 15.46871579730288
0 CZ-4 DEB
1 26229U 99057DT  13288.81535325  .00449151  00000-0  83173-2 0  4077
2 26229 098.3554 230.8593 0021838 096.4899 263.8835 15.47117457730337
0 CZ-4 DEB
1 26229U 99057DT  13289.46201255  .00453654  00000-0  82538-2 0  4089
2 26229 098.3556 231.6059 0021666 095.9286 264.4432 15.47616435730439
0 CZ-4 DEB
1 26229U 99057DT  13289.72061850  .00476153  00000-0  85950-2 0  4094
2 26229 098.3553 231.9045 0021589 095.6960 264.6749 15.47765558730472
0 CZ-4 DEB
1 26229U 99057DT  13290.10847581  .00444721  00000-0  79790-2 0  4104
2 26229 098.3560 232.3529 0021286 095.6720 264.6955 15.48060396730535
0 CZ-4 DEB
1 26229U 99057DT  13290.49619154  .00448163  00000-0  83358-2 0  4119
2 26229 098.3539 232.7986 0021146 086.3526 274.0672 15.48602748730598
0 CZ-4 DEB
1 26229U 99057DT  13290.49626681  .00479933  00000-0  84898-2 0  4111
2 26229 098.3557 232.8004 0021520 095.1710 265.1994 15.48337156730595
0 CZ-4 DEB
1 26229U 99057DT  13290.75475027  .00475441  00000-0  83558-2 0  4129
2 26229 098.3554 233.0991 0021393 094.9366 265.4325 15.48543180730634
0 CZ-4 DEB
1 26229U 99057DT  13291.46541432  .00406729  00000-0  70795-2 0  4135
2 26229 098.3561 233.9209 0021222 094.3899 265.9774 15.49068750730740
0 CZ-4 DEB
1 26229U 99057DT  13291.78836607  .00418108  00000-0  72128-2 0  4148
2 26229 098.3556 234.2948 0021337 093.7252 266.6437 15.49281689730798
0 CZ-4 DEB
1 26229U 99057DT  13292.11126884  .00389793  00000-0  66921-2 0  4157
2 26229 098.3560 234.6685 0021028 093.9919 266.3734 15.49525790730841
0 CZ-4 DEB
1 26229U 99057DT  13293.14424696  .00388165  00000-0  64976-2 0  4164
2 26229 098.3552 235.8647 0021244 092.6828 267.6852 15.50247151731006
0 CZ-4 DEB
1 26229U 99057DT  13293.46695486  .00410156  00000-0  67891-2 0  4172
2 26229 098.3554 236.2387 0021030 092.5877 267.7780 15.50492988731056
0 CZ-4 DEB
1 26229U 99057DT  13293.78961343  .00416301  00000-0  68377-2 0  4184
2 26229 098.3548 236.6131 0021276 091.5790 268.7896 15.50685324731108
0 CZ-4 DEB
1 26229U 99057DT  13294.82179588  .00495978  00000-0  78570-2 0  4196
2 26229 098.3551 237.8101 0020750 090.9041 269.4585 15.51440246731263
0 CZ-4 DEB
1 26229U 99057DT  13295.07976297  .00430747  00000-0  68324-2 0  4207
2 26229 098.3545 238.1100 0021009 090.7146 269.6511 15.51624880731305
0 CZ-4 DEB
1 26229U 99057DT  13295.40218271  .00479489  00000-0  74914-2 0  4214
2 26229 098.3548 238.4850 0020793 090.3998 269.9634 15.51885602731358
0 CZ-4 DEB
1 26229U 99057DT  13295.78901034  .00487597  00000-0  75384-2 0  4223
2 26229 098.3546 238.9344 0020612 090.0211 270.3401 15.52156288731411
