0 CZ-4 DEB
1 26231U 99057DV  13281.47818613  .00002497  00000-0  27686-3 0  4435
2 26231 098.7571 124.3828 0055625 238.0772 186.2963 14.87277305732239
0 CZ-4 DEB
1 26231U 99057DV  13283.29286951  .00004513  00000-0  49371-3 0  4448
2 26231 098.7570 126.3832 0055669 232.1861 182.6055 14.87292610732505
0 CZ-4 DEB
1 26231U 99057DV  13285.50838883  .00004506  00000-0  49288-3 0  4451
2 26231 098.7570 128.8257 0055641 224.8533 165.3525 14.87306227732833
0 CZ-4 DEB
1 26231U 99057DV  13287.52660285  .00004312  00000-0  47173-3 0  4461
2 26231 098.7566 131.0510 0055708 218.3638 171.5680 14.87323639733135
0 CZ-4 DEB
1 26231U 99057DV  13289.83123777  .00005585  00000-0  60820-3 0  4475
2 26231 098.7554 133.5921 0055859 211.0049 271.5139 14.87346128733473
0 CZ-4 DEB
1 26231U 99057DV  13291.84934001  .00005017  00000-0  54687-3 0  4484
2 26231 098.7547 135.8171 0055930 204.3641 277.5682 14.87360374733771
0 CZ-4 DEB
1 26231U 99057DV  13293.86847372  .00005943  00000-0  64602-3 0  4499
2 26231 098.7550 138.0435 0056001 197.7499 289.2304 14.87376664734073
