0 SIMSAT 2
1 26366U 00026B   13282.66327139  .00001551  00000-0  80428-4 0  2625
2 26366 086.3541 214.5287 0005120 278.4288 147.3748 15.15345822739580
0 SIMSAT 2
1 26366U 00026B   13283.99521845  .00001843  00000-0  95902-4 0  2630
2 26366 086.3544 213.8883 0005160 270.7507 216.2156 15.15350169739781
0 SIMSAT 2
1 26366U 00026B   13286.37480954  .00001150  00000-0  59074-4 0  2653
2 26366 086.3548 212.7442 0005297 257.9674 241.4725 15.15361419740141
0 SIMSAT 2
1 26366U 00026B   13287.61421288  .00001299  00000-0  66953-4 0  2665
2 26366 086.3548 212.1485 0005395 251.6442 164.5088 15.15367086740339
0 SIMSAT 2
1 26366U 00026B   13288.73728015  .00001278  00000-0  65873-4 0  2675
2 26366 086.3548 211.6088 0005508 246.0857 172.5948 15.15371713740501
0 SIMSAT 2
1 26366U 00026B   13289.79255502  .00001229  00000-0  63269-4 0  2682
2 26366 086.3547 211.1017 0005643 240.9975 170.6495 15.15375882740665
0 SIMSAT 2
1 26366U 00026B   13290.99518157  .00001355  00000-0  69909-4 0  2692
2 26366 086.3546 210.5238 0005799 235.1747 252.7666 15.15377453740845
0 SIMSAT 2
1 26366U 00026B   13292.43432172  .00001610  00000-0  83434-4 0  2700
2 26366 086.3545 209.8322 0006023 228.2365 185.4045 15.15379158741061
0 SIMSAT 2
1 26366U 00026B   13293.82214956  .00002016  00000-0  10498-3 0  2713
2 26366 086.3544 209.1652 0006262 221.8393 197.7801 15.15381513741271
0 SIMSAT 2
1 26366U 00026B   13294.95715691  .00002228  00000-0  11619-3 0  2722
2 26366 086.3545 208.6196 0006473 216.7096 270.6027 15.15384195741445
0 SIMSAT 2
1 26366U 00026B   13296.14265404  .00002189  00000-0  11412-3 0  2735
2 26366 086.3546 208.0498 0006690 211.6428 258.6204 15.15390151741621
