0 EXPRESS 3A
1 26378U 00031A   13281.74004637 -.00000257  00000-0  10000-3 0  8196
2 26378 004.6363 063.3907 0006665 092.3764 267.8160 00.98770225 48453
0 EXPRESS 3A
1 26378U 00031A   13282.75242773  .00000000  00000-0  10000-3 0  8211
2 26378 004.6400 063.3747 0006716 099.0174 261.1662 00.98765151 48460
0 EXPRESS 3A
1 26378U 00031A   13285.78973203 -.00000179  00000-0  10000-3 0  8214
2 26378 004.6446 063.3524 0006657 093.9095 266.2838 00.98768284 48496
0 EXPRESS 3A
1 26378U 00031A   13286.80218076 -.00000149  00000-0  10000-3 0  8226
2 26378 004.6468 063.3428 0006603 098.5888 261.6071 00.98767764 48507
0 EXPRESS 3A
1 26378U 00031A   13288.82703031 -.00000085  00000-0  10000-3 0  8230
2 26378 004.6523 063.3224 0006866 097.5263 262.6508 00.98766096 48525
0 EXPRESS 3A
1 26378U 00031A   13289.83946406 -.00000054  00000-0  10000-3 0  8244
2 26378 004.6529 063.3142 0006595 100.0033 260.1767 00.98766410 48535
0 EXPRESS 3A
1 26378U 00031A   13291.86418788  .00000001  00000-0  10000-3 0  8259
2 26378 004.6571 063.2949 0006595 101.5089 258.6059 00.98765856 48554
0 EXPRESS 3A
1 26378U 00031A   13293.88896539  .00000036  00000-0  10000-3 0  8266
2 26378 004.6615 063.2747 0006561 105.7187 254.3481 00.98765724 48575
