0 CZ-4 DEB
1 26423U 99057JU  13280.91152956  .00005117  00000-0  90892-3 0  8623
2 26423 097.9852 312.6305 0079398 185.1125 297.4186 14.65543957715883
0 CZ-4 DEB
1 26423U 99057JU  13281.93530273  .00009187  00000-0  16234-2 0  8637
2 26423 097.9856 313.6255 0079459 181.9217 298.7695 14.65557072716036
0 CZ-4 DEB
1 26423U 99057JU  13283.35687650  .00008587  00000-0  15171-2 0  8640
2 26423 097.9859 315.0071 0079533 177.4609 239.0223 14.65578261716240
0 CZ-4 DEB
1 26423U 99057JU  13285.89591613  .00006717  00000-0  11881-2 0  8663
2 26423 097.9860 317.4753 0079689 169.5416 315.2289 14.65605983716617
0 CZ-4 DEB
1 26423U 99057JU  13287.03875851  .00006105  00000-0  10802-2 0  8674
2 26423 097.9857 318.5863 0079737 165.9734 225.0558 14.65619690716778
0 CZ-4 DEB
1 26423U 99057JU  13288.06739138  .00012020  00000-0  21158-2 0  8685
2 26423 097.9854 319.5863 0079754 162.7491 252.3593 14.65636142716931
0 CZ-4 DEB
1 26423U 99057JU  13289.36497924  .00009642  00000-0  16985-2 0  8692
2 26423 097.9849 320.8477 0079786 158.7193 258.7984 14.65657949717124
0 CZ-4 DEB
1 26423U 99057JU  13290.60765412  .00009579  00000-0  16867-2 0  8701
2 26423 097.9843 322.0556 0079833 154.8420 335.5984 14.65677590717301
0 CZ-4 DEB
1 26423U 99057JU  13291.90360266  .00007644  00000-0  13475-2 0  8717
2 26423 097.9839 323.3153 0079868 150.8135 333.5713 14.65693925717498
0 CZ-4 DEB
1 26423U 99057JU  13293.61088205  .00008621  00000-0  15175-2 0  8723
2 26423 097.9836 324.9746 0079915 145.5088 342.0127 14.65717063717743
0 CZ-4 DEB
1 26423U 99057JU  13294.90702696  .00009089  00000-0  15987-2 0  8734
2 26423 097.9837 326.2343 0079940 141.4687 341.2169 14.65731477717933
