0 DM-F3
1 26476U 00048A   13282.50845299  .00007344  43535-6  12380-3 0  5970
2 26476 027.4584 090.1341 5881340 001.4517 007.6694 04.32035232199636
0 DM-F3
1 26476U 00048A   13282.74600405  .00007276  45511-6  12286-3 0  5980
2 26476 027.4586 089.9344 5881317 001.7828 017.1406 04.32037297199640
0 DM-F3
1 26476U 00048A   13283.66039941  .00006982  00000-0  10797-3 0  6003
2 26476 027.4390 089.1604 5882057 003.0694 359.3499 04.32051105199683
0 DM-F3
1 26476U 00048A   13283.66731813  .00007833  45932-6  13203-3 0  5997
2 26476 027.4594 089.1588 5881155 003.0672 010.1137 04.32049648199684
0 DM-F3
1 26476U 00048A   13285.76455734  .00007078  98276-7  11690-3 0  6007
2 26476 027.4616 087.3943 5880676 005.9887 032.2277 04.32078863199771
0 DM-F3
1 26476U 00048A   13286.67612050  .00007406 -13000-6  11986-3 0  6010
2 26476 027.4617 086.6270 5880602 007.2576 010.1671 04.32088719199815
0 DM-F3
1 26476U 00048A   13287.60095420  .00007436 -33354-6  11870-3 0  6020
2 26476 027.4623 085.8487 5880456 008.5452 008.7833 04.32102059199858
0 DM-F3
1 26476U 00048A   13288.52656339  .00007676 -46805-6  12244-3 0  6032
2 26476 027.4636 085.0703 5880240 009.8337 008.6531 04.32115414199899
0 DM-F3
1 26476U 00048A   13291.52737236  .00006786 -29494-6  11786-3 0  6049
2 26476 027.4825 082.5272 5878901 014.0574 356.9634 04.32155368200027
0 DM-F3
1 26476U 00048A   13291.53441150  .00007220 -29352-6  11958-3 0  6056
2 26476 027.4674 082.5424 5879820 014.0196 007.9202 04.32154944200022
0 DM-F3
1 26476U 00048A   13292.45837549  .00007359 -10590-6  12410-3 0  6061
2 26476 027.4676 081.7648 5879803 015.3033 005.4082 04.32165749200066
0 DM-F3
1 26476U 00048A   13292.70310242  .00007672 -52338-7  12998-3 0  6072
2 26476 027.4657 081.5561 5879791 015.6494 026.1566 04.32169222200075
0 DM-F3
1 26476U 00048A   13293.26309456  .00007570  71931-7  12885-3 0  6081
2 26476 027.4648 081.0847 5879884 016.4266 177.4057 04.32176203200090
0 DM-F3
1 26476U 00048A   13293.62230841  .00007751  15072-6  13270-3 0  6096
2 26476 027.4649 080.7825 5879868 016.9278 016.2878 04.32181198200116
0 DM-F3
1 26476U 00048A   13294.79731022  .00007438  38600-6  13010-3 0  6100
2 26476 027.4652 079.7933 5879754 018.5639 044.4532 04.32199222200163
0 DM-F3
1 26476U 00048A   13295.46640431  .00007634  49413-6  13433-3 0  6110
2 26476 027.4653 079.2297 5879717 019.4960 005.5202 04.32207391200190
0 DM-F3
1 26476U 00048A   13295.70501319  .00007681  52675-6  13538-3 0  6121
2 26476 027.4653 079.0289 5879704 019.8282 016.7855 04.32210105200203
