0 NIMBUS 2 DEB
1 26962U 66040M   13283.09406458  .00001330  00000-0  23795-2 0  2622
2 26962 100.3106 337.7956 0057872 210.0305 179.0075 13.43300078604444
0 NIMBUS 2 DEB
1 26962U 66040M   13285.85688851  .00001322  00000-0  23667-2 0  2648
2 26962 100.3106 340.6199 0058083 203.9697 219.1477 13.43306987604814
0 NIMBUS 2 DEB
1 26962U 66040M   13287.11586654  .00001432  00000-0  25557-2 0  2650
2 26962 100.3104 341.9071 0058151 201.2186 187.1805 13.43310673604989
0 NIMBUS 2 DEB
1 26962U 66040M   13288.47473148  .00001659  00000-0  29475-2 0  2668
2 26962 100.3102 343.2962 0058205 198.2311 278.2739 13.43316044605163
0 NIMBUS 2 DEB
1 26962U 66040M   13289.80476564  .00001519  00000-0  27045-2 0  2678
2 26962 100.3100 344.6559 0058230 195.3110 229.9667 13.43320563605345
0 NIMBUS 2 DEB
1 26962U 66040M   13291.00757096  .00001485  00000-0  26460-2 0  2688
2 26962 100.3099 345.8854 0058246 192.6564 286.4500 13.43324241605502
0 NIMBUS 2 DEB
1 26962U 66040M   13292.10685984  .00001568  00000-0  27901-2 0  2690
2 26962 100.3100 347.0093 0058245 190.2486 202.3473 13.43327424605658
0 NIMBUS 2 DEB
1 26962U 66040M   13293.39298698  .00001582  00000-0  28143-2 0  2701
2 26962 100.3101 348.3239 0058236 187.4313 301.7681 13.43331699605825
0 NIMBUS 2 DEB
1 26962U 66040M   13294.86647368  .00001633  00000-0  29006-2 0  2713
2 26962 100.3104 349.8300 0058202 184.2337 227.2099 13.43337071606025
0 NIMBUS 2 DEB
1 26962U 66040M   13296.13339007  .00001655  00000-0  29400-2 0  2726
2 26962 100.3106 351.1251 0058142 181.5109 233.7186 13.43341494606199
