0 MIDAS 5 (STRONGBACK)
1 00271U 62010A   13282.51563762  .00000003  00000-0  00000+0 0  3176
2 00271 086.6499 269.6959 0328322 320.4584 212.9016 09.41308322770025
0 MIDAS 5 (STRONGBACK)
1 00271U 62010A   13286.93403352  .00000003  00000-0  00000+0 0  3185
2 00271 086.6506 269.0507 0328242 315.0297 065.5697 09.41308248770449
0 MIDAS 5 (STRONGBACK)
1 00271U 62010A   13291.43868257  .00000003  00000-0  00000+0 0  3196
2 00271 086.6515 268.3928 0328161 309.4937 210.5246 09.41308215770868
0 MIDAS 5 (STRONGBACK)
1 00271U 62010A   13295.86271836  .00000003  00000-0  00000+0 0  3200
2 00271 086.6525 267.7468 0328086 304.0530 082.3045 09.41308294771283
