0 PSLV DEB
1 27136U 01049CG  13282.49722388  .00001965  00000-0  24792-3 0   766
2 27136 097.7850 239.4881 0049034 115.6660 022.9218 14.82220953654316
0 PSLV DEB
1 27136U 01049CG  13283.50970708  .00001883  00000-0  23776-3 0   771
2 27136 097.7852 240.4731 0049071 112.4613 025.4127 14.82225342654468
0 PSLV DEB
1 27136U 01049CG  13285.86353675  .00002167  00000-0  27261-3 0   791
2 27136 097.7846 242.7632 0049071 104.8119 345.4536 14.82231516654810
0 PSLV DEB
1 27136U 01049CG  13287.15198334  .00003085  00000-0  38520-3 0   806
2 27136 097.7848 244.0168 0049097 100.7563 020.5136 14.82233725655000
0 PSLV DEB
1 27136U 01049CG  13288.16545051  .00004222  00000-0  52457-3 0   810
2 27136 097.7852 245.0028 0049105 097.5738 028.3026 14.82243053655153
0 PSLV DEB
1 27136U 01049CG  13289.17785332  .00003578  00000-0  44542-3 0   820
2 27136 097.7857 245.9877 0049107 094.3843 030.4526 14.82251017655308
0 PSLV DEB
1 27136U 01049CG  13290.46435566  .00003070  00000-0  38310-3 0   839
2 27136 097.7863 247.2394 0049051 090.3146 055.2414 14.82259679655497
0 PSLV DEB
1 27136U 01049CG  13291.52921218  .00003191  00000-0  39797-3 0   846
2 27136 097.7866 248.2756 0049045 086.9516 337.3579 14.82263253655655
0 PSLV DEB
1 27136U 01049CG  13292.87754990  .00003777  00000-0  46964-3 0   851
2 27136 097.7869 249.5875 0049049 082.7363 332.1227 14.82269491655857
0 PSLV DEB
1 27136U 01049CG  13294.17379389  .00003890  00000-0  48350-3 0   869
2 27136 097.7873 250.8489 0049023 078.6491 048.9777 14.82277844656041
0 PSLV DEB
1 27136U 01049CG  13295.18395637  .00003653  00000-0  45431-3 0   870
2 27136 097.7875 251.8321 0048979 075.4282 039.3418 14.82284631656195
0 PSLV DEB
1 27136U 01049CG  13296.19836229  .00003878  00000-0  48189-3 0   882
2 27136 097.7875 252.8196 0048944 072.2193 052.3517 14.82290628656349
