0 GRACE 1
1 27391U 02012A   13281.93909564  .00008842  00000-0  18983-3 0  5032
2 27391 089.0194 151.4066 0015598 076.5018 051.3956 15.44423629647278
0 GRACE 1
1 27391U 02012A   13283.60079648  .00014512  00000-0  31311-3 0    35
2 27391 089.0197 151.1806 0015426 069.8423 290.5013 15.44447837647509
0 GRACE 1
1 27391U 02012A   13283.74351478  .00007806  00000-0  16736-3 0  5042
2 27391 089.0195 151.1630 0015425 070.6620 002.6359 15.44454385647556
0 GRACE 1
1 27391U 02012A   13286.14889087  .00007231  00000-0  15484-3 0  5064
2 27391 089.0196 150.8380 0015191 062.9146 054.9680 15.44482933647920
0 GRACE 1
1 27391U 02012A   13287.43334647  .00007509  00000-0  16077-3 0  5072
2 27391 089.0193 150.6644 0015017 058.8473 355.7547 15.44496759648120
0 GRACE 1
1 27391U 02012A   13288.80817278  .00009390  00000-0  20106-3 0  5089
2 27391 089.0188 150.4785 0014809 054.3104 079.2263 15.44523361648334
0 GRACE 1
1 27391U 02012A   13289.96038319  .00009144  00000-0  19569-3 0  5097
2 27391 089.0183 150.3226 0014663 050.4485 005.1939 15.44539538648516
0 GRACE 1
1 27391U 02012A   13291.13787838  .00008290  00000-0  17725-3 0  5101
2 27391 089.0178 150.1634 0014470 046.4124 071.8975 15.44559168648692
0 GRACE 1
1 27391U 02012A   13292.17562565  .00007268  00000-0  15525-3 0  5115
2 27391 089.0175 150.0231 0014284 042.9178 081.6267 15.44574364648850
0 GRACE 1
1 27391U 02012A   13293.39419623  .00008844  00000-0  18900-3 0  5128
2 27391 089.0172 149.8583 0014056 038.8196 016.7791 15.44588149649043
0 GRACE 1
1 27391U 02012A   13294.76799961  .00009595  00000-0  20497-3 0  5135
2 27391 089.0172 149.6723 0013795 033.9779 095.3110 15.44610011649254
0 GRACE 1
1 27391U 02012A   13295.86906787  .00009684  00000-0  20680-3 0  5147
2 27391 089.0173 149.5233 0013585 030.0458 097.5270 15.44624942649427
