0 INTELSAT 903
1 27403U 02016A   13282.27194351 -.00000251  00000-0  00000+0 0  9384
2 27403 000.0098 265.4417 0003126 306.9482 229.0835 01.00272749 42296
0 INTELSAT 903
1 27403U 02016A   13286.08910344 -.00000262  00000-0  00000+0 0  9400
2 27403 000.0072 264.6804 0002699 293.7746 180.9528 01.00271245 42338
0 INTELSAT 903
1 27403U 02016A   13288.77796936 -.00000263  00000-0  00000+0 0  9419
2 27403 000.0016 262.0815 0002696 296.3670 071.5912 01.00270476 42351
0 INTELSAT 903
1 27403U 02016A   13295.38531089 -.00000251  00000-0  00000+0 0  9428
2 27403 000.0134 336.7329 0003086 230.3553 288.1177 01.00271672 42429
