0 IRIDIUM 97
1 27450U 02031A   13282.26026449  .00000271  00000-0  89583-4 0  8900
2 27450 086.3999 161.9237 0001203 027.6406 332.4853 14.34216625597175
0 IRIDIUM 97
1 27450U 02031A   13282.26026449  .00000271  00000-0  89583-4 0  8911
2 27450 086.3999 161.9237 0001203 027.6406 332.4853 14.34216625597175
0 IRIDIUM 97
1 27450U 02031A   13283.23702457  .00000272  00000-0  90200-4 0  8929
2 27450 086.3997 161.5160 0001072 026.3811 333.7440 14.34216893597313
0 IRIDIUM 97
1 27450U 02031A   13284.07424715  .00000301  00000-0  10057-3 0  8935
2 27450 086.3996 161.1665 0000978 024.7716 335.3526 14.34217070597432
0 IRIDIUM 97
1 27450U 02031A   13285.05100662  .00000275  00000-0  91137-4 0  8946
2 27450 086.3995 160.7587 0000854 022.5049 337.6184 14.34217483597575
0 IRIDIUM 97
1 27450U 02031A   13286.09753445  .00000285  00000-0  94559-4 0  8957
2 27450 086.3992 160.3219 0000740 019.5993 340.5231 14.34217965597726
0 IRIDIUM 97
1 27450U 02031A   13286.23707140  .00000284  00000-0  94285-4 0  8960
2 27450 086.3992 160.2636 0000724 019.3862 340.7361 14.34217948597742
0 IRIDIUM 97
1 27450U 02031A   13287.21383045  .00000308  00000-0  10276-3 0  8978
2 27450 086.3991 159.8559 0000619 017.6057 342.5160 14.34218464597885
0 IRIDIUM 97
1 27450U 02031A   13288.19058918  .00000383  00000-0  12960-3 0  8980
2 27450 086.3989 159.4482 0000501 016.0647 344.0564 14.34219402598026
0 IRIDIUM 97
1 27450U 02031A   13289.23711566  .00000295  00000-0  98198-4 0  8992
2 27450 086.3986 159.0113 0000365 012.0161 348.1043 14.34220445598177
0 IRIDIUM 97
1 27450U 02031A   13289.23711566  .00000295  00000-0  98198-4 0  9005
2 27450 086.3986 159.0113 0000365 012.0161 348.1043 14.34220445598177
0 IRIDIUM 97
1 27450U 02031A   13290.49294667  .00000306  00000-0  10214-3 0  9019
2 27450 086.3984 158.4870 0000218 008.2948 351.8252 14.34221106598353
0 IRIDIUM 97
1 27450U 02031A   13291.46970360  .00000298  00000-0  99406-4 0  9020
2 27450 086.3983 158.0791 0000100 358.0500 002.0696 14.34221675598493
0 IRIDIUM 97
1 27450U 02031A   13292.23715532  .00000293  00000-0  97564-4 0  9033
2 27450 086.3982 157.7586 0000034 308.5535 051.5658 14.34221988598601
0 IRIDIUM 97
1 27450U 02031A   13293.21391168  .00000296  00000-0  98512-4 0  9045
2 27450 086.3982 157.3507 0000121 206.6992 153.4198 14.34222488598744
0 IRIDIUM 97
1 27450U 02031A   13294.46974086  .00000270  00000-0  89501-4 0  9050
2 27450 086.3980 156.8262 0000261 193.5617 166.5572 14.34223155598920
0 IRIDIUM 97
1 27450U 02031A   13295.16742342  .00000305  00000-0  10173-3 0  9064
2 27450 086.3980 156.5347 0000348 191.5427 168.5761 14.34223614599028
