0 M-5 DEB
1 27489U 97005G   13280.31838051  .00011720  00000-0  11054-2 0  9684
2 27489 031.4213 237.3132 5106256 026.0276 352.5602 05.48572456235891
0 M-5 DEB
1 27489U 97005G   13281.41181487  .00012594  00000-0  10898-2 0  9696
2 27489 031.4255 236.0748 5109348 027.9172 352.1526 05.48612072235953
0 M-5 DEB
1 27489U 97005G   13287.97100030  .00015648  00000-0  12978-2 0  9715
2 27489 031.4112 228.7961 5109551 039.1149 349.1980 05.48821806236313
0 M-5 DEB
1 27489U 97005G   13289.79211214  .00027151  00000-0  22392-2 0  9728
2 27489 031.4150 226.7947 5108995 042.1615 347.7136 05.48961729236417
0 M-5 DEB
1 27489U 97005G   13292.88735579  .00017413  00000-0  14630-2 0  9734
2 27489 031.4127 223.3780 5108163 047.5198 344.4074 05.49002067236586
0 M-5 DEB
1 27489U 97005G   13293.07007888  .00017665  00000-0  14845-2 0  9749
2 27489 031.4150 223.1793 5108105 047.8476 345.5410 05.49009827236590
