0 INTEGRAL
1 27540U 02048A   13285.38799207  .00000365  00000-0  00000+0 0  3746
2 27540 058.9868 253.1339 8580307 255.3713 000.6641 00.33421361  9578
0 INTEGRAL
1 27540U 02048A   13288.37831494  .00000390  00000-0  00000+0 0  3763
2 27540 058.9498 252.9767 8577877 255.3702 000.6702 00.33421833  9588
0 INTEGRAL
1 27540U 02048A   13288.37857241  .00000390  00000-0  00000+0 0  3750
2 27540 058.9496 252.9765 8577892 255.3700 000.7036 00.33421924  9581
0 INTEGRAL
1 27540U 02048A   13291.36797173  .00000455  00000-0  00000+0 0  3774
2 27540 058.9209 252.7824 8575437 255.3846 000.6065 00.33417162  9592
0 INTEGRAL
1 27540U 02048A   13291.37500000  .00000455  00000-0  00000+0 0  3787
2 27540 058.9216 252.7947 8575227 255.3785 001.7433 00.33420413  9599
0 INTEGRAL
1 27540U 02048A   13294.37500000  .00000425  00000-0  00000+0 0  3798
2 27540 058.8980 252.6339 8575769 255.3660 002.6700 00.33417024  9606
0 INTEGRAL
1 27540U 02048A   13297.34626843  .00000443  00000-0  00000+0 0  3815
2 27540 058.8592 252.4391 8577711 255.3969 000.2699 00.33414279  9613
0 INTEGRAL
1 27540U 02048A   13297.34754427  .00000443  00000-0  00000+0 0  3804
2 27540 058.8583 252.4362 8577460 255.3989 000.4311 00.33414821  9610
