0 COSMOS 1249 COOLANT
1 27571U 81021T   13284.27230013  .00000058  00000-0  11777-3 0  2734
2 27571 064.9608 218.5884 0060123 306.1297 053.4257 13.90527579571145
0 COSMOS 1249 COOLANT
1 27571U 81021T   13290.38548105  .00000061  00000-0  11956-3 0  2741
2 27571 064.9600 202.5609 0060434 304.4088 055.1295 13.90529482571998
0 COSMOS 1249 COOLANT
1 27571U 81021T   13293.11842360  .00000076  00000-0  13209-3 0  2755
2 27571 064.9596 195.3922 0060486 304.1170 055.4163 13.90531154572374
0 COSMOS 1249 COOLANT
1 27571U 81021T   13296.13904766  .00000084  00000-0  13834-3 0  2763
2 27571 064.9601 187.4720 0060545 303.2499 056.2890 13.90532558572790
