0 DELTA 2 DEB
1 27765U 00040D   13276.84640325  .00113385  39578-6  63427-3 0    65
2 27765 038.9343 200.1460 3308087 008.4640 017.6030 08.93689830285830
0 DELTA 2 DEB
1 27765U 00040D   13278.86003753  .00120360  43520-6  63078-3 0    73
2 27765 038.8985 195.7201 3307303 014.0976 018.3568 08.94246634286015
0 DELTA 2 DEB
1 27765U 00040D   13279.86634181  .00119031  45599-6  62492-3 0    80
2 27765 038.8985 193.5331 3306054 016.9457 018.3612 08.94483767286102
0 DELTA 2 DEB
1 27765U 00040D   13280.98562376  .00119195  47960-6  63106-3 0    90
2 27765 038.9005 191.0968 3304446 020.2022 023.1045 08.94751356286201
0 DELTA 2 DEB
1 27765U 00040D   13286.78665188  .00127622  59146-6  67852-3 0   106
2 27765 038.9196 178.5268 3296572 036.5830 005.6375 08.96286446286725
