0 SERVIS 1
1 28060U 03050A   13282.49727539  .00000044  00000-0  97379-4 0  9667
2 28060 099.4282 299.1531 0020813 254.6734 270.9303 13.71550538497706
0 SERVIS 1
1 28060U 03050A   13283.73006852  .00000041  00000-0  94161-4 0  9677
2 28060 099.4280 300.3639 0020817 251.3545 238.0639 13.71550573497870
0 SERVIS 1
1 28060U 03050A   13286.11966970  .00000038  00000-0  91323-4 0  9693
2 28060 099.4275 302.7108 0020903 244.9434 157.1196 13.71551016498202
0 SERVIS 1
1 28060U 03050A   13287.14077817  .00000041  00000-0  94075-4 0  9703
2 28060 099.4272 303.7136 0020924 242.1948 159.0239 13.71551235498341
0 SERVIS 1
1 28060U 03050A   13288.16271184  .00000053  00000-0  10745-3 0  9714
2 28060 099.4271 304.7171 0020964 239.4862 164.9613 13.71551543498486
0 SERVIS 1
1 28060U 03050A   13289.18334057  .00000027  00000-0  78708-4 0  9722
2 28060 099.4270 305.7193 0021004 236.7787 164.4582 13.71551810498625
0 SERVIS 1
1 28060U 03050A   13290.43655747  .00000029  00000-0  80517-4 0  9738
2 28060 099.4269 306.9499 0021038 233.3995 232.4484 13.71552063498792
0 SERVIS 1
1 28060U 03050A   13291.45728678  .00000025  00000-0  76719-4 0  9741
2 28060 099.4270 307.9520 0021078 230.6943 232.4418 13.71552225498930
0 SERVIS 1
1 28060U 03050A   13292.49183115  .00000021  00000-0  72546-4 0  9758
2 28060 099.4271 308.9678 0021112 227.9507 300.6508 13.71552334499075
0 SERVIS 1
1 28060U 03050A   13293.51229462  .00000012  00000-0  61518-4 0  9766
2 28060 099.4271 309.9697 0021140 225.1884 299.3903 13.71552358499211
0 SERVIS 1
1 28060U 03050A   13294.53177928  .00000008  00000-0  57422-4 0  9773
2 28060 099.4272 310.9707 0021175 222.5008 293.2251 13.71552420499357
0 SERVIS 1
1 28060U 03050A   13295.69477515  .00000022  00000-0  73619-4 0  9789
2 28060 099.4271 312.1126 0021224 219.4469 275.6532 13.71552502499511
