0 OPS 5712 (P/L 160)
1 02826U 67053A   13282.45319797  .00001851  00000-0  57924-3 0    75
2 02826 069.9307 137.4839 0003252 133.3123 226.8278 14.42231917394024
0 OPS 5712 (P/L 160)
1 02826U 67053A   13283.49353349  .00001814  00000-0  56802-3 0    85
2 02826 069.9307 135.0762 0003264 130.5643 229.5771 14.42234650394173
0 OPS 5712 (P/L 160)
1 02826U 67053A   13284.53386510  .00002368  00000-0  73569-3 0    92
2 02826 069.9317 132.6710 0003263 130.1499 229.9916 14.42235239394320
0 OPS 5712 (P/L 160)
1 02826U 67053A   13285.85161599  .00002150  00000-0  66952-3 0   105
2 02826 069.9314 129.6214 0003235 126.7416 233.4010 14.42239204394513
0 OPS 5712 (P/L 160)
1 02826U 67053A   13287.16936360  .00002193  00000-0  68254-3 0   112
2 02826 069.9303 126.5692 0003125 121.3811 238.7625 14.42244732394708
0 OPS 5712 (P/L 160)
1 02826U 67053A   13288.48710478  .00003390  00000-0  10448-2 0   120
2 02826 069.9306 123.5218 0003170 120.4951 239.6492 14.42252028394896
0 OPS 5712 (P/L 160)
1 02826U 67053A   13289.52742231  .00002896  00000-0  89524-3 0   131
2 02826 069.9305 121.1141 0003126 117.7087 242.4360 14.42257801395042
0 OPS 5712 (P/L 160)
1 02826U 67053A   13290.70644390  .00002957  00000-0  91339-3 0   146
2 02826 069.9306 118.3852 0003081 114.7347 245.4103 14.42263687395212
0 OPS 5712 (P/L 160)
1 02826U 67053A   13291.81610625  .00002910  00000-0  89922-3 0   158
2 02826 069.9309 115.8168 0003060 112.0372 248.1083 14.42267849395371
0 OPS 5712 (P/L 160)
1 02826U 67053A   13293.13382543  .00003206  00000-0  98870-3 0   162
2 02826 069.9312 112.7672 0003027 108.3300 251.8159 14.42273203395560
0 OPS 5712 (P/L 160)
1 02826U 67053A   13294.52089239  .00003523  00000-0  10845-2 0   170
2 02826 069.9316 109.5568 0002976 104.5793 255.5667 14.42281066395761
0 OPS 5712 (P/L 160)
1 02826U 67053A   13295.83859866  .00003790  00000-0  11651-2 0   189
2 02826 069.9317 106.5070 0002967 100.1184 260.0280 14.42288468395959
