0 AMAZONAS
1 28393U 04031A   13280.37212088 -.00000253  00000-0  00000+0 0  2463
2 28393 000.0547 037.0648 0001039 138.2617 298.8522 01.00272236 33647
0 AMAZONAS
1 28393U 04031A   13281.33425666 -.00000255  00000-0  00000+0 0  2471
2 28393 000.0673 036.5842 0001160 137.0002 287.8986 01.00271229 33651
0 AMAZONAS
1 28393U 04031A   13282.39181896 -.00000258  00000-0  00000+0 0  2486
2 28393 000.0611 030.2962 0001410 142.0694 310.8848 01.00269240 33663
0 AMAZONAS
1 28393U 04031A   13283.18591475  .00000000  00000-0  10000-3 0  2492
2 28393 000.0650 044.7518 0003530 104.9624 260.2034 01.00267127 33160
0 AMAZONAS
1 28393U 04031A   13285.53472689 -.00000268  00000-0  00000+0 0  2513
2 28393 000.0432 033.6175 0001099 124.8016 019.3652 01.00271788 33693
0 AMAZONAS
1 28393U 04031A   13286.83933866 -.00000269  00000-0  00000+0 0  2528
2 28393 000.0458 032.3908 0001017 150.7841 105.5638 01.00272306 33706
0 AMAZONAS
1 28393U 04031A   13288.07996017 -.00000270  00000-0  00000+0 0  2536
2 28393 000.0474 030.9781 0001028 160.5849 185.0270 01.00272201 33727
0 AMAZONAS
1 28393U 04031A   13289.79025926 -.00000268  00000-0  00000+0 0  2546
2 28393 000.0499 031.8973 0001003 158.1604 083.9283 01.00271849 33730
0 AMAZONAS
1 28393U 04031A   13290.07153282 -.00000267  00000-0  00000+0 0  2556
2 28393 000.0517 038.7098 0000891 155.9389 180.8757 01.00271917 33744
0 AMAZONAS
1 28393U 04031A   13293.36177466 -.00000261  00000-0  00000+0 0  2566
2 28393 000.0564 038.5536 0000973 164.2392 280.4485 01.00270643 33772
0 AMAZONAS
1 28393U 04031A   13294.36930255 -.00000259  00000-0  00000+0 0  2578
2 28393 000.0579 038.5491 0000963 163.3434 285.0475 01.00270363 33784
