0 NIMBUS 2 DEB
1 28621U 66040AM  13282.24510772  .00003026  00000-0  28296-2 0  4039
2 28621 100.2477 281.1091 0032260 221.0944 204.4211 13.82459281672708
0 NIMBUS 2 DEB
1 28621U 66040AM  13283.25877498  .00003087  00000-0  28863-2 0  4040
2 28621 100.2475 282.2106 0032287 218.3225 209.4643 13.82463060672844
0 NIMBUS 2 DEB
1 28621U 66040AM  13287.23848502  .00002903  00000-0  27157-2 0  4069
2 28621 100.2466 286.5349 0032439 207.7920 216.3938 13.82484412673392
0 NIMBUS 2 DEB
1 28621U 66040AM  13289.50061817  .00003470  00000-0  32357-2 0  4076
2 28621 100.2463 288.9925 0032504 201.7922 315.1552 13.82500149673705
0 NIMBUS 2 DEB
1 28621U 66040AM  13291.80967829  .00003163  00000-0  29526-2 0  4084
2 28621 100.2468 291.5006 0032593 195.7965 287.4633 13.82515449674023
0 NIMBUS 2 DEB
1 28621U 66040AM  13292.94884472  .00003273  00000-0  30532-2 0  4094
2 28621 100.2469 292.7384 0032639 192.9105 197.1291 13.82521626674180
0 NIMBUS 2 DEB
1 28621U 66040AM  13294.49315145  .00003706  00000-0  34498-2 0  4100
2 28621 100.2473 294.4161 0032696 188.9139 323.3176 13.82530667674395
