0 CZ-2D DEB
1 28739U 05024C   13282.17960968  .00012138  00000-0  15096-2 0  1015
2 28739 097.5365 058.0297 0155202 263.1899 095.1631 14.74444847438591
0 CZ-2D DEB
1 28739U 05024C   13283.33328766  .00010692  00000-0  13300-2 0  1028
2 28739 097.5363 059.1039 0155232 259.4349 098.9342 14.74466673438766
0 CZ-2D DEB
1 28739U 05024C   13287.13353201  .00010512  00000-0  13056-2 0  1043
2 28739 097.5361 062.6423 0155223 247.0427 111.4341 14.74533134439320
0 CZ-2D DEB
1 28739U 05024C   13288.62643404  .00015035  00000-0  18616-2 0  1058
2 28739 097.5366 064.0328 0155196 242.1723 116.3687 14.74569357439546
0 CZ-2D DEB
1 28739U 05024C   13291.34070718  .00014402  00000-0  17806-2 0  1061
2 28739 097.5375 066.5608 0155137 233.3366 125.3501 14.74642538439946
0 CZ-2D DEB
1 28739U 05024C   13293.64773336  .00017443  00000-0  21509-2 0  1076
2 28739 097.5383 068.7103 0155113 225.8403 132.9970 14.74706952440285
0 CZ-2D DEB
1 28739U 05024C   13295.81896025  .00019089  00000-0  23490-2 0  1088
2 28739 097.5381 070.7332 0155082 218.8021 140.1973 14.74774235440602
