0 CZ-2D DEB
1 28740U 05024D   13281.69298758  .00003290  00000-0  47349-3 0   604
2 28740 097.6343 089.6717 0184285 036.0597 019.5175 14.66011342437023
0 CZ-2D DEB
1 28740U 05024D   13282.71686462  .00003760  00000-0  53998-3 0   611
2 28740 097.6341 090.6246 0184159 032.7895 023.1863 14.66028147437176
0 CZ-2D DEB
1 28740U 05024D   13285.44180610  .00003949  00000-0  56690-3 0   620
2 28740 097.6337 093.1605 0183985 024.0941 004.6676 14.66043157437578
0 CZ-2D DEB
1 28740U 05024D   13287.76760542  .00005760  00000-0  82320-3 0   638
2 28740 097.6331 095.3251 0183788 016.6577 039.7497 14.66060978437914
0 CZ-2D DEB
1 28740U 05024D   13290.42425971  .00006000  00000-0  85726-3 0   641
2 28740 097.6332 097.7981 0183555 008.1558 021.2488 14.66087448438309
0 CZ-2D DEB
1 28740U 05024D   13292.28431978  .00004639  00000-0  66488-3 0   652
2 28740 097.6337 099.5295 0183356 002.2107 118.5475 14.66102714438575
0 CZ-2D DEB
1 28740U 05024D   13294.72887911  .00006641  00000-0  94840-3 0   664
2 28740 097.6344 101.8053 0183114 354.3886 060.9615 14.66121316438934
