0 NAVSTAR 57 (USA 183)
1 28874U 05038A   13281.97765356  .00000040  00000-0  00000+0 0  8451
2 28874 055.3825 096.6577 0088051 235.1397 059.7403 02.00561114 58888
0 NAVSTAR 57 (USA 183)
1 28874U 05038A   13282.52075866  .00000041  00000-0  00000+0 0  8465
2 28874 055.3827 096.6361 0088054 235.1547 091.8706 02.00561111 58892
0 NAVSTAR 57 (USA 183)
1 28874U 05038A   13284.00887833  .00000047  00000-0  00000+0 0  8472
2 28874 055.3835 096.5768 0088106 235.1690 086.3422 02.00561100 58924
0 NAVSTAR 57 (USA 183)
1 28874U 05038A   13285.42665280  .00000053  00000-0  00000+0 0  8487
2 28874 055.3842 096.5204 0088165 235.1879 030.0168 02.00561083 58957
0 NAVSTAR 57 (USA 183)
1 28874U 05038A   13285.89819184  .00000054  00000-0  00000+0 0  8494
2 28874 055.3844 096.5016 0088183 235.1967 010.4793 02.00561079 58960
0 NAVSTAR 57 (USA 183)
1 28874U 05038A   13287.38708921  .00000053  00000-0  00000+0 0  8507
2 28874 055.3851 096.4425 0088105 235.2953 005.4294 02.00561075 58990
0 NAVSTAR 57 (USA 183)
1 28874U 05038A   13287.85975346  .00000050  00000-0  00000+0 0  8514
2 28874 055.3854 096.4237 0088100 235.3137 346.6949 02.00561069 59007
0 NAVSTAR 57 (USA 183)
1 28874U 05038A   13289.34833752  .00000037  00000-0  00000+0 0  8520
2 28874 055.3861 096.3645 0088160 235.3345 341.4956 02.00561028 59033
0 NAVSTAR 57 (USA 183)
1 28874U 05038A   13289.48544295  .00000036  00000-0  00000+0 0  8536
2 28874 055.3862 096.3590 0088176 235.3329 080.4932 02.00561026 59034
0 NAVSTAR 57 (USA 183)
1 28874U 05038A   13290.50029947  .00000024  00000-0  00000+0 0  8541
2 28874 055.3867 096.3186 0088233 235.3387 093.2574 02.00560988 59050
0 NAVSTAR 57 (USA 183)
1 28874U 05038A   13292.45898528  .00000004  00000-0  00000+0 0  8555
2 28874 055.3877 096.2408 0088364 235.3438 067.5076 02.00560889 59094
0 NAVSTAR 57 (USA 183)
1 28874U 05038A   13293.00664664  .00000001  00000-0  00000+0 0  8567
2 28874 055.3880 096.2190 0088409 235.3481 102.9384 02.00560857 59107
0 NAVSTAR 57 (USA 183)
1 28874U 05038A   13294.51733488  .00000001  00000-0  00000+0 0  8576
2 28874 055.3889 096.1590 0088478 235.3701 113.6986 02.00560751 59133
0 NAVSTAR 57 (USA 183)
1 28874U 05038A   13295.36451477  .00000005  00000-0  00000+0 0  8580
2 28874 055.3894 096.1252 0088448 235.3868 005.3829 02.00560696 59147
