0 SSETI-EXPRESS
1 28894U 05043E   13283.62292644  .00000268  00000-0  64317-4 0  8119
2 28894 097.8469 130.6771 0018800 083.5880 325.8436 14.60400357423864
0 SSETI-EXPRESS
1 28894U 05043E   13285.81775613  .00000285  00000-0  67792-4 0  8135
2 28894 097.8464 132.7568 0018722 077.1804 344.5270 14.60401380424181
0 SSETI-EXPRESS
1 28894U 05043E   13287.13643323  .00000321  00000-0  75203-4 0  8142
2 28894 097.8461 134.0063 0018672 073.2975 077.1280 14.60402363424376
0 SSETI-EXPRESS
1 28894U 05043E   13288.48951097  .00000458  00000-0  10346-3 0  8159
2 28894 097.8458 135.2883 0018625 069.2774 350.6241 14.60404138424575
0 SSETI-EXPRESS
1 28894U 05043E   13289.50857985  .00000311  00000-0  73056-4 0  8161
2 28894 097.8457 136.2539 0018600 066.2575 308.1413 14.60405499424729
0 SSETI-EXPRESS
1 28894U 05043E   13290.53921726  .00000358  00000-0  82767-4 0  8172
2 28894 097.8456 137.2303 0018560 063.1987 326.4877 14.60406290424879
0 SSETI-EXPRESS
1 28894U 05043E   13291.79132281  .00000384  00000-0  88120-4 0  8180
2 28894 097.8456 138.4165 0018481 059.5190 069.1228 14.60407062425055
0 SSETI-EXPRESS
1 28894U 05043E   13292.80570954  .00000412  00000-0  94008-4 0  8191
2 28894 097.8455 139.3775 0018424 056.5076 002.0426 14.60407660425205
0 SSETI-EXPRESS
1 28894U 05043E   13293.83472405  .00000411  00000-0  93791-4 0  8206
2 28894 097.8455 140.3523 0018343 053.4495 011.8708 14.60408523425355
0 SSETI-EXPRESS
1 28894U 05043E   13295.14589081  .00000414  00000-0  94399-4 0  8210
2 28894 097.8454 141.5944 0018276 049.5353 065.0759 14.60409951425542
0 SSETI-EXPRESS
1 28894U 05043E   13296.17319716  .00000427  00000-0  97027-4 0  8226
2 28894 097.8453 142.5676 0018192 046.4316 065.9815 14.60411261425691
