0 SL-18 DEB
1 28968U 93014AV  13281.45087245  .00025465  00000-0  33425-2 0  2613
2 28968 075.7590 324.1187 0076239 258.7771 136.7344 14.78132718438856
0 SL-18 DEB
1 28968U 93014AV  13290.37707897  .00045339  00000-0  58287-2 0  2622
2 28968 075.7559 308.4237 0074744 233.7364 131.7310 14.78949010440179
0 SL-18 DEB
1 28968U 93014AV  13291.39062647  .00047187  00000-0  60325-2 0  2632
2 28968 075.7119 306.5270 0076821 241.8812 117.5278 14.79059615440329
0 SL-18 DEB
1 28968U 93014AV  13293.35212152  .00047930  00000-0  61016-2 0  2643
2 28968 075.6935 303.0279 0076424 239.7741 119.6323 14.79251387440617
