0 PEGASUS DEB
1 29033U 94029AEQ 13280.82634594  .00003323  00000-0  86344-3 0  8343
2 29033 081.9846 326.2580 0315527 033.1124 328.9375 14.23676055562951
0 PEGASUS DEB
1 29033U 94029AEQ 13282.86442812  .00005052  00000-0  13158-2 0  8353
2 29033 081.9850 324.3961 0315312 027.0756 334.6480 14.23699917563249
0 PEGASUS DEB
1 29033U 94029AEQ 13285.81607252  .00004791  00000-0  12477-2 0  8365
2 29033 081.9855 321.7003 0315155 018.3022 342.9196 14.23719588563665
0 PEGASUS DEB
1 29033U 94029AEQ 13287.36215654  .00005717  00000-0  14906-2 0  8377
2 29033 081.9840 320.2861 0314980 013.7810 347.1721 14.23725912563887
0 PEGASUS DEB
1 29033U 94029AEQ 13289.40015386  .00006228  00000-0  16247-2 0  8383
2 29033 081.9832 318.4243 0314731 007.7334 352.8533 14.23748239564173
0 PEGASUS DEB
1 29033U 94029AEQ 13291.78949273  .00005200  00000-0  13560-2 0  8393
2 29033 081.9828 316.2404 0314587 000.6322 359.5191 14.23769302564517
0 PEGASUS DEB
1 29033U 94029AEQ 13293.75714911  .00008110  00000-0  21170-2 0  8402
2 29033 081.9819 314.4395 0314429 354.8061 004.9877 14.23791566564794
