0 AMC-18
1 29644U 06054B   13282.53632973 -.00000104  00000-0  10000-3 0  4292
2 29644 000.0524 046.5132 0002435 147.2759 272.6866 01.00271803 25093
0 AMC-18
1 29644U 06054B   13283.48249851  .00000000  00000-0  10000-3 0  4313
2 29644 000.0371 061.5452 0002693 140.0043 246.4814 01.00268503 25105
0 AMC-18
1 29644U 06054B   13284.40342360 -.00000110  00000-0  10000-3 0  4307
2 29644 000.0553 047.5370 0002467 145.7373 227.1917 01.00271678 25115
0 AMC-18
1 29644U 06054B   13286.38697816 -.00000114  00000-0  10000-3 0  4310
2 29644 000.0586 048.4445 0002474 144.6362 223.4152 01.00271579 25130
0 AMC-18
1 29644U 06054B   13288.35952991 -.00000115  00000-0  10000-3 0  4329
2 29644 000.0620 048.6183 0002474 144.4690 215.4688 01.00271581 25152
0 AMC-18
1 29644U 06054B   13289.51140722 -.00000113  00000-0  10000-3 0  4338
2 29644 000.0580 045.2484 0002519 150.7876 268.3354 01.00271953 25161
0 AMC-18
1 29644U 06054B   13290.47403861  .00000000  00000-0  10000-3 0  4357
2 29644 000.0495 067.8913 0002788 143.2660 240.7139 01.00268590 25178
0 AMC-18
1 29644U 06054B   13290.58727157 -.00000111  00000-0  10000-3 0  4349
2 29644 000.0604 047.5889 0002456 152.3709 292.7794 01.00271873 25176
0 AMC-18
1 29644U 06054B   13292.36788814 -.00000108  00000-0  10000-3 0  4351
2 29644 000.0636 049.3680 0002389 150.9930 215.1499 01.00271733 25193
0 AMC-18
1 29644U 06054B   13293.37958815 -.00000106  00000-0  10000-3 0  4362
2 29644 000.0647 049.6147 0002403 151.7263 219.3774 01.00271697 25204
0 AMC-18
1 29644U 06054B   13294.57962395 -.00000104  00000-0  10000-3 0  4372
2 29644 000.0664 049.9244 0002406 151.6127 292.3758 01.00271693 25215
0 AMC-18
1 29644U 06054B   13295.58604273 -.00000102  00000-0  10000-3 0  4381
2 29644 000.0678 051.4429 0002661 150.4594 295.3137 01.00271686 25228
