0 ESSA 6 (TOS-D)
1 03035U 67114A   13283.42615613 -.00000056  00000-0 -53969-4 0  7767
2 03035 102.0313 214.7739 0048441 279.2279 218.0763 12.54192290102246
0 ESSA 6 (TOS-D)
1 03035U 67114A   13285.80085043 -.00000042  00000-0  29563-4 0  7777
2 03035 102.0318 217.1833 0048394 274.6815 140.0587 12.54192398102545
0 ESSA 6 (TOS-D)
1 03035U 67114A   13287.87301973 -.00000030  00000-0  10763-3 0  7788
2 03035 102.0323 219.2856 0048371 270.7042 136.1213 12.54192340102801
0 ESSA 6 (TOS-D)
1 03035U 67114A   13290.44590278 -.00000024  00000-0  14208-3 0  7795
2 03035 102.0328 221.8961 0048403 265.7655 232.9595 12.54192259103125
0 ESSA 6 (TOS-D)
1 03035U 67114A   13292.82198172 -.00000025  00000-0  13786-3 0  7809
2 03035 102.0330 224.3073 0048423 261.2053 161.2044 12.54192169103421
0 ESSA 6 (TOS-D)
1 03035U 67114A   13294.89146275 -.00000045  00000-0  12825-4 0  7812
2 03035 102.0340 226.4080 0048380 257.1870 145.1729 12.54192343103689
