0 CBERS 1 DEB
1 31593U 99057PQ  13280.94068449  .00013529  00000-0  24853-2 0  9577
2 31593 098.2264 272.5467 0012536 218.0580 141.9262 14.65742516343217
0 CBERS 1 DEB
1 31593U 99057PQ  13282.47122780  .00030193  00000-0  55117-2 0  9580
2 31593 098.2286 274.0833 0011871 208.6703 302.8217 14.65828268343440
0 CBERS 1 DEB
1 31593U 99057PQ  13284.51421166  .00026398  00000-0  48154-2 0  9593
2 31593 098.2289 276.1305 0011990 199.5322 286.5765 14.65896358343741
0 CBERS 1 DEB
1 31593U 99057PQ  13285.92968459  .00021975  00000-0  40072-2 0  9609
2 31593 098.2279 277.5474 0012243 196.6787 194.9189 14.65955579343953
0 CBERS 1 DEB
1 31593U 99057PQ  13286.95781863  .00020610  00000-0  37564-2 0  9613
2 31593 098.2284 278.5774 0012428 193.1862 221.1830 14.65992931344101
0 CBERS 1 DEB
1 31593U 99057PQ  13288.47819601  .00034979  00000-0  63429-2 0  9627
2 31593 098.2274 280.1020 0012612 186.9451 326.7739 14.66077903344320
0 CBERS 1 DEB
1 31593U 99057PQ  13289.96098659  .00028892  00000-0  52374-2 0  9639
2 31593 098.2271 281.5881 0012794 182.9817 232.2869 14.66146009344543
0 CBERS 1 DEB
1 31593U 99057PQ  13292.43751470  .00026294  00000-0  47552-2 0  9649
2 31593 098.2280 284.0677 0013182 174.0016 345.5188 14.66272530344900
0 CBERS 1 DEB
1 31593U 99057PQ  13294.48326126  .00033932  00000-0  61128-2 0  9655
2 31593 098.2302 286.1170 0013379 168.1603 343.9983 14.66374197345201
