0 OV1-14
1 03174U 68026B   13281.24215911  .00000120  00000-0  22970-3 0  7542
2 03174 100.0490 030.2966 3993125 138.2086 287.1248 06.96146155153922
0 OV1-14
1 03174U 68026B   13283.26751029  .00000106  00000-0  20409-3 0  7551
2 03174 100.0498 030.9124 3992787 136.7084 322.9116 06.96147088154061
0 OV1-14
1 03174U 68026B   13283.53094171  .00000037  00000-0  70930-4 0  7568
2 03174 100.0485 030.9933 3993700 136.5261 263.1031 06.96146233154081
0 OV1-14
1 03174U 68026B   13285.42730020  .00000073  00000-0  14058-3 0  7566
2 03174 100.0506 031.5695 3992409 135.1071 335.6267 06.96147597154211
0 OV1-14
1 03174U 68026B   13287.43590014 -.00000021  00000-0 -41171-4 0  7579
2 03174 100.0510 032.1808 3992030 133.6179 329.4405 06.96148743154355
0 OV1-14
1 03174U 68026B   13289.88646809 -.00000122  00000-0 -23530-3 0  7585
2 03174 100.0508 032.9268 3991572 131.8007 350.8938 06.96149725154529
0 OV1-14
1 03174U 68026B   13290.71644664 -.00000034  00000-0  00000+0 0  7603
2 03174 100.0497 033.1801 3992276 131.2022 270.9273 06.96148584154587
0 OV1-14
1 03174U 68026B   13292.17660575 -.00000045  00000-0 -86605-4 0  7595
2 03174 100.0502 033.6238 3991206 130.1023 330.3002 06.96148796154681
0 OV1-14
1 03174U 68026B   13294.18855808  .00000096  00000-0  18578-3 0  7602
2 03174 100.0497 034.2359 3990964 128.6096 332.5325 06.96147490154825
