0 SL-16 R/B
1 31793U 07029B   13282.16863780 -.00000257  00000-0 -10964-3 0  8129
2 31793 070.9771 338.2752 0002643 287.9856 102.8977 14.14230106324269
0 SL-16 R/B
1 31793U 07029B   13283.37695299 -.00000251  00000-0 -10654-3 0  8132
2 31793 070.9768 335.7381 0002606 287.5490 133.3125 14.14229256324431
0 SL-16 R/B
1 31793U 07029B   13284.51600760 -.00000238  00000-0 -99695-4 0  8147
2 31793 070.9765 333.3463 0002570 286.9425 171.3775 14.14228495324598
0 SL-16 R/B
1 31793U 07029B   13285.72628817 -.00000230  00000-0 -95413-4 0  8151
2 31793 070.9761 330.8049 0002548 286.3990 211.8959 14.14227866324766
0 SL-16 R/B
1 31793U 07029B   13287.12005612 -.00000215  00000-0 -87555-4 0  8161
2 31793 070.9757 327.8781 0002524 286.0159 106.1474 14.14227248324962
0 SL-16 R/B
1 31793U 07029B   13288.47695350 -.00000196  00000-0 -77528-4 0  8172
2 31793 070.9754 325.0286 0002498 285.5335 172.8359 14.14226508325151
0 SL-16 R/B
1 31793U 07029B   13289.55041094 -.00000178  00000-0 -68362-4 0  8189
2 31793 070.9751 322.7741 0002441 284.6994 237.2489 14.14226127325301
0 SL-16 R/B
1 31793U 07029B   13291.15624413 -.00000140  00000-0 -48127-4 0  8197
2 31793 070.9749 319.4015 0002384 283.8149 131.3432 14.14225432325539
0 SL-16 R/B
1 31793U 07029B   13292.52103909 -.00000069  00000-0 -11152-4 0  8201
2 31793 070.9750 316.5352 0002353 283.7427 237.8119 14.14224695325722
0 SL-16 R/B
1 31793U 07029B   13293.64706444 -.00000013  00000-0  18392-4 0  8210
2 31793 070.9750 314.1704 0002337 283.7831 208.8999 14.14224233325887
0 SL-16 R/B
1 31793U 07029B   13295.11736020  .00000076  00000-0  64705-4 0  8225
2 31793 070.9750 311.0826 0002324 284.4317 131.6098 14.14223886326091
