0 BREEZE-M DEB
1 32038U 06006R   13283.16323213  .00001165  00000-0  85864-3 0  2097
2 32038 051.6426 255.1480 5150567 064.3660 339.4934 05.23930556126519
0 BREEZE-M DEB
1 32038U 06006R   13286.98004033  .00001330  00000-0  98972-3 0  2117
2 32038 051.6399 252.3547 5150635 066.4399 338.6087 05.23938840126715
0 BREEZE-M DEB
1 32038U 06006R   13289.27008273  .00001268  00000-0  95372-3 0  2124
2 32038 051.6383 250.6778 5150458 067.6853 338.0614 05.23948953126835
0 BREEZE-M DEB
1 32038U 06006R   13291.36924718  .00001377  00000-0  10352-2 0  2134
2 32038 051.6370 249.1412 5150494 068.8257 337.5520 05.23953575126948
0 BREEZE-M DEB
1 32038U 06006R   13293.46838839  .00001383  00000-0  10392-2 0  2147
2 32038 051.6358 247.6049 5150439 069.9662 337.0348 05.23959898127054
0 BREEZE-M DEB
1 32038U 06006R   13295.56750070  .00001350  00000-0  10129-2 0  2153
2 32038 051.6345 246.0687 5150340 071.1057 336.5120 05.23966917127169
