0 THOR 5
1 32487U 08006A   13281.68029734 -.00000020  00000-0  10000-3 0   923
2 32487 000.0128 222.3331 0002114 333.6076 065.7082 01.00272813 20711
0 THOR 5
1 32487U 08006A   13284.09712677 -.00000028  00000-0  10000-3 0   935
2 32487 000.0087 227.4068 0002176 325.8244 220.8628 01.00273034 20745
0 THOR 5
1 32487U 08006A   13286.16082166 -.00000033  00000-0  10000-3 0   945
2 32487 000.0211 233.4387 0002444 321.4112 244.1926 01.00270740 20762
0 THOR 5
1 32487U 08006A   13287.33067203 -.00000034  00000-0  10000-3 0   952
2 32487 000.0188 228.8135 0002482 326.7080 305.8160 01.00270967 20775
0 THOR 5
1 32487U 08006A   13288.77386579 -.00000034  00000-0  10000-3 0   962
2 32487 000.0160 227.7062 0002508 327.8922 106.7079 01.00271294 20780
0 THOR 5
1 32487U 08006A   13289.32316985 -.00000033  00000-0  10000-3 0   978
2 32487 000.0119 225.9316 0002444 336.0721 298.5860 01.00271037 20798
0 THOR 5
1 32487U 08006A   13291.83296190 -.00000028  00000-0  10000-3 0   987
2 32487 000.0080 226.3385 0002616 336.9828 123.2700 01.00271889 20819
0 THOR 5
1 32487U 08006A   13293.12820688 -.00000025  00000-0  10000-3 0   994
2 32487 000.0058 220.6584 0002593 342.7519 230.7518 01.00272363 20839
0 THOR 5
1 32487U 08006A   13294.82517230 -.00000022  00000-0  10000-3 0  1008
2 32487 000.0034 223.4758 0002677 340.4559 122.8191 01.00272815 20840
