0 BREEZE-M DEB
1 32495U 06006AJ  13281.39473597  .00188945  00000-0  10976-1 0  7961
2 32495 051.7752 251.1555 3192866 222.3485 328.4347 08.95696824150078
0 BREEZE-M DEB
1 32495U 06006AJ  13282.28319751  .00259312  00000-0  15159-1 0  7977
2 32495 051.7778 249.6433 3189824 223.4467 313.9577 08.96188615150153
0 BREEZE-M DEB
1 32495U 06006AJ  13283.28801875  .00250317  00000-0  14566-1 0  7989
2 32495 051.7717 247.9311 3187429 224.7182 316.7251 08.96707085150247
0 BREEZE-M DEB
1 32495U 06006AJ  13285.29489671  .00217792  00000-0  12967-1 0  7992
2 32495 051.7641 244.5093 3181839 227.2236 318.2897 08.97519445150425
0 BREEZE-M DEB
1 32495U 06006AJ  13287.29945537  .00233335  00000-0  14258-1 0  8001
2 32495 051.7788 241.0720 3176012 229.7266 318.3447 08.98325174150600
0 BREEZE-M DEB
1 32495U 06006AJ  13288.30273656  .00285809  00000-0  17457-1 0  8018
2 32495 051.7757 239.3565 3173266 230.9928 323.9091 08.98845298150690
0 BREEZE-M DEB
1 32495U 06006AJ  13289.30462953  .00261821  00000-0  16084-1 0  8023
2 32495 051.7668 237.6449 3170373 232.2505 326.9379 08.99339400150781
0 BREEZE-M DEB
1 32495U 06006AJ  13290.30291968  .00269988  00000-0  16546-1 0  8037
2 32495 051.7640 235.9347 3168243 233.5161 319.9254 08.99776726150874
0 BREEZE-M DEB
1 32495U 06006AJ  13291.30354094  .00242586  00000-0  15226-1 0  8048
2 32495 051.7555 234.2211 3164412 234.7540 322.0835 09.00231678150964
0 BREEZE-M DEB
1 32495U 06006AJ  13292.30354309  .00227659  00000-0  14392-1 0  8056
2 32495 051.7557 232.5028 3161858 236.0126 323.8171 09.00640118151055
0 BREEZE-M DEB
1 32495U 06006AJ  13293.30354396  .00236475  00000-0  14323-1 0  8064
2 32495 051.7602 230.7784 3162337 237.3277 327.0555 09.01066389151144
0 BREEZE-M DEB
1 32495U 06006AJ  13295.18325693  .00252386  00000-0  14603-1 0  8071
2 32495 051.7686 227.5386 3161207 239.7706 307.4654 09.01831036151316
