0 C/NOFS
1 32765U 08017A   13281.38492123  .00015249  00000-0  50443-3 0  3844
2 32765 013.0017 008.2848 0221060 106.2413 319.6076 15.07748519298542
0 C/NOFS
1 32765U 08017A   13282.44866759  .00023307  00000-0  78942-3 0  3851
2 32765 013.0021 000.4841 0220944 121.2617 333.5496 15.07794534298704
0 C/NOFS
1 32765U 08017A   13283.37152443  .00023274  00000-0  78876-3 0  3862
2 32765 013.0028 353.7129 0220619 134.3115 302.8828 15.07824221298841
0 C/NOFS
1 32765U 08017A   13285.42842583  .00020652  00000-0  69295-3 0  3885
2 32765 013.0027 338.6237 0220894 163.3333 308.3349 15.07893814299159
0 C/NOFS
1 32765U 08017A   13287.41477826  .00023537  00000-0  79361-3 0  3891
2 32765 013.0032 324.0531 0220682 191.3283 291.3703 15.07966018299456
0 C/NOFS
1 32765U 08017A   13288.33536499  .00032635  00000-0  11127-2 0  3901
2 32765 013.0032 317.2995 0220589 204.2853 249.0420 15.08014265299597
0 C/NOFS
1 32765U 08017A   13289.39937376  .00030145  00000-0  10227-2 0  3912
2 32765 013.0034 309.4919 0220658 219.2625 265.5316 15.08071192299755
0 C/NOFS
1 32765U 08017A   13290.25275397  .00030151  00000-0  10227-2 0  3925
2 32765 013.0033 303.2327 0220454 231.2634 218.6691 15.08108048299887
0 C/NOFS
1 32765U 08017A   13291.31444241  .00029867  00000-0  10123-2 0  3937
2 32765 013.0031 295.4442 0220186 246.2107 222.9137 15.08162551300041
0 C/NOFS
1 32765U 08017A   13293.16319905  .00030614  00000-0  10373-2 0  3940
2 32765 013.0030 281.8811 0219773 272.2467 180.9090 15.08260294300322
0 C/NOFS
1 32765U 08017A   13294.22489477  .00033470  00000-0  11366-2 0  3957
2 32765 013.0028 274.0900 0219533 287.1919 185.7900 15.08316011300482
0 C/NOFS
1 32765U 08017A   13295.28585219  .00034775  00000-0  11817-2 0  3966
2 32765 013.0024 266.3031 0219249 302.1413 186.8728 15.08374785300648
