0 SATCOM 3 DEB
1 32989U 79101Q   13281.09115777 -.00000095  00000-0  00000+0 0  4877
2 32989 008.6728 143.9996 4745096 009.9610 357.0839 01.85709569 38854
0 SATCOM 3 DEB
1 32989U 79101Q   13285.39854018 -.00000117  00000-0  00000+0 0  4888
2 32989 008.6781 143.4789 4742404 010.8915 356.7346 01.85709558 38933
0 SATCOM 3 DEB
1 32989U 79101Q   13285.90611304 -.00000114  00000-0  00000+0 0  4892
2 32989 008.6761 143.5065 4743454 010.9156 336.0678 01.85709082 38934
0 SATCOM 3 DEB
1 32989U 79101Q   13294.46493387 -.00000120  00000-0  00000+0 0  4901
2 32989 008.6809 142.6471 4742074 012.5681 298.0235 01.85709469 39099
