0 ECHOSTAR 11
1 33207U 08035A   13283.37812179 -.00000074  00000-0  10000-3 0  1781
2 33207 000.0528 053.4679 0002707 153.3352 198.4948 01.00272243 19200
0 ECHOSTAR 11
1 33207U 08035A   13284.43686488 -.00000077  00000-0  10000-3 0  1795
2 33207 000.0544 052.9359 0002708 154.8033 219.7464 01.00272042 19218
0 ECHOSTAR 11
1 33207U 08035A   13286.43862573 -.00000081  00000-0  10000-3 0  1805
2 33207 000.0577 053.0963 0002659 160.3337 216.6562 01.00271950 19235
0 ECHOSTAR 11
1 33207U 08035A   13287.43836600 -.00000082  00000-0  10000-3 0  1810
2 33207 000.0591 053.3326 0002628 166.3609 211.2773 01.00271829 19242
0 ECHOSTAR 11
1 33207U 08035A   13288.61779675 -.00000082  00000-0  10000-3 0  1820
2 33207 000.0590 053.5828 0002648 175.7680 267.3709 01.00271841 19251
0 ECHOSTAR 11
1 33207U 08035A   13290.35076873 -.00000079  00000-0  10000-3 0  1831
2 33207 000.0622 053.6239 0002688 175.5536 173.1229 01.00271990 19274
0 ECHOSTAR 11
1 33207U 08035A   13291.36412560 -.00000077  00000-0  10000-3 0  1849
2 33207 000.0641 054.0235 0002736 174.7639 179.3227 01.00272113 19280
0 ECHOSTAR 11
1 33207U 08035A   13292.41733375 -.00000075  00000-0  10000-3 0  1855
2 33207 000.0668 050.7831 0003042 157.0005 220.5412 01.00272550 19297
0 ECHOSTAR 11
1 33207U 08035A   13293.50088132 -.00000073  00000-0  10000-3 0  1869
2 33207 000.0688 052.1974 0003037 155.4793 251.7937 01.00272578 19303
0 ECHOSTAR 11
1 33207U 08035A   13295.46178691 -.00000070  00000-0  10000-3 0  1874
2 33207 000.0722 054.2665 0003051 157.0089 236.0536 01.00272640 19327
