0 ARIANE 2 DEB
1 33580U 89006BY  13285.54840503  .00000026  00000-0  27923-2 0  3199
2 33580 008.6274 104.8744 7157220 087.5453 345.3118 02.27368402 68702
0 ARIANE 2 DEB
1 33580U 89006BY  13285.55871799  .00000031  00000-0  27894-2 0  3206
2 33580 008.6249 104.8030 7158587 087.7582 353.7398 02.27367860 68704
0 ARIANE 2 DEB
1 33580U 89006BY  13294.80822671  .00000092  00000-0  27115-2 0  3213
2 33580 008.6330 101.0593 7158502 094.9218 004.7434 02.27377849 68916
0 ARIANE 2 DEB
1 33580U 89006BY  13295.25667994  .00000056  00000-0  23724-2 0  3221
2 33580 008.6341 100.8684 7158434 095.2855 011.8216 02.27378804 68921
