0 COSMOS 2251 DEB
1 33804U 93036AV  13281.46520001  .00006384  00000-0  12779-2 0   149
2 33804 074.0299 039.8539 0076051 202.9218 227.6417 14.60166253247131
0 COSMOS 2251 DEB
1 33804U 93036AV  13282.70744213  .00009206  00000-0  18382-2 0   153
2 33804 074.0297 037.4813 0075933 200.3035 277.6023 14.60192860247316
0 COSMOS 2251 DEB
1 33804U 93036AV  13287.15187500  .00008096  00000-0  16156-2 0   172
2 33804 074.0303 028.9922 0075536 190.9517 240.9776 14.60264640247963
0 COSMOS 2251 DEB
1 33804U 93036AV  13288.73733664  .00012532  00000-0  24943-2 0   189
2 33804 074.0308 025.9641 0075363 187.6229 295.6740 14.60300044248197
0 COSMOS 2251 DEB
1 33804U 93036AV  13290.09744141  .00010589  00000-0  21083-2 0   196
2 33804 074.0309 023.3664 0075238 184.7297 245.8701 14.60323064248392
0 COSMOS 2251 DEB
1 33804U 93036AV  13292.43710869  .00009096  00000-0  18110-2 0   206
2 33804 074.0308 018.8977 0075014 179.7893 305.9614 14.60365458248737
0 COSMOS 2251 DEB
1 33804U 93036AV  13294.69705314  .00010609  00000-0  21097-2 0   216
2 33804 074.0301 014.5804 0074782 174.9534 307.3181 14.60400223249064
