0 COSMOS 2251 DEB
1 33822U 93036BP  13282.16711141  .00001023  00000-0  64734-3 0  4478
2 33822 074.0818 344.6400 0191105 024.9935 007.2940 13.96615614237138
0 COSMOS 2251 DEB
1 33822U 93036BP  13283.17641896  .00001066  00000-0  67381-3 0  4488
2 33822 074.0818 342.9071 0191149 023.0000 041.9289 13.96617594237279
0 COSMOS 2251 DEB
1 33822U 93036BP  13284.17863338  .00001109  00000-0  70063-3 0  4496
2 33822 074.0816 341.1863 0191192 021.0194 040.9051 13.96619445237416
0 COSMOS 2251 DEB
1 33822U 93036BP  13285.47866581  .00000938  00000-0  59500-3 0  4507
2 33822 074.0814 338.9543 0191264 018.4576 097.2653 13.96622927237598
0 COSMOS 2251 DEB
1 33822U 93036BP  13286.48172551  .00000960  00000-0  60815-3 0  4513
2 33822 074.0813 337.2321 0191309 016.4809 100.5054 13.96624885237734
0 COSMOS 2251 DEB
1 33822U 93036BP  13287.48261987  .00001120  00000-0  70730-3 0  4523
2 33822 074.0811 335.5135 0191363 014.5069 092.8698 13.96626571237879
0 COSMOS 2251 DEB
1 33822U 93036BP  13288.97869524  .00001456  00000-0  91484-3 0  4531
2 33822 074.0809 332.9446 0191438 011.5642 054.9531 13.96631361238081
0 COSMOS 2251 DEB
1 33822U 93036BP  13290.12408821  .00001461  00000-0  91794-3 0  4541
2 33822 074.0808 330.9778 0191505 009.3136 053.8586 13.96633901238242
0 COSMOS 2251 DEB
1 33822U 93036BP  13291.49485056  .00001477  00000-0  92777-3 0  4557
2 33822 074.0808 328.6240 0191616 006.6045 105.9243 13.96638293238431
0 COSMOS 2251 DEB
1 33822U 93036BP  13292.49741887  .00001515  00000-0  95131-3 0  4566
2 33822 074.0809 326.9023 0191684 004.6328 106.7467 13.96641821238572
0 COSMOS 2251 DEB
1 33822U 93036BP  13293.49971475  .00001616  00000-0  10134-2 0  4577
2 33822 074.0810 325.1811 0191737 002.6691 106.2060 13.96645573238718
0 COSMOS 2251 DEB
1 33822U 93036BP  13294.50346637  .00001675  00000-0  10496-2 0  4583
2 33822 074.0809 323.4574 0191804 000.7035 112.9985 13.96648947238852
0 COSMOS 2251 DEB
1 33822U 93036BP  13295.50709322  .00001950  00000-0  12190-2 0  4598
2 33822 074.0809 321.7339 0191881 358.7388 119.1790 13.96651872238993
