0 IRIDIUM 33 DEB
1 33881U 97051BA  13281.82077079  .00002216  00000-0  10346-2 0  2978
2 33881 086.3943 152.9399 0103176 125.6710 002.3155 14.17165179240189
0 IRIDIUM 33 DEB
1 33881U 97051BA  13283.09658426  .00002900  00000-0  13568-2 0  2980
2 33881 086.3942 152.4208 0103023 121.6034 031.2922 14.17174848240364
0 IRIDIUM 33 DEB
1 33881U 97051BA  13284.15028755  .00003035  00000-0  14200-2 0  2999
2 33881 086.3944 151.9921 0103299 118.2587 007.1149 14.17179804240519
0 IRIDIUM 33 DEB
1 33881U 97051BA  13285.40741057  .00002641  00000-0  12341-2 0  3004
2 33881 086.3945 151.4806 0103612 114.2785 300.7689 14.17185835240693
0 IRIDIUM 33 DEB
1 33881U 97051BA  13286.40874081  .00002668  00000-0  12463-2 0  3014
2 33881 086.3944 151.0733 0103820 111.1194 009.4152 14.17190220240836
0 IRIDIUM 33 DEB
1 33881U 97051BA  13287.82211240  .00003508  00000-0  16408-2 0  3021
2 33881 086.3943 150.4983 0104066 106.6685 020.2593 14.17198623241030
0 IRIDIUM 33 DEB
1 33881U 97051BA  13289.09794579  .00003846  00000-0  17993-2 0  3039
2 33881 086.3940 149.9793 0104226 102.6662 049.4287 14.17208503241210
0 IRIDIUM 33 DEB
1 33881U 97051BA  13290.15049218  .00003495  00000-0  16337-2 0  3043
2 33881 086.3937 149.5511 0104380 099.3660 019.4379 14.17214767241365
0 IRIDIUM 33 DEB
1 33881U 97051BA  13291.40877397  .00003293  00000-0  15383-2 0  3056
2 33881 086.3936 149.0391 0104625 095.4331 319.1154 14.17222423241548
0 IRIDIUM 33 DEB
1 33881U 97051BA  13292.40971160  .00003189  00000-0  14888-2 0  3064
2 33881 086.3936 148.6318 0104841 092.3122 025.8547 14.17227367241680
0 IRIDIUM 33 DEB
1 33881U 97051BA  13293.82262262  .00003244  00000-0  15139-2 0  3070
2 33881 086.3937 148.0569 0105141 087.9146 034.4898 14.17235332241881
0 IRIDIUM 33 DEB
1 33881U 97051BA  13295.10071389  .00003423  00000-0  15973-2 0  3087
2 33881 086.3938 147.5369 0105366 083.9348 075.3136 14.17241957242063
