0 COSMOS 2251 DEB
1 33922U 93036EB  13282.98854331  .00000895  00000-0  29147-3 0  2505
2 33922 074.0507 120.7163 0026142 260.3197 217.0330 14.39997670244671
0 COSMOS 2251 DEB
1 33922U 93036EB  13284.03940958  .00001051  00000-0  34074-3 0  2515
2 33922 074.0505 118.7761 0026147 258.2632 264.5719 14.39999576244827
0 COSMOS 2251 DEB
1 33922U 93036EB  13286.51515193  .00000968  00000-0  31444-3 0  2535
2 33922 074.0507 114.2060 0026081 253.2787 138.6316 14.40004736245186
0 COSMOS 2251 DEB
1 33922U 93036EB  13287.63411253  .00001126  00000-0  36447-3 0  2547
2 33922 074.0507 112.1400 0026073 251.0384 179.2414 14.40007551245347
0 COSMOS 2251 DEB
1 33922U 93036EB  13288.96365833  .00001403  00000-0  45206-3 0  2558
2 33922 074.0509 109.6856 0026043 248.3822 231.5234 14.40012133245533
0 COSMOS 2251 DEB
1 33922U 93036EB  13290.47483109  .00001337  00000-0  43115-3 0  2568
2 33922 074.0511 106.8955 0026004 245.3195 145.4096 14.40016913245755
0 COSMOS 2251 DEB
1 33922U 93036EB  13291.52261440  .00001357  00000-0  43747-3 0  2571
2 33922 074.0514 104.9613 0025969 243.2070 177.1027 14.40019316245909
0 COSMOS 2251 DEB
1 33922U 93036EB  13292.85337956  .00001623  00000-0  52145-3 0  2583
2 33922 074.0516 102.5046 0025928 240.5766 235.7330 14.40021994246096
0 COSMOS 2251 DEB
1 33922U 93036EB  13294.17353131  .00001585  00000-0  50939-3 0  2590
2 33922 074.0518 100.0676 0025871 237.9214 239.3972 14.40026500246286
0 COSMOS 2251 DEB
1 33922U 93036EB  13295.84042535  .00001788  00000-0  57346-3 0  2604
2 33922 074.0519 096.9905 0025809 234.5915 240.5833 14.40031224246523
