0 COSMOS 2251 DEB
1 34002U 93036GM  13281.75515601  .00068405  00000-0  38408-2 0  2402
2 34002 074.0218 292.8901 0053610 072.6088 047.1606 15.11750737250525
0 COSMOS 2251 DEB
1 34002U 93036GM  13282.15196571  .00116248  00000-0  64696-2 0  2416
2 34002 074.0217 292.0680 0053500 071.8730 046.5718 15.11842501250587
0 COSMOS 2251 DEB
1 34002U 93036GM  13283.14419777  .00096546  00000-0  53582-2 0  2423
2 34002 074.0215 290.0122 0053412 069.5440 047.3101 15.12037896250734
0 COSMOS 2251 DEB
1 34002U 93036GM  13283.79453959  .00110435  00000-0  61029-2 0  2434
2 34002 074.0213 288.6650 0053452 067.7917 347.6995 15.12122419250838
0 COSMOS 2251 DEB
1 34002U 93036GM  13284.13660470  .00093569  00000-0  51746-2 0  2445
2 34002 074.0212 287.9556 0053344 067.3437 049.4755 15.12181033250880
0 COSMOS 2251 DEB
1 34002U 93036GM  13286.45371801  .00084431  00000-0  46295-2 0  2462
2 34002 074.0197 283.1511 0053230 062.2691 064.6942 15.12533218251234
0 COSMOS 2251 DEB
1 34002U 93036GM  13287.83250837  .00127358  00000-0  68968-2 0  2478
2 34002 074.0187 280.2910 0053122 059.4159 012.6023 15.12778136251447
0 COSMOS 2251 DEB
1 34002U 93036GM  13288.43704324  .00145870  00000-0  78480-2 0  2480
2 34002 074.0182 279.0363 0053100 058.0981 065.0093 15.12924183251538
0 COSMOS 2251 DEB
1 34002U 93036GM  13289.16496836  .00135782  00000-0  72801-2 0  2490
2 34002 074.0177 277.5254 0053049 056.6373 069.6917 15.13095052251647
0 COSMOS 2251 DEB
1 34002U 93036GM  13289.43434755  .00129721  00000-0  69550-2 0  2507
2 34002 074.0180 276.9653 0052671 056.1620 096.9187 15.13140659251687
0 COSMOS 2251 DEB
1 34002U 93036GM  13290.15761230  .00126743  00000-0  67670-2 0  2512
2 34002 074.0172 275.4643 0053095 054.5191 076.9362 15.13282888251793
0 COSMOS 2251 DEB
1 34002U 93036GM  13291.41749909  .00122777  00000-0  65096-2 0  2525
2 34002 074.0172 272.8464 0052715 052.0436 100.8168 15.13565092251981
0 COSMOS 2251 DEB
1 34002U 93036GM  13292.79096830  .00126387  00000-0  66453-2 0  2535
2 34002 074.0174 269.9910 0051925 049.5334 024.7507 15.13878157252190
0 COSMOS 2251 DEB
1 34002U 93036GM  13293.71343905  .00133198  00000-0  69560-2 0  2547
2 34002 074.0166 268.0732 0052172 047.8666 012.0637 15.14074798252337
0 COSMOS 2251 DEB
1 34002U 93036GM  13295.11278382  .00137894  00000-0  71397-2 0  2558
2 34002 074.0173 265.1624 0051296 045.1140 079.8044 15.14394076252547
