0 COSMOS 2251 DEB
1 34001U 93036GL  13281.73783888  .00000213  00000-0  86315-4 0  7953
2 34001 074.0399 150.0133 0022004 242.2585 182.0542 14.33562732243525
0 COSMOS 2251 DEB
1 34001U 93036GL  13284.05125223  .00000280  00000-0  11030-3 0  7960
2 34001 074.0396 145.7843 0021928 237.5690 241.0820 14.33564540243859
0 COSMOS 2251 DEB
1 34001U 93036GL  13286.08210400  .00000276  00000-0  10908-3 0  7976
2 34001 074.0393 142.0719 0021862 233.5068 281.8270 14.33565508244149
0 COSMOS 2251 DEB
1 34001U 93036GL  13288.30728250  .00000403  00000-0  15469-3 0  7980
2 34001 074.0388 138.0040 0021819 229.0680 245.4414 14.33567760244460
0 COSMOS 2251 DEB
1 34001U 93036GL  13290.52257964  .00000322  00000-0  12529-3 0  7991
2 34001 074.0387 133.9540 0021762 224.6266 158.1014 14.33569638244783
0 COSMOS 2251 DEB
1 34001U 93036GL  13292.69580880  .00000374  00000-0  14414-3 0  8002
2 34001 074.0389 129.9810 0021677 220.2508 213.6910 14.33570952245094
0 COSMOS 2251 DEB
1 34001U 93036GL  13294.93789266  .00000447  00000-0  17040-3 0  8010
2 34001 074.0389 125.8819 0021593 215.7569 264.6198 14.33572533245418
