0 COSMOS 2251 DEB
1 34024U 93036HK  13281.82394771  .00000224  00000-0  93112-4 0  8009
2 34024 074.0475 159.1595 0023144 227.6777 260.5483 14.31965144243228
0 COSMOS 2251 DEB
1 34024U 93036HK  13284.06409112  .00000264  00000-0  10775-3 0  8012
2 34024 074.0471 155.0771 0023050 223.1481 288.5593 14.31966642243545
0 COSMOS 2251 DEB
1 34024U 93036HK  13286.09198431  .00000279  00000-0  11346-3 0  8028
2 34024 074.0467 151.3814 0022972 219.1001 302.3710 14.31967633243831
0 COSMOS 2251 DEB
1 34024U 93036HK  13288.31903044  .00000382  00000-0  15188-3 0  8033
2 34024 074.0462 147.3225 0022879 214.6243 262.8547 14.31969766244154
0 COSMOS 2251 DEB
1 34024U 93036HK  13290.75549770  .00000326  00000-0  13098-3 0  8043
2 34024 074.0461 142.8820 0022797 209.6218 223.0391 14.31971840244500
0 COSMOS 2251 DEB
1 34024U 93036HK  13292.99839034  .00000345  00000-0  13778-3 0  8053
2 34024 074.0462 138.7942 0022702 204.9658 265.3945 14.31973202244825
0 COSMOS 2251 DEB
1 34024U 93036HK  13295.02547678  .00000387  00000-0  15373-3 0  8060
2 34024 074.0463 135.0996 0022627 200.8172 275.1991 14.31974384245112
