0 COSMOS 2251 DEB
1 34057U 93036JU  13281.77361503  .00002152  00000-0  65393-3 0  9626
2 34057 074.0295 125.6500 0036151 238.4918 205.3533 14.42372154244147
0 COSMOS 2251 DEB
1 34057U 93036JU  13286.01192944  .00003309  00000-0  10002-2 0  9642
2 34057 074.0297 117.7871 0036045 229.6930 253.0786 14.42397429244759
0 COSMOS 2251 DEB
1 34057U 93036JU  13288.43106829  .00005317  00000-0  16014-2 0  9658
2 34057 074.0293 113.2976 0035969 224.6890 214.7715 14.42416908245106
0 COSMOS 2251 DEB
1 34057U 93036JU  13290.50231587  .00005625  00000-0  16930-2 0  9669
2 34057 074.0294 109.4544 0035897 220.4342 170.1108 14.42433035245405
0 COSMOS 2251 DEB
1 34057U 93036JU  13292.74239659  .00005255  00000-0  15816-2 0  9677
2 34057 074.0299 105.2969 0035886 215.9663 282.1694 14.42452698245723
0 COSMOS 2251 DEB
1 34057U 93036JU  13294.80872806  .00007104  00000-0  21339-2 0  9686
2 34057 074.0307 101.4620 0035800 211.8534 212.1338 14.42471925246029
