0 COSMOS 2251 DEB
1 34069U 93036KG  13281.53982825  .00005044  00000-0  11946-2 0   133
2 34069 074.0228 068.7501 0048589 241.6967 192.5409 14.53585789245841
0 COSMOS 2251 DEB
1 34069U 93036KG  13282.85615516  .00006803  00000-0  16077-2 0   144
2 34069 074.0227 066.2618 0048572 239.0409 240.6500 14.53606101246037
0 COSMOS 2251 DEB
1 34069U 93036KG  13285.46070515  .00006369  00000-0  15045-2 0   150
2 34069 074.0223 061.3372 0048572 233.7223 190.1112 14.53637036246412
0 COSMOS 2251 DEB
1 34069U 93036KG  13287.81179014  .00009344  00000-0  22018-2 0   160
2 34069 074.0226 056.8918 0048568 228.9912 253.3895 14.53664779246757
0 COSMOS 2251 DEB
1 34069U 93036KG  13290.67873160  .00007194  00000-0  16891-2 0   175
2 34069 074.0212 051.4715 0048552 223.2354 136.5477 14.53711143247172
0 COSMOS 2251 DEB
1 34069U 93036KG  13290.69125179  .00009975  00000-0  23473-2 0   170
2 34069 074.0233 051.4475 0048594 223.3004 201.9835 14.53713569247176
0 COSMOS 2251 DEB
1 34069U 93036KG  13292.77246398  .00008679  00000-0  20425-2 0   183
2 34069 074.0240 047.5133 0048442 218.9857 293.7294 14.53744854247471
0 COSMOS 2251 DEB
1 34069U 93036KG  13295.44190598  .00010236  00000-0  24052-2 0   193
2 34069 074.0238 042.4662 0048313 213.5895 224.1051 14.53785588247860
