0 COSMOS 2251 DEB
1 34129U 93036LA  13281.60271247  .00002224  00000-0  63052-3 0  2569
2 34129 074.0503 104.2854 0056225 236.6021 183.7508 14.45181686244684
0 COSMOS 2251 DEB
1 34129U 93036LA  13282.84950382  .00002195  00000-0  62222-3 0  2576
2 34129 074.0504 101.9639 0056181 234.0094 190.3473 14.45193889244866
0 COSMOS 2251 DEB
1 34129U 93036LA  13285.82604403  .00003104  00000-0  87628-3 0  2597
2 34129 074.0508 096.4240 0056187 227.7900 196.3813 14.45207330245296
0 COSMOS 2251 DEB
1 34129U 93036LA  13286.87424928  .00003958  00000-0  11148-2 0  2607
2 34129 074.0507 094.4724 0056138 225.6580 249.8633 14.45211799245442
0 COSMOS 2251 DEB
1 34129U 93036LA  13287.91299661  .00004737  00000-0  13324-2 0  2612
2 34129 074.0508 092.5383 0056031 223.4795 254.2197 14.45221964245595
0 COSMOS 2251 DEB
1 34129U 93036LA  13289.28829766  .00004817  00000-0  13545-2 0  2624
2 34129 074.0508 089.9783 0056039 220.6311 209.6082 14.45232677245792
0 COSMOS 2251 DEB
1 34129U 93036LA  13290.45749927  .00005118  00000-0  14383-2 0  2632
2 34129 074.0511 087.8011 0055982 218.1853 172.7707 14.45241744245964
0 COSMOS 2251 DEB
1 34129U 93036LA  13291.50055885  .00004606  00000-0  12950-2 0  2642
2 34129 074.0516 085.8590 0055940 216.0138 199.6624 14.45250504246114
0 COSMOS 2251 DEB
1 34129U 93036LA  13292.83559477  .00004946  00000-0  13897-2 0  2654
2 34129 074.0521 083.3733 0055900 213.2938 305.6578 14.45261451246306
0 COSMOS 2251 DEB
1 34129U 93036LA  13293.87272655  .00005812  00000-0  16313-2 0  2669
2 34129 074.0524 081.4423 0055825 211.1345 301.7853 14.45269343246456
0 COSMOS 2251 DEB
1 34129U 93036LA  13295.16901773  .00005913  00000-0  16591-2 0  2674
2 34129 074.0526 079.0289 0055749 208.4495 206.3329 14.45281082246644
