0 IRIDIUM 33 DEB
1 34160U 97051EP  13281.78503175  .00004852  00000-0  17121-2 0  3545
2 34160 086.4170 143.3629 0055230 344.2674 142.6576 14.33720695241902
0 IRIDIUM 33 DEB
1 34160U 97051EP  13282.90189472  .00007003  00000-0  24728-2 0  3553
2 34160 086.4173 142.8992 0055060 340.7067 147.1872 14.33739293242061
0 IRIDIUM 33 DEB
1 34160U 97051EP  13284.08697580  .00006845  00000-0  24165-2 0  3567
2 34160 086.4172 142.4072 0054937 336.6853 144.1269 14.33752984242232
0 IRIDIUM 33 DEB
1 34160U 97051EP  13286.37699458  .00005645  00000-0  19914-2 0  3582
2 34160 086.4175 141.4564 0054617 329.1685 084.2314 14.33775447242565
0 IRIDIUM 33 DEB
1 34160U 97051EP  13287.78806213  .00008084  00000-0  28531-2 0  3593
2 34160 086.4172 140.8705 0054456 324.4875 167.7097 14.33792371242764
0 IRIDIUM 33 DEB
1 34160U 97051EP  13289.04843667  .00009144  00000-0  32267-2 0  3609
2 34160 086.4168 140.3471 0054269 320.3260 193.4395 14.33815214242948
0 IRIDIUM 33 DEB
1 34160U 97051EP  13290.44001517  .00008769  00000-0  30935-2 0  3618
2 34160 086.4162 139.7693 0054110 315.7107 176.5223 14.33831879243143
0 IRIDIUM 33 DEB
1 34160U 97051EP  13291.76557345  .00007612  00000-0  26841-2 0  3627
2 34160 086.4160 139.2188 0053979 311.3000 178.9235 14.33850415243338
0 IRIDIUM 33 DEB
1 34160U 97051EP  13292.81191372  .00007638  00000-0  26928-2 0  3633
2 34160 086.4158 138.7843 0053847 307.8613 180.0452 14.33863771243481
0 IRIDIUM 33 DEB
1 34160U 97051EP  13294.06646777  .00008307  00000-0  29282-2 0  3647
2 34160 086.4159 138.2633 0053736 303.6678 176.0855 14.33879668243660
0 IRIDIUM 33 DEB
1 34160U 97051EP  13295.11447152  .00008911  00000-0  31405-2 0  3652
2 34160 086.4162 137.8280 0053674 300.1274 186.0047 14.33893410243814
