0 COSMOS 2251 DEB
1 34294U 93036MQ  13282.49464345  .00028228  00000-0  52573-2 0  1435
2 34294 073.9718 060.9484 0143892 206.3451 217.2236 14.58438553245288
0 COSMOS 2251 DEB
1 34294U 93036MQ  13283.18057355  .00025316  00000-0  47161-2 0  1444
2 34294 073.9717 059.6371 0143802 204.8811 218.6285 14.58458132245386
0 COSMOS 2251 DEB
1 34294U 93036MQ  13284.13575863  .00025373  00000-0  47245-2 0  1456
2 34294 073.9715 057.8107 0143633 202.8460 193.8322 14.58492531245524
0 COSMOS 2251 DEB
1 34294U 93036MQ  13285.45336047  .00021328  00000-0  39712-2 0  1468
2 34294 073.9714 055.2912 0143407 200.0396 272.1079 14.58547612245718
0 COSMOS 2251 DEB
1 34294U 93036MQ  13287.51416845  .00022500  00000-0  41842-2 0  1473
2 34294 073.9718 051.3500 0143017 195.6301 293.2343 14.58624623246014
0 COSMOS 2251 DEB
1 34294U 93036MQ  13288.47241925  .00030893  00000-0  57321-2 0  1488
2 34294 073.9720 049.5173 0142771 193.5866 285.1459 14.58677480246153
0 COSMOS 2251 DEB
1 34294U 93036MQ  13289.77525931  .00029045  00000-0  53867-2 0  1493
2 34294 073.9725 047.0256 0142516 190.7778 286.8463 14.58733312246342
0 COSMOS 2251 DEB
1 34294U 93036MQ  13291.49184213  .00025075  00000-0  46481-2 0  1504
2 34294 073.9730 043.7424 0142158 187.1155 301.6505 14.58816849246596
0 COSMOS 2251 DEB
1 34294U 93036MQ  13293.76080983  .00023940  00000-0  44330-2 0  1516
2 34294 073.9727 039.4024 0141651 182.2530 338.1283 14.58915320246929
0 COSMOS 2251 DEB
1 34294U 93036MQ  13296.20723728  .00023834  00000-0  44070-2 0  1523
2 34294 073.9720 034.7217 0141164 177.0038 227.4803 14.59019012247280
