0 COSMOS 2251 DEB
1 34295U 93036MR  13281.61239120  .00003370  00000-0  79914-3 0  9708
2 34295 074.0239 079.6571 0101015 352.2864 134.6271 14.51303369245104
0 COSMOS 2251 DEB
1 34295U 93036MR  13283.25459668  .00005204  00000-0  12293-2 0  9716
2 34295 074.0241 076.5647 0101049 348.8021 074.6838 14.51319929245347
0 COSMOS 2251 DEB
1 34295U 93036MR  13285.45944722  .00003686  00000-0  87262-3 0  9722
2 34295 074.0236 072.4113 0101167 344.0668 074.5841 14.51336476245664
0 COSMOS 2251 DEB
1 34295U 93036MR  13287.60921787  .00005802  00000-0  13682-2 0  9734
2 34295 074.0236 068.3612 0101292 339.4475 146.8346 14.51351592245978
0 COSMOS 2251 DEB
1 34295U 93036MR  13289.73405214  .00006822  00000-0  16063-2 0  9742
2 34295 074.0244 064.3583 0101407 334.9212 088.9149 14.51374094246281
0 COSMOS 2251 DEB
1 34295U 93036MR  13291.81302081  .00005771  00000-0  13593-2 0  9750
2 34295 074.0251 060.4418 0101539 330.4854 151.5123 14.51393719246589
0 COSMOS 2251 DEB
1 34295U 93036MR  13294.14507553  .00006895  00000-0  16212-2 0  9760
2 34295 074.0253 056.0488 0101717 325.4962 096.6783 14.51416061246926
