0 COSMOS 2251 DEB
1 34325U 93036NX  13282.35902456  .00001365  00000-0  93051-3 0  3392
2 34325 073.8802 343.1991 0222459 116.5268 342.8709 13.89503699235433
0 COSMOS 2251 DEB
1 34325U 93036NX  13283.50412215  .00001368  00000-0  93318-3 0  3400
2 34325 073.8803 341.2322 0222334 114.3295 310.9045 13.89506586235593
0 COSMOS 2251 DEB
1 34325U 93036NX  13286.16150279  .00001379  00000-0  94094-3 0  3420
2 34325 073.8800 336.6672 0222003 109.2234 283.7717 13.89512813235969
0 COSMOS 2251 DEB
1 34325U 93036NX  13287.17421997  .00001610  00000-0  10954-2 0  3431
2 34325 073.8808 334.9290 0222085 107.3191 309.6090 13.89514340236101
0 COSMOS 2251 DEB
1 34325U 93036NX  13288.47196997  .00002198  00000-0  14899-2 0  3449
2 34325 073.8805 332.6996 0221913 104.8190 321.3227 13.89520952236284
0 COSMOS 2251 DEB
1 34325U 93036NX  13289.56908289  .00002261  00000-0  15328-2 0  3455
2 34325 073.8802 330.8148 0221812 102.7039 049.4163 13.89523289236437
0 COSMOS 2251 DEB
1 34325U 93036NX  13290.57692735  .00002187  00000-0  14832-2 0  3461
2 34325 073.8799 329.0833 0221711 100.7580 050.9726 13.89526905236575
0 COSMOS 2251 DEB
1 34325U 93036NX  13291.79466815  .00001752  00000-0  11911-2 0  3477
2 34325 073.8796 326.9906 0221644 098.4174 022.5023 13.89531879236746
0 COSMOS 2251 DEB
1 34325U 93036NX  13292.80158861  .00001819  00000-0  12364-2 0  3487
2 34325 073.8795 325.2602 0221574 096.4764 019.4646 13.89534926236882
0 COSMOS 2251 DEB
1 34325U 93036NX  13293.80882068  .00002092  00000-0  14194-2 0  3499
2 34325 073.8796 323.5295 0221506 094.5301 018.0041 13.89536916237025
0 COSMOS 2251 DEB
1 34325U 93036NX  13295.16682118  .00002061  00000-0  13991-2 0  3506
2 34325 073.8794 321.1950 0221424 091.8430 331.2863 13.89542240237217
0 COSMOS 2251 DEB
1 34325U 93036NX  13296.17518208  .00002091  00000-0  14193-2 0  3515
2 34325 073.8793 319.4624 0221410 089.8978 335.4902 13.89546870237351
