0 COSMOS 2251 DEB
1 34434U 93036SB  13281.77086539  .00001945  00000-0  16657-2 0  1492
2 34434 074.0703 149.0485 0356566 211.9265 272.6743 13.62075313230084
0 COSMOS 2251 DEB
1 34434U 93036SB  13283.10047160  .00002165  00000-0  18524-2 0  1500
2 34434 074.0702 146.8897 0356493 209.4546 312.3904 13.62084399230263
0 COSMOS 2251 DEB
1 34434U 93036SB  13286.03679076  .00002541  00000-0  21702-2 0  1524
2 34434 074.0708 142.1235 0356420 204.0177 310.7046 13.62094258230663
0 COSMOS 2251 DEB
1 34434U 93036SB  13287.06549296  .00002940  00000-0  25076-2 0  1530
2 34434 074.0708 140.4533 0356398 202.1018 315.0148 13.62097487230806
0 COSMOS 2251 DEB
1 34434U 93036SB  13288.75053179  .00003323  00000-0  28311-2 0  1549
2 34434 074.0703 137.7174 0356365 198.9698 297.7453 13.62109680231031
0 COSMOS 2251 DEB
1 34434U 93036SB  13290.73320936  .00003434  00000-0  29249-2 0  1553
2 34434 074.0699 134.4981 0356314 195.2886 300.0484 13.62120831231301
0 COSMOS 2251 DEB
1 34434U 93036SB  13291.98567410  .00003329  00000-0  28354-2 0  1561
2 34434 074.0698 132.4643 0356298 192.9648 321.7064 13.62126396231478
0 COSMOS 2251 DEB
1 34434U 93036SB  13293.01516941  .00003761  00000-0  32006-2 0  1570
2 34434 074.0699 130.7925 0356277 191.0501 330.0290 13.62132092231618
0 COSMOS 2251 DEB
1 34434U 93036SB  13294.53070247  .00004216  00000-0  35854-2 0  1583
2 34434 074.0704 128.3316 0356237 188.2493 201.7474 13.62142364231820
0 COSMOS 2251 DEB
1 34434U 93036SB  13295.65068039  .00004503  00000-0  38276-2 0  1594
2 34434 074.0703 126.5137 0356189 186.1800 293.8176 13.62151026231977
