0 COSMOS 2251 DEB
1 34432U 93036RZ  13283.12443899  .00000724  00000-0  47667-3 0  3938
2 34432 073.8324 306.5060 0196141 097.7244 328.5522 13.94569302236101
0 COSMOS 2251 DEB
1 34432U 93036RZ  13284.12689133  .00000813  00000-0  53343-3 0  3940
2 34432 073.8322 304.7646 0196138 095.7882 321.3339 13.94570201236243
0 COSMOS 2251 DEB
1 34432U 93036RZ  13285.51044358  .00000669  00000-0  44201-3 0  3951
2 34432 073.8320 302.3609 0196126 093.1096 067.4247 13.94572288236434
0 COSMOS 2251 DEB
1 34432U 93036RZ  13286.51483590  .00000666  00000-0  43958-3 0  3963
2 34432 073.8320 300.6160 0196128 091.1716 069.9513 13.94573919236576
0 COSMOS 2251 DEB
1 34432U 93036RZ  13287.72637909  .00000802  00000-0  52634-3 0  3976
2 34432 073.8320 298.5110 0196142 088.8317 032.4826 13.94576405236746
0 COSMOS 2251 DEB
1 34432U 93036RZ  13289.16018020  .00000865  00000-0  56662-3 0  3988
2 34432 073.8321 296.0198 0196162 086.0649 030.8735 13.94579193236946
0 COSMOS 2251 DEB
1 34432U 93036RZ  13290.45998316  .00000926  00000-0  60589-3 0  3999
2 34432 073.8322 293.7615 0196189 083.5526 076.5444 13.94580562237127
0 COSMOS 2251 DEB
1 34432U 93036RZ  13291.80210559  .00000952  00000-0  62233-3 0  4005
2 34432 073.8323 291.4296 0196218 080.9606 334.6843 13.94582552237314
0 COSMOS 2251 DEB
1 34432U 93036RZ  13292.80806758  .00001002  00000-0  65427-3 0  4014
2 34432 073.8324 289.6818 0196233 079.0266 345.1239 13.94584377237450
0 COSMOS 2251 DEB
1 34432U 93036RZ  13293.81250801  .00001030  00000-0  67172-3 0  4029
2 34432 073.8325 287.9368 0196247 077.1006 347.9262 13.94586185237598
0 COSMOS 2251 DEB
1 34432U 93036RZ  13295.10442212  .00001086  00000-0  70738-3 0  4036
2 34432 073.8325 285.6923 0196259 074.6211 354.0074 13.94588131237776
0 COSMOS 2251 DEB
1 34432U 93036RZ  13296.11811175  .00001140  00000-0  74185-3 0  4048
2 34432 073.8324 283.9312 0196282 072.6703 043.2690 13.94590128237914
