0 IRIDIUM 33 DEB
1 34507U 97051GY  13281.81211814  .00059310  00000-0  72662-2 0   255
2 34507 086.4238 124.0719 0008232 061.9778 067.7202 14.82845583244135
0 IRIDIUM 33 DEB
1 34507U 97051GY  13282.01889221  .00112901  00000-0  13712-1 0   268
2 34507 086.4238 123.9791 0008204 060.8225 091.9652 14.82890579244163
0 IRIDIUM 33 DEB
1 34507U 97051GY  13283.02699079  .00088905  00000-0  10783-1 0   272
2 34507 086.4244 123.5267 0008379 058.2053 073.0737 14.83089704244310
0 IRIDIUM 33 DEB
1 34507U 97051GY  13283.54218764  .00095241  00000-0  11674-1 0   290
2 34507 086.4277 123.2980 0008658 057.1092 303.1462 14.83193920244392
0 IRIDIUM 33 DEB
1 34507U 97051GY  13283.76743784  .00102612  00000-0  12394-1 0   289
2 34507 086.4241 123.1951 0008330 055.9150 066.2566 14.83180485244426
0 IRIDIUM 33 DEB
1 34507U 97051GY  13284.04467229  .00083971  00000-0  10159-1 0   292
2 34507 086.4241 123.0706 0008191 054.3899 107.1141 14.83224252244460
0 IRIDIUM 33 DEB
1 34507U 97051GY  13285.30730564  .00071229  00000-0  85995-2 0   314
2 34507 086.4239 122.5045 0008329 050.8999 008.5141 14.83385346244648
0 IRIDIUM 33 DEB
1 34507U 97051GY  13287.74828032  .00113686  00000-0  13530-1 0   322
2 34507 086.4227 121.4088 0008601 042.7763 084.7963 14.83727544245012
0 IRIDIUM 33 DEB
1 34507U 97051GY  13287.94558750  .00145239  00000-0  17191-1 0   338
2 34507 086.4225 121.3202 0008678 042.2766 058.5302 14.83764574245031
0 IRIDIUM 33 DEB
1 34507U 97051GY  13288.75907038  .00116849  00000-0  13824-1 0   340
2 34507 086.4223 120.9546 0008554 038.9486 084.5970 14.83955275245163
0 IRIDIUM 33 DEB
1 34507U 97051GY  13289.28649387  .00112873  00000-0  13333-1 0   358
2 34507 086.4221 120.7174 0008664 037.7658 021.6531 14.84042462245235
0 IRIDIUM 33 DEB
1 34507U 97051GY  13289.77145980  .00127270  00000-0  14974-1 0   362
2 34507 086.4217 120.4992 0008816 035.8929 092.8756 14.84120448245313
0 IRIDIUM 33 DEB
1 34507U 97051GY  13290.55643139  .00081948  00000-0  97802-2 0   373
2 34507 086.4235 120.1566 0009025 030.1828 330.0414 14.84296170245433
0 IRIDIUM 33 DEB
1 34507U 97051GY  13290.71660786  .00121740  00000-0  14276-1 0   376
2 34507 086.4214 120.0748 0008803 032.3145 103.2292 14.84290876245453
0 IRIDIUM 33 DEB
1 34507U 97051GY  13291.51068941  .00101676  00000-0  11916-1 0   385
2 34507 086.4209 119.7186 0008957 029.7571 026.3722 14.84434222245561
0 IRIDIUM 33 DEB
1 34507U 97051GY  13293.00646648  .00092362  00000-0  10767-1 0   392
2 34507 086.4214 119.0454 0009531 024.6147 100.4094 14.84705621245795
0 IRIDIUM 33 DEB
1 34507U 97051GY  13295.09116870  .00112794  00000-0  12995-1 0   401
2 34507 086.4214 118.1073 0009784 017.5781 084.1598 14.85069086246097
