0 COSMOS 2251 DEB
1 34969U 93036AEY 13281.04738571  .00000455  00000-0  19283-3 0  2085
2 34969 074.0165 183.4132 0081117 281.6334 077.5719 14.26534308235139
0 COSMOS 2251 DEB
1 34969U 93036AEY 13283.36160143  .00000460  00000-0  19501-3 0  2096
2 34969 074.0166 179.2235 0081099 276.6780 082.5210 14.26536705235466
0 COSMOS 2251 DEB
1 34969U 93036AEY 13286.02645137  .00000473  00000-0  19999-3 0  2100
2 34969 074.0162 174.4012 0081459 271.6859 087.4968 14.26539594235849
0 COSMOS 2251 DEB
1 34969U 93036AEY 13290.30423116  .00000475  00000-0  20083-3 0  2116
2 34969 074.0157 166.6599 0081860 263.5196 095.6613 14.26543906236454
0 COSMOS 2251 DEB
1 34969U 93036AEY 13292.33792604  .00000477  00000-0  20162-3 0  2123
2 34969 074.0158 162.9795 0081893 259.3603 099.8311 14.26546033236741
