0 COSMOS 2251 DEB
1 34979U 93036AFJ 13281.86698503  .00002576  00000-0  65376-3 0  8251
2 34979 074.0501 081.4223 0081685 217.4183 271.9766 14.49321128234096
0 COSMOS 2251 DEB
1 34979U 93036AFJ 13283.78743293  .00003661  00000-0  92563-3 0  8266
2 34979 074.0505 077.8246 0081736 213.3440 212.0637 14.49336261234370
0 COSMOS 2251 DEB
1 34979U 93036AFJ 13285.44361613  .00003239  00000-0  81967-3 0  8271
2 34979 074.0503 074.7193 0081641 209.8844 213.3410 14.49345168234614
0 COSMOS 2251 DEB
1 34979U 93036AFJ 13286.84123243  .00003540  00000-0  89511-3 0  8280
2 34979 074.0505 072.0994 0081613 206.9389 305.5985 14.49352731234814
0 COSMOS 2251 DEB
1 34979U 93036AFJ 13288.48120200  .00004945  00000-0  12467-2 0  8298
2 34979 074.0511 069.0253 0081542 203.5745 222.3296 14.49366593235054
0 COSMOS 2251 DEB
1 34979U 93036AFJ 13289.80324559  .00005190  00000-0  13079-2 0  8303
2 34979 074.0516 066.5482 0081455 200.7369 280.4363 14.49375548235240
0 COSMOS 2251 DEB
1 34979U 93036AFJ 13290.84015601  .00004582  00000-0  11556-2 0  8317
2 34979 074.0521 064.6048 0081390 198.5843 290.7456 14.49384759235399
0 COSMOS 2251 DEB
1 34979U 93036AFJ 13292.08005997  .00004085  00000-0  10308-2 0  8325
2 34979 074.0526 062.2807 0081330 195.9513 280.3159 14.49394543235577
0 COSMOS 2251 DEB
1 34979U 93036AFJ 13293.37505544  .00004702  00000-0  11851-2 0  8332
2 34979 074.0527 059.8536 0081251 193.2320 197.3585 14.49405100235761
0 COSMOS 2251 DEB
1 34979U 93036AFJ 13294.41546707  .00005150  00000-0  12973-2 0  8349
2 34979 074.0528 057.9034 0081172 191.0104 226.1061 14.49412836235913
0 COSMOS 2251 DEB
1 34979U 93036AFJ 13295.45326667  .00005355  00000-0  13484-2 0  8351
2 34979 074.0526 055.9580 0081116 188.8691 241.1790 14.49421936236062
