0 COSMOS 2251 DEB
1 35016U 93036AGD 13282.10097347  .00000457  00000-0  17978-3 0  3561
2 35016 073.9333 159.7879 0125667 308.5378 122.5931 14.27937456232000
0 COSMOS 2251 DEB
1 35016U 93036AGD 13285.33317163  .00000480  00000-0  18857-3 0  3574
2 35016 073.9329 153.8936 0125694 302.0068 177.9075 14.27940029232462
0 COSMOS 2251 DEB
1 35016U 93036AGD 13288.27501278  .00000755  00000-0  29035-3 0  3588
2 35016 073.9322 148.5284 0125676 296.0576 180.6587 14.27944403232883
0 COSMOS 2251 DEB
1 35016U 93036AGD 13290.30764183  .00000594  00000-0  23066-3 0  3591
2 35016 073.9321 144.8212 0125689 291.9481 189.5650 14.27947659233173
0 COSMOS 2251 DEB
1 35016U 93036AGD 13292.95919220  .00000708  00000-0  27301-3 0  3603
2 35016 073.9321 139.9849 0125683 286.6002 140.1163 14.27949990233552
0 COSMOS 2251 DEB
1 35016U 93036AGD 13295.28199253  .00000740  00000-0  28496-3 0  3611
2 35016 073.9321 135.7482 0125665 281.9122 200.7173 14.27953936233885
