0 COSMOS 2251 DEB
1 35019U 93036AGG 13282.18570721  .00008960  00000-0  23154-2 0  6409
2 35019 074.0228 097.8380 0036000 233.8217 248.7229 14.49658184236389
0 COSMOS 2251 DEB
1 35019U 93036AGG 13283.83062852  .00009532  00000-0  24613-2 0  6411
2 35019 074.0225 094.7480 0035993 230.5181 193.0693 14.49679279236629
0 COSMOS 2251 DEB
1 35019U 93036AGG 13285.55679265  .00007409  00000-0  19146-2 0  6421
2 35019 074.0224 091.5052 0035940 227.0311 201.5534 14.49702481236874
0 COSMOS 2251 DEB
1 35019U 93036AGG 13287.83413578  .00011358  00000-0  29272-2 0  6437
2 35019 074.0218 087.2259 0035923 222.4834 206.6999 14.49735266237204
0 COSMOS 2251 DEB
1 35019U 93036AGG 13290.12135709  .00011172  00000-0  28769-2 0  6445
2 35019 074.0223 082.9287 0035877 217.9965 263.6554 14.49778286237530
0 COSMOS 2251 DEB
1 35019U 93036AGG 13292.73158684  .00010766  00000-0  27701-2 0  6455
2 35019 074.0237 078.0265 0035815 212.9712 206.7178 14.49828666237914
0 COSMOS 2251 DEB
1 35019U 93036AGG 13295.08896185  .00012676  00000-0  32563-2 0  6466
2 35019 074.0238 073.5969 0035681 208.3760 270.5702 14.49872990238258
