0 COSMOS 2251 DEB
1 35058U 93036AHM 13282.69725975  .00012136  00000-0  19395-2 0  7640
2 35058 074.0189 011.1555 0117090 157.6271 328.5935 14.67352645238323
0 COSMOS 2251 DEB
1 35058U 93036AHM 13283.92369447  .00012257  00000-0  19582-2 0  7658
2 35058 074.0189 008.7841 0116898 154.9375 327.2752 14.67380195238507
0 COSMOS 2251 DEB
1 35058U 93036AHM 13285.27494398  .00010001  00000-0  15987-2 0  7663
2 35058 074.0192 006.1712 0116693 151.9865 265.4127 14.67409528238707
0 COSMOS 2251 DEB
1 35058U 93036AHM 13286.65776227  .00009491  00000-0  15172-2 0  7678
2 35058 074.0199 003.4980 0116508 148.9832 010.4374 14.67433158238917
0 COSMOS 2251 DEB
1 35058U 93036AHM 13287.67923814  .00012583  00000-0  20084-2 0  7682
2 35058 074.0198 001.5229 0116394 146.7324 006.7062 14.67451868239063
0 COSMOS 2251 DEB
1 35058U 93036AHM 13288.89995432  .00013207  00000-0  21068-2 0  7690
2 35058 074.0199 359.1631 0116116 144.0769 335.6205 14.67489212239235
0 COSMOS 2251 DEB
1 35058U 93036AHM 13290.17853677  .00011705  00000-0  18671-2 0  7707
2 35058 074.0194 356.6906 0116068 141.2552 250.4157 14.67515561239420
0 COSMOS 2251 DEB
1 35058U 93036AHM 13292.15556950  .00008973  00000-0  14326-2 0  7718
2 35058 074.0186 352.8672 0115786 136.9189 255.3556 14.67553938239711
0 COSMOS 2251 DEB
1 35058U 93036AHM 13293.17813433  .00008864  00000-0  14150-2 0  7728
2 35058 074.0183 350.8896 0115669 134.6728 257.8138 14.67570868239868
0 COSMOS 2251 DEB
1 35058U 93036AHM 13294.20524613  .00010099  00000-0  16109-2 0  7732
2 35058 074.0181 348.9032 0115544 132.4077 284.3693 14.67585745240011
0 COSMOS 2251 DEB
1 35058U 93036AHM 13295.50119362  .00011251  00000-0  17933-2 0  7745
2 35058 074.0181 346.3965 0115377 129.5441 291.3571 14.67607123240203
