0 CZ-2C DEB
1 35417U 04012L   13281.76850346  .00004901  00000-0  86644-3 0  8546
2 35417 097.9090 193.3217 0144579 095.0357 328.5800 14.61168125426105
0 CZ-2C DEB
1 35417U 04012L   13283.00105503  .00007569  00000-0  13321-2 0  8558
2 35417 097.9090 194.5003 0144618 091.1625 332.0989 14.61189772426288
0 CZ-2C DEB
1 35417U 04012L   13283.53720130  .00003620  00000-0  63460-3 0  8560
2 35417 097.9077 195.0084 0144074 089.4224 272.3982 14.61182375426369
0 CZ-2C DEB
1 35417U 04012L   13286.75970965  .00006294  00000-0  11084-2 0  8575
2 35417 097.9095 198.0954 0144558 079.4770 303.8157 14.61229851426826
0 CZ-2C DEB
1 35417U 04012L   13288.75181256  .00009427  00000-0  16542-2 0  8580
2 35417 097.9100 200.0007 0144479 073.2795 343.1654 14.61261677427122
0 CZ-2C DEB
1 35417U 04012L   13291.07858951  .00009234  00000-0  16193-2 0  8591
2 35417 097.9103 202.2264 0144480 066.0283 343.3615 14.61297852427468
0 CZ-2C DEB
1 35417U 04012L   13293.35476725  .00009734  00000-0  17052-2 0  8601
2 35417 097.9100 204.4040 0144408 058.9598 077.6438 14.61332516427793
0 CZ-2C DEB
1 35417U 04012L   13295.66927731  .00012278  00000-0  21471-2 0  8613
2 35417 097.9095 206.6185 0144170 051.7540 013.8961 14.61368793428132
