0 COSMOS 2452
1 35499U 09036B   13282.12470922  .00000024  00000-0  10000-3 0   318
2 35499 082.4865 085.3666 0015543 162.2861 197.8770 12.42887634193202
0 COSMOS 2452
1 35499U 09036B   13282.52719471  .00000024  00000-0  10000-3 0   328
2 35499 082.4867 085.1159 0015550 161.4076 198.7577 12.42887673193259
0 COSMOS 2452
1 35499U 09036B   13282.76868606  .00000024  00000-0  10000-3 0   330
2 35499 082.4862 084.9652 0015534 160.8807 199.2858 12.42887676193280
0 COSMOS 2452
1 35499U 09036B   13283.01017748  .00000024  00000-0  10000-3 0   343
2 35499 082.4864 084.8150 0015567 160.4073 199.7612 12.42887692193316
0 COSMOS 2452
1 35499U 09036B   13283.41266301  .00000024  00000-0  10000-3 0   359
2 35499 082.4862 084.5640 0015551 159.5358 200.6348 12.42887714193361
0 COSMOS 2452
1 35499U 09036B   13283.65415440  .00000024  00000-0  10000-3 0   355
2 35499 082.4866 084.4138 0015599 159.1007 201.0719 12.42887727193399
0 COSMOS 2452
1 35499U 09036B   13283.89564565  .00000024  00000-0  10000-3 0   365
2 35499 082.4863 084.2630 0015607 158.6275 201.5463 12.42887738193429
0 COSMOS 2452
1 35499U 09036B   13284.05663983  .00000024  00000-0  10000-3 0   379
2 35499 082.4861 084.1626 0015613 158.2893 201.8850 12.42887728193444
0 COSMOS 2452
1 35499U 09036B   13284.45912555  .00000024  00000-0  10000-3 0   386
2 35499 082.4862 083.9117 0015620 157.4209 202.7566 12.42887754193495
0 COSMOS 2452
1 35499U 09036B   13285.50558801  .00000024  00000-0  10000-3 0   417
2 35499 082.4863 083.2595 0015672 155.1417 205.0423 12.42887792193627
0 COSMOS 2452
1 35499U 09036B   13285.74707931  .00000024  00000-0  10000-3 0   424
2 35499 082.4860 083.1090 0015691 154.6588 205.5267 12.42887798193657
0 COSMOS 2452
1 35499U 09036B   13286.14956481  .00000024  00000-0  10000-3 0   436
2 35499 082.4858 082.8582 0015683 153.8184 206.3691 12.42887810193701
0 COSMOS 2452
1 35499U 09036B   13286.39105619  .00000024  00000-0  10000-3 0   443
2 35499 082.4859 082.7077 0015691 153.3052 206.8842 12.42887823193738
0 COSMOS 2452
1 35499U 09036B   13286.79354170  .00000024  00000-0  10000-3 0   456
2 35499 082.4856 082.4566 0015719 152.4973 207.6943 12.42887829193780
0 COSMOS 2452
1 35499U 09036B   13287.03503301  .00000024  00000-0  10000-3 0   467
2 35499 082.4854 082.3058 0015728 151.9861 208.2066 12.42887816193816
0 COSMOS 2452
1 35499U 09036B   13287.43751863  .00000024  00000-0  10000-3 0   470
2 35499 082.4856 082.0551 0015755 151.1563 209.0394 12.42887835193863
0 COSMOS 2452
1 35499U 09036B   13287.84000419  .00000024  00000-0  10000-3 0   480
2 35499 082.4854 081.8043 0015791 150.3069 209.8914 12.42887841193915
0 COSMOS 2452
1 35499U 09036B   13288.08149545  .00000024  00000-0  10000-3 0   492
2 35499 082.4854 081.6540 0015810 149.7763 210.4233 12.42887850193945
0 COSMOS 2452
1 35499U 09036B   13288.48398090  .00000024  00000-0  10000-3 0   509
2 35499 082.4854 081.4032 0015823 148.9245 211.2775 12.42887873193999
0 COSMOS 2452
1 35499U 09036B   13288.72547221  .00000024  00000-0  10000-3 0   519
2 35499 082.4854 081.2530 0015824 148.4268 211.7763 12.42887868194022
0 COSMOS 2452
1 35499U 09036B   13289.12795774  .00000024  00000-0  10000-3 0   523
2 35499 082.4852 081.0020 0015822 147.5446 212.6612 12.42887893194074
0 COSMOS 2452
1 35499U 09036B   13289.53044308  .00000024  00000-0  10000-3 0   539
2 35499 082.4855 080.7512 0015840 146.7626 213.4458 12.42887937194122
0 COSMOS 2452
1 35499U 09036B   13289.77193425  .00000024  00000-0  10000-3 0   541
2 35499 082.4856 080.6008 0015850 146.1922 214.0172 12.42887949194152
0 COSMOS 2452
1 35499U 09036B   13290.01342554  .00000024  00000-0  10000-3 0   550
2 35499 082.4857 080.4503 0015867 145.6312 214.5800 12.42887968194183
0 COSMOS 2452
1 35499U 09036B   13290.25491678  .00000024  00000-0  10000-3 0   569
2 35499 082.4862 080.2996 0015889 145.1906 215.0224 12.42887995194211
0 COSMOS 2452
1 35499U 09036B   13290.65740203  .00000024  00000-0  10000-3 0   575
2 35499 082.4862 080.0490 0015920 144.3712 215.8434 12.42888008194262
0 COSMOS 2452
1 35499U 09036B   13290.81839622  .00000024  00000-0  10000-3 0   588
2 35499 082.4862 079.9486 0015909 144.0063 216.2092 12.42888018194285
0 COSMOS 2452
1 35499U 09036B   13291.05988748  .00000024  00000-0  10000-3 0   590
2 35499 082.4861 079.7981 0015905 143.5031 216.7137 12.42888028194317
0 COSMOS 2452
1 35499U 09036B   13291.46237282  .00000024  00000-0  10000-3 0   607
2 35499 082.4863 079.5475 0015922 142.7187 217.5007 12.42888071194365
0 COSMOS 2452
1 35499U 09036B   13291.70386395  .00000024  00000-0  10000-3 0   615
2 35499 082.4862 079.3970 0015929 142.2548 217.9657 12.42888091194395
0 COSMOS 2452
1 35499U 09036B   13292.10634925  .00000024  00000-0  10000-3 0   626
2 35499 082.4859 079.1459 0015917 141.4247 218.7975 12.42888116194441
0 COSMOS 2452
1 35499U 09036B   13292.50883443  .00000024  00000-0  10000-3 0   632
2 35499 082.4861 078.8953 0015924 140.6379 219.5862 12.42888161194493
0 COSMOS 2452
1 35499U 09036B   13292.75032566  .00000024  00000-0  10000-3 0   642
2 35499 082.4860 078.7448 0015939 140.0913 220.1339 12.42888160194524
0 COSMOS 2452
1 35499U 09036B   13292.99181695  .00000024  00000-0  10000-3 0   657
2 35499 082.4859 078.5942 0015957 139.5457 220.6815 12.42888176194559
0 COSMOS 2452
1 35499U 09036B   13293.47479934  .00000024  00000-0  10000-3 0   668
2 35499 082.4861 078.2936 0015958 138.4986 221.7312 12.42888219194617
0 COSMOS 2452
1 35499U 09036B   13293.87728461  .00000024  00000-0  10000-3 0   675
2 35499 082.4865 078.0433 0015982 137.6819 222.5501 12.42888252194665
0 COSMOS 2452
1 35499U 09036B   13294.03827866  .00000024  00000-0  10000-3 0   684
2 35499 082.4866 077.9433 0015970 137.3695 222.8630 12.42888267194684
0 COSMOS 2452
1 35499U 09036B   13294.52126093  .00000024  00000-0  10000-3 0   693
2 35499 082.4866 077.6424 0015974 136.3308 223.9043 12.42888324194746
0 COSMOS 2452
1 35499U 09036B   13294.68225495  .00000024  00000-0  10000-3 0   708
2 35499 082.4868 077.5421 0015966 135.9742 224.2610 12.42888322194766
0 COSMOS 2452
1 35499U 09036B   13295.08474025  .00000024  00000-0  10000-3 0   719
2 35499 082.4869 077.2915 0015973 135.1349 225.1024 12.42888343194813
0 COSMOS 2452
1 35499U 09036B   13295.32623135  .00000024  00000-0  10000-3 0   725
2 35499 082.4860 077.1398 0016042 134.4989 225.7399 12.42888348194847
0 COSMOS 2452
1 35499U 09036B   13295.56772267  .00000024  00000-0  10000-3 0   733
2 35499 082.4867 076.9901 0016017 134.0765 226.1638 12.42888354194872
0 COSMOS 2452
1 35499U 09036B   13295.72871676  .00000024  00000-0  10000-3 0   746
2 35499 082.4869 076.8900 0016039 133.7119 226.5293 12.42888372194898
0 COSMOS 2452
1 35499U 09036B   13296.05070497  .00000024  00000-0  10000-3 0   756
2 35499 082.4874 076.6899 0016037 133.0918 227.1510 12.42888394194935
