0 COSMOS 2251 DEB
1 35589U 93036AMG 13280.82656088  .00009331  00000-0  10538-2 0  4055
2 35589 073.9808 346.9918 0192660 261.4734 096.4566 14.74067404236305
0 COSMOS 2251 DEB
1 35589U 93036AMG 13282.52323288  .00013130  00000-0  14786-2 0  4069
2 35589 073.9809 343.6669 0192549 257.7665 100.1888 14.74115636236558
0 COSMOS 2251 DEB
1 35589U 93036AMG 13286.52718659  .00011862  00000-0  13347-2 0  4087
2 35589 073.9811 335.8196 0192258 249.0264 109.0245 14.74203029237140
0 COSMOS 2251 DEB
1 35589U 93036AMG 13287.81654412  .00016178  00000-0  18165-2 0  4095
2 35589 073.9810 333.2926 0192148 246.2436 111.8483 14.74237317237333
0 COSMOS 2251 DEB
1 35589U 93036AMG 13290.46301577  .00016810  00000-0  18850-2 0  4107
2 35589 073.9799 328.1048 0191840 240.4595 117.7335 14.74316492237723
0 COSMOS 2251 DEB
1 35589U 93036AMG 13292.43082198  .00013681  00000-0  15345-2 0  4111
2 35589 073.9797 324.2471 0191643 236.1663 122.1142 14.74369015238015
0 COSMOS 2251 DEB
1 35589U 93036AMG 13294.46641317  .00016644  00000-0  18639-2 0  4122
2 35589 073.9792 320.2545 0191408 231.6948 126.6882 14.74418439238311
