0 COSMOS 2251 DEB
1 35603U 93036AMW 13282.64003406  .00009115  00000-0  14977-2 0  2840
2 35603 074.0226 025.2983 0094411 277.3962 081.6701 14.67781874232625
0 COSMOS 2251 DEB
1 35603U 93036AMW 13285.57074564  .00012155  00000-0  19972-2 0  2868
2 35603 074.0152 019.6437 0091900 273.6350 085.5449 14.67872720233055
0 COSMOS 2251 DEB
1 35603U 93036AMW 13286.93378797  .00012437  00000-0  20406-2 0  2872
2 35603 074.0125 016.9986 0092306 270.5918 088.4881 14.67908293233250
0 COSMOS 2251 DEB
1 35603U 93036AMW 13288.91016878  .00014410  00000-0  23500-2 0  2883
2 35603 074.0192 013.1679 0094989 264.3874 094.8556 14.67978070233545
0 COSMOS 2251 DEB
1 35603U 93036AMW 13289.93235629  .00014669  00000-0  23862-2 0  2891
2 35603 074.0200 011.1880 0096120 262.3302 096.7272 14.68010533233694
0 COSMOS 2251 DEB
1 35603U 93036AMW 13290.54567542  .00015120  00000-0  24508-2 0  2905
2 35603 074.0243 009.9964 0098119 260.6140 098.4718 14.68034435233781
0 COSMOS 2251 DEB
1 35603U 93036AMW 13291.56784867  .00015393  00000-0  24884-2 0  2919
2 35603 074.0232 008.0112 0099290 258.9395 100.1028 14.68069151233932
0 COSMOS 2251 DEB
1 35603U 93036AMW 13293.88471474  .00017232  00000-0  27921-2 0  2923
2 35603 074.0196 003.5357 0095975 254.1405 105.0392 14.68160286234275
0 COSMOS 2251 DEB
1 35603U 93036AMW 13295.86072948  .00017053  00000-0  27592-2 0  2932
2 35603 074.0188 359.7116 0095928 250.0740 108.9638 14.68225377234560
