0 COSMOS 2251 DEB
1 35602U 93036AMV 13283.62314126  .00007348  00000-0  56525-3 0  5465
2 35602 074.0278 240.2713 0198830 046.0494 073.4250 14.87441800234750
0 COSMOS 2251 DEB
1 35602U 93036AMV 13285.57284843  .00005116  00000-0  39451-3 0  5474
2 35602 074.0277 236.3808 0198832 041.6314 073.8002 14.87465951235049
0 COSMOS 2251 DEB
1 35602U 93036AMV 13288.18536028  .00009567  00000-0  73356-3 0  5486
2 35602 074.0284 231.1672 0198845 035.7116 023.6358 14.87493152235431
0 COSMOS 2251 DEB
1 35602U 93036AMV 13289.27841287  .00007243  00000-0  55611-3 0  5497
2 35602 074.0289 228.9859 0198856 033.2395 116.9457 14.87511109235597
0 COSMOS 2251 DEB
1 35602U 93036AMV 13292.89376855  .00006542  00000-0  50198-3 0  5501
2 35602 074.0296 221.7717 0198891 025.0530 037.6511 14.87559644236135
0 COSMOS 2251 DEB
1 35602U 93036AMV 13296.12171444  .00008564  00000-0  65499-3 0  5515
2 35602 074.0290 215.3303 0198945 017.7642 044.2291 14.87597360236610
