0 IRIDIUM 33 DEB
1 35631U 97051RD  13282.04136565  .00000658  00000-0  20273-3 0  7046
2 35631 086.3669 119.4709 0022217 060.9236 097.7901 14.39831512233636
0 IRIDIUM 33 DEB
1 35631U 97051RD  13285.56557588  .00000688  00000-0  21252-3 0  7050
2 35631 086.3667 117.9733 0021868 050.0777 004.4240 14.39836010234130
0 IRIDIUM 33 DEB
1 35631U 97051RD  13286.97467597  .00000758  00000-0  23459-3 0  7066
2 35631 086.3669 117.3750 0021751 045.7347 108.0742 14.39837928234340
0 IRIDIUM 33 DEB
1 35631U 97051RD  13288.47943183  .00001023  00000-0  31903-3 0  7073
2 35631 086.3666 116.7342 0021608 040.8359 347.8012 14.39841822234551
0 IRIDIUM 33 DEB
1 35631U 97051RD  13290.49484362  .00000840  00000-0  26071-3 0  7084
2 35631 086.3666 115.8770 0021418 034.4695 354.2859 14.39845626234846
0 IRIDIUM 33 DEB
1 35631U 97051RD  13292.51522877  .00000915  00000-0  28447-3 0  7096
2 35631 086.3669 115.0181 0021110 028.0404 026.6284 14.39848803235138
0 IRIDIUM 33 DEB
1 35631U 97051RD  13293.83740865  .00001035  00000-0  32291-3 0  7109
2 35631 086.3673 114.4565 0020992 023.7858 039.9974 14.39850950235324
0 IRIDIUM 33 DEB
1 35631U 97051RD  13295.94003083  .00001093  00000-0  34123-3 0  7118
2 35631 086.3671 113.5626 0020713 016.9304 138.8065 14.39855541235636
