0 COSMOS 2251 DEB
1 35657U 93036ANY 13282.46880810  .00018265  00000-0  41992-2 0  8794
2 35657 074.0165 086.0269 0024192 229.9182 163.4584 14.55224377225553
0 COSMOS 2251 DEB
1 35657U 93036ANY 13282.89843854  .00016928  00000-0  38930-2 0  8802
2 35657 074.0164 085.2122 0024232 229.0630 254.1586 14.55226810225627
0 COSMOS 2251 DEB
1 35657U 93036ANY 13283.49361604  .00020215  00000-0  46485-2 0  8816
2 35657 074.0146 084.0832 0024218 226.5388 133.4252 14.55227692225716
0 COSMOS 2251 DEB
1 35657U 93036ANY 13285.57943166  .00014308  00000-0  32879-2 0  8825
2 35657 074.0158 080.1286 0024336 224.2393 258.8243 14.55295720226014
0 COSMOS 2251 DEB
1 35657U 93036ANY 13287.84816304  .00020749  00000-0  47541-2 0  8839
2 35657 074.0151 075.8261 0024275 220.1574 264.3257 14.55356554226345
0 COSMOS 2251 DEB
1 35657U 93036ANY 13290.17270730  .00020801  00000-0  47576-2 0  8844
2 35657 074.0160 071.4172 0024240 215.8988 202.9487 14.55437156226677
0 COSMOS 2251 DEB
1 35657U 93036ANY 13291.20571221  .00018899  00000-0  43213-2 0  8857
2 35657 074.0162 069.4577 0024190 214.0021 215.2208 14.55473361226832
0 COSMOS 2251 DEB
1 35657U 93036ANY 13293.47362372  .00020254  00000-0  46222-2 0  8865
2 35657 074.0168 065.1564 0024039 210.0455 217.8426 14.55550563227163
0 COSMOS 2251 DEB
1 35657U 93036ANY 13294.79625946  .00023693  00000-0  53985-2 0  8875
2 35657 074.0167 062.6472 0023942 207.7244 308.0342 14.55590530227352
0 COSMOS 2251 DEB
1 35657U 93036ANY 13295.74191095  .00022186  00000-0  50534-2 0  8888
2 35657 074.0166 060.8532 0023868 206.0754 223.0643 14.55622444227498
