0 COSMOS 2251 DEB
1 35650U 93036ANR 13281.02111137  .00001748  00000-0  53113-3 0  4835
2 35650 074.0621 122.6664 0035675 242.7337 268.8325 14.42506025230752
0 COSMOS 2251 DEB
1 35650U 93036ANR 13282.52265572  .00002004  00000-0  60769-3 0  4846
2 35650 074.0619 119.8851 0035674 239.6467 146.3199 14.42518930230974
0 COSMOS 2251 DEB
1 35650U 93036ANR 13287.95602368  .00004302  00000-0  12944-2 0  4862
2 35650 074.0622 109.8220 0035475 228.3711 282.1684 14.42540510231757
0 COSMOS 2251 DEB
1 35650U 93036ANR 13290.93845718  .00003540  00000-0  10662-2 0  4871
2 35650 074.0624 104.2968 0035565 222.3144 290.2841 14.42560480232182
0 COSMOS 2251 DEB
1 35650U 93036ANR 13292.95054965  .00004203  00000-0  12639-2 0  4885
2 35650 074.0632 100.5694 0035411 218.1667 299.4921 14.42572398232472
