0 PALAPA D
1 35812U 09046A   13281.91082145 -.00000370  00000-0  10000-3 0  8021
2 35812 000.0097 122.2690 0002380 105.7969 230.5070 01.00270628 15211
0 PALAPA D
1 35812U 09046A   13282.80220973  .00000000  00000-0  10000-3 0  8044
2 35812 000.0131 014.6056 0002481 215.8552 189.8780 01.00266244 14204
0 PALAPA D
1 35812U 09046A   13282.99940237 -.00000373  00000-0  10000-3 0  8039
2 35812 000.0114 117.5373 0002370 110.3132 263.6782 01.00270042 15227
0 PALAPA D
1 35812U 09046A   13284.90427150 -.00000379  00000-0  10000-3 0  8043
2 35812 000.0216 068.0785 0001898 129.6289 261.4610 01.00271606 15242
0 PALAPA D
1 35812U 09046A   13286.76411981 -.00000383  00000-0  10000-3 0  8050
2 35812 000.0320 068.3303 0002059 146.2699 195.9421 01.00271126 15267
0 PALAPA D
1 35812U 09046A   13288.49276616 -.00000383  00000-0  10000-3 0  8067
2 35812 000.0332 069.1575 0002070 145.1337 100.2606 01.00270274 15278
0 PALAPA D
1 35812U 09046A   13291.76453294 -.00000377  00000-0  10000-3 0  8074
2 35812 000.0377 064.0353 0002074 151.9593 199.6171 01.00273838 15311
0 PALAPA D
1 35812U 09046A   13292.77583323 -.00000375  00000-0  10000-3 0  8082
2 35812 000.0310 047.9136 0002082 163.3341 209.4354 01.00273193 15322
0 PALAPA D
1 35812U 09046A   13293.80111144 -.00000373  00000-0  10000-3 0  8094
2 35812 000.0327 046.3680 0002054 165.5098 218.9174 01.00272437 15335
0 PALAPA D
1 35812U 09046A   13295.82372031 -.00000370  00000-0  10000-3 0  8101
2 35812 000.0360 046.2642 0002052 165.5749 229.0887 01.00271371 15352
