0 COSMOS 2251 DEB
1 35888U 93036AUB 13283.11795857  .00000686  00000-0  19083-3 0  3575
2 35888 074.0349 080.7302 0060381 241.3550 118.1528 14.47293212218607
0 COSMOS 2251 DEB
1 35888U 93036AUB 13287.74916217  .00000902  00000-0  24860-3 0  3595
2 35888 074.0341 072.0725 0060017 231.6141 127.9901 14.47304943219277
0 COSMOS 2251 DEB
1 35888U 93036AUB 13289.75369476  .00001015  00000-0  27896-3 0  3607
2 35888 074.0338 068.3240 0059488 227.9591 131.6586 14.47311188219562
0 COSMOS 2251 DEB
1 35888U 93036AUB 13291.75822012  .00001094  00000-0  29975-3 0  3618
2 35888 074.0369 064.5743 0060374 223.0631 136.5894 14.47317323219855
0 COSMOS 2251 DEB
1 35888U 93036AUB 13293.00240758  .00001183  00000-0  32332-3 0  3620
2 35888 074.0383 062.2467 0060730 219.6397 140.0669 14.47322040220039
0 COSMOS 2251 DEB
1 35888U 93036AUB 13295.00691535  .00001346  00000-0  36665-3 0  3630
2 35888 074.0363 058.4993 0060782 215.4249 144.3187 14.47330404220322
