0 COSMOS 2251 DEB
1 35893U 93036AUG 13282.13275371  .00002736  00000-0  94469-3 0  3610
2 35893 073.6640 098.4340 0086087 221.7599 137.7378 14.34270955215552
0 COSMOS 2251 DEB
1 35893U 93036AUG 13284.15546802  .00002966  00000-0  10239-2 0  3622
2 35893 073.6588 094.6483 0084985 217.6476 141.8786 14.34285423215849
0 COSMOS 2251 DEB
1 35893U 93036AUG 13286.80588104  .00003949  00000-0  13638-2 0  3647
2 35893 073.6546 089.6878 0081008 213.5638 146.0640 14.34317320216224
0 COSMOS 2251 DEB
1 35893U 93036AUG 13288.13106102  .00004156  00000-0  14359-2 0  3652
2 35893 073.6528 087.2085 0079932 211.0709 148.5702 14.34331457216417
0 COSMOS 2251 DEB
1 35893U 93036AUG 13289.10750533  .00004416  00000-0  15237-2 0  3669
2 35893 073.6542 085.3730 0080541 208.1211 151.6007 14.34344124216555
0 COSMOS 2251 DEB
1 35893U 93036AUG 13290.08393637  .00004704  00000-0  16223-2 0  3673
2 35893 073.6507 083.5562 0080116 205.3381 154.4190 14.34357201216693
0 COSMOS 2251 DEB
1 35893U 93036AUG 13291.06035968  .00005204  00000-0  17889-2 0  3688
2 35893 073.6620 081.7135 0082621 203.5472 156.2926 14.34373641216838
0 COSMOS 2251 DEB
1 35893U 93036AUG 13291.75778265  .00005370  00000-0  18435-2 0  3691
2 35893 073.6662 080.4033 0083581 203.3228 156.4733 14.34384094216933
0 COSMOS 2251 DEB
1 35893U 93036AUG 13293.08290007  .00005896  00000-0  20234-2 0  3707
2 35893 073.6595 077.9303 0083057 200.7642 159.0733 14.34405385217126
0 COSMOS 2251 DEB
1 35893U 93036AUG 13295.03567520  .00006384  00000-0  21840-2 0  3719
2 35893 073.6647 074.2709 0085103 196.0760 163.9073 14.34437186217402
