0 IRIDIUM 33 DEB
1 35909U 97051TS  13281.36741292  .00019155  00000-0  52952-2 0  1210
2 35909 086.3904 149.5615 0073459 075.8001 285.1344 14.45012766214851
0 IRIDIUM 33 DEB
1 35909U 97051TS  13281.92138950  .00019290  00000-0  53227-2 0  1220
2 35909 086.3842 149.3282 0074955 071.6599 289.2327 14.45035105214935
0 IRIDIUM 33 DEB
1 35909U 97051TS  13282.89083506  .00019839  00000-0  54713-2 0  1234
2 35909 086.3890 148.9099 0074519 068.0675 292.8978 14.45079455215074
0 IRIDIUM 33 DEB
1 35909U 97051TS  13283.92947394  .00020096  00000-0  55283-2 0  1244
2 35909 086.3894 148.4724 0076136 066.0627 294.8866 14.45124411215228
0 IRIDIUM 33 DEB
1 35909U 97051TS  13284.34491767  .00020673  00000-0  56685-2 0  1258
2 35909 086.3767 148.3046 0078954 064.7104 296.2817 14.45149953215284
0 IRIDIUM 33 DEB
1 35909U 97051TS  13285.38347883  .00021686  00000-0  59450-2 0  1272
2 35909 086.3801 147.8712 0077814 059.4267 301.4888 14.45208496215434
0 IRIDIUM 33 DEB
1 35909U 97051TS  13285.86813548  .00021863  00000-0  59836-2 0  1287
2 35909 086.3754 147.6617 0078996 054.9166 305.9438 14.45232394215505
0 IRIDIUM 33 DEB
1 35909U 97051TS  13293.34485515  .00028799  00000-0  78166-2 0  1291
2 35909 086.3929 144.4601 0076571 034.9354 328.3822 14.45703243216582
