0 IRIDIUM 33 DEB
1 36019U 97051VA  13282.32576509  .00003948  00000-0  11780-2 0  5612
2 36019 086.3992 126.3106 0010224 083.8561 041.1723 14.42799437217173
0 IRIDIUM 33 DEB
1 36019U 97051VA  13287.50876249  .00004041  00000-0  12053-2 0  5632
2 36019 086.3980 124.1159 0010140 070.2950 318.7305 14.42827702217922
0 IRIDIUM 33 DEB
1 36019U 97051VA  13289.52031231  .00004614  00000-0  13762-2 0  5645
2 36019 086.3974 123.2639 0010053 064.8008 325.9998 14.42848445218212
0 IRIDIUM 33 DEB
1 36019U 97051VA  13290.84320839  .00004507  00000-0  13439-2 0  5650
2 36019 086.3975 122.7037 0010019 060.8388 357.0761 14.42858326218402
0 IRIDIUM 33 DEB
1 36019U 97051VA  13292.31164734  .00004547  00000-0  13556-2 0  5669
2 36019 086.3974 122.0815 0009936 056.9534 063.6355 14.42869445218619
0 IRIDIUM 33 DEB
1 36019U 97051VA  13294.51297133  .00005369  00000-0  16012-2 0  5677
2 36019 086.3984 121.1496 0009835 050.2681 337.5060 14.42885082218939
0 IRIDIUM 33 DEB
1 36019U 97051VA  13295.83769829  .00005452  00000-0  16256-2 0  5683
2 36019 086.3982 120.5878 0009733 046.8983 017.6629 14.42894829219125
