0 IRIDIUM 33 DEB
1 36027U 97051VJ  13282.34633252  .00019997  00000-0  51459-2 0  4518
2 36027 086.4127 130.3235 0015870 255.7760 226.9882 14.49958902223867
0 IRIDIUM 33 DEB
1 36027U 97051VJ  13283.04242598  .00016206  00000-0  41702-2 0  4526
2 36027 086.4128 130.0265 0015909 253.1527 260.8105 14.49977272223972
0 IRIDIUM 33 DEB
1 36027U 97051VJ  13287.04488575  .00013770  00000-0  35366-2 0  4541
2 36027 086.4129 128.3185 0016105 238.4582 275.3423 14.50073751224550
0 IRIDIUM 33 DEB
1 36027U 97051VJ  13288.01121536  .00026014  00000-0  66684-2 0  4553
2 36027 086.4120 127.9059 0016190 234.8603 280.2650 14.50106885224691
0 IRIDIUM 33 DEB
1 36027U 97051VJ  13289.31614848  .00020811  00000-0  53321-2 0  4564
2 36027 086.4114 127.3490 0016308 230.0605 253.1007 14.50156595224876
0 IRIDIUM 33 DEB
1 36027U 97051VJ  13290.82141265  .00018060  00000-0  46234-2 0  4579
2 36027 086.4113 126.7065 0016441 224.8187 191.7851 14.50209269225096
0 IRIDIUM 33 DEB
1 36027U 97051VJ  13292.28334581  .00018121  00000-0  46345-2 0  4588
2 36027 086.4110 126.0823 0016581 219.6765 264.5575 14.50253815225309
0 IRIDIUM 33 DEB
1 36027U 97051VJ  13293.50680955  .00019977  00000-0  51039-2 0  4590
2 36027 086.4113 125.5601 0016651 215.3293 172.5100 14.50292638225484
0 IRIDIUM 33 DEB
1 36027U 97051VJ  13294.28456196  .00021307  00000-0  54405-2 0  4606
2 36027 086.4110 125.2272 0016737 212.6303 273.3387 14.50312398225594
0 IRIDIUM 33 DEB
1 36027U 97051VJ  13295.50848366  .00024183  00000-0  61668-2 0  4611
2 36027 086.4115 124.7051 0016771 208.5182 183.7229 14.50358654225779
