0 COSMOS 2251 DEB
1 36045U 93036AXG 13283.22125288  .00000804  00000-0  30551-3 0  1807
2 36045 073.7742 131.7253 0106980 209.9825 149.5203 14.29639235223196
0 COSMOS 2251 DEB
1 36045U 93036AXG 13285.25054440  .00000810  00000-0  30759-3 0  1811
2 36045 073.7728 127.9789 0107010 205.6283 153.9641 14.29642842223482
0 COSMOS 2251 DEB
1 36045U 93036AXG 13287.20984907  .00000848  00000-0  32125-3 0  1829
2 36045 073.7744 124.3608 0106933 202.0081 157.6593 14.29647598223762
0 COSMOS 2251 DEB
1 36045U 93036AXG 13289.23912652  .00000902  00000-0  34089-3 0  1835
2 36045 073.7784 120.6155 0107450 198.0858 161.6887 14.29653136224052
0 COSMOS 2251 DEB
1 36045U 93036AXG 13290.21876547  .00000958  00000-0  36086-3 0  1848
2 36045 073.7773 118.8006 0108926 195.4858 164.3305 14.29656685224196
0 COSMOS 2251 DEB
1 36045U 93036AXG 13291.19840634  .00001047  00000-0  39233-3 0  1852
2 36045 073.7787 116.9888 0111016 193.3859 166.5218 14.29661622224330
0 COSMOS 2251 DEB
1 36045U 93036AXG 13292.87777837  .00001117  00000-0  41704-3 0  1867
2 36045 073.7828 113.8928 0112893 188.9295 171.0397 14.29667699224570
0 COSMOS 2251 DEB
1 36045U 93036AXG 13295.11694447  .00001270  00000-0  47462-3 0  1870
2 36045 073.7872 109.7610 0109192 184.8793 175.1932 14.29677669224890
