0 COSMOS 2251 DEB
1 36424U 93036AZX 13282.41265286  .00006656  00000-0  31456-2 0  3088
2 36424 074.1838 284.9055 0129531 254.8001 174.8364 14.15570612205895
0 COSMOS 2251 DEB
1 36424U 93036AZX 13283.69490919  .00006116  00000-0  28913-2 0  3098
2 36424 074.1838 282.6482 0129493 252.2636 229.2367 14.15580499206070
0 COSMOS 2251 DEB
1 36424U 93036AZX 13286.36994480  .00004711  00000-0  22300-2 0  3102
2 36424 074.1830 277.9393 0129194 247.0593 181.3580 14.15605627206450
0 COSMOS 2251 DEB
1 36424U 93036AZX 13288.34857993  .00007234  00000-0  34159-2 0  3118
2 36424 074.1826 274.4563 0128984 243.1060 184.8508 14.15628382206730
0 COSMOS 2251 DEB
1 36424U 93036AZX 13290.41537785  .00006735  00000-0  31815-2 0  3125
2 36424 074.1828 270.8175 0128694 238.8982 277.8950 14.15650561207035
0 COSMOS 2251 DEB
1 36424U 93036AZX 13292.93453774  .00005219  00000-0  24680-2 0  3138
2 36424 074.1832 266.3822 0128301 233.7649 156.5423 14.15678585207380
0 COSMOS 2251 DEB
1 36424U 93036AZX 13295.36123323  .00006988  00000-0  33002-2 0  3145
2 36424 074.1834 262.1102 0127860 228.7837 284.2127 14.15700754207721
