0 IRIDIUM 33 DEB
1 36493U 97051WK  13281.86157950  .00001326  00000-0  43391-3 0  3756
2 36493 086.3694 123.3309 0018086 005.4099 354.7398 14.37726090228396
0 IRIDIUM 33 DEB
1 36493U 97051WK  13283.81032458  .00001354  00000-0  44328-3 0  3761
2 36493 086.3694 122.5056 0018086 359.0186 001.1141 14.37732028228679
0 IRIDIUM 33 DEB
1 36493U 97051WK  13286.87261831  .00001404  00000-0  45951-3 0  3780
2 36493 086.3678 121.2054 0018645 347.1428 012.9508 14.37741845229117
0 IRIDIUM 33 DEB
1 36493U 97051WK  13289.23892285  .00001430  00000-0  46834-3 0  3797
2 36493 086.3715 120.2114 0018345 341.4532 018.6095 14.37749161229455
0 IRIDIUM 33 DEB
1 36493U 97051WK  13290.28287676  .00001457  00000-0  47711-3 0  3802
2 36493 086.3706 119.7701 0017989 341.0914 018.9814 14.37753015229605
0 IRIDIUM 33 DEB
1 36493U 97051WK  13291.81400237  .00001565  00000-0  51308-3 0  3810
2 36493 086.3702 119.1212 0018138 335.8800 024.2589 14.37761388229829
0 IRIDIUM 33 DEB
1 36493U 97051WK  13292.30115776  .00001550  00000-0  50804-3 0  3821
2 36493 086.3656 118.9099 0018463 338.9432 021.0617 14.37762083229890
0 IRIDIUM 33 DEB
1 36493U 97051WK  13293.27551525  .00001607  00000-0  52667-3 0  3837
2 36493 086.3656 118.4968 0018463 335.7475 024.3432 14.37767141230031
0 IRIDIUM 33 DEB
1 36493U 97051WK  13294.80661922  .00001630  00000-0  53437-3 0  3843
2 36493 086.3607 117.8434 0018480 330.2186 029.7915 14.37772310230259
0 IRIDIUM 33 DEB
1 36493U 97051WK  13295.29378825  .00001707  00000-0  56008-3 0  3857
2 36493 086.3647 117.6443 0015973 329.6189 030.4830 14.37776800230321
