0 IRIDIUM 33 DEB
1 36566U 97051WV  13282.51506976  .00007289  00000-0  41925-2 0  3299
2 36566 086.4380 185.2493 0214121 306.0529 052.0971 13.98293336216443
0 IRIDIUM 33 DEB
1 36566U 97051WV  13285.44892794  .00007289  00000-0  42010-2 0  3308
2 36566 086.4383 184.1052 0212502 296.9605 061.0131 13.98335926216853
0 IRIDIUM 33 DEB
1 36566U 97051WV  13287.45248662  .00007345  00000-0  42329-2 0  3317
2 36566 086.4373 183.3207 0212231 290.7965 067.0783 13.98366622217133
0 IRIDIUM 33 DEB
1 36566U 97051WV  13290.95862414  .00007396  00000-0  42554-2 0  3320
2 36566 086.4371 181.9511 0212578 279.8746 077.8878 13.98419739217628
0 IRIDIUM 33 DEB
1 36566U 97051WV  13291.45948443  .00007409  00000-0  42729-2 0  3333
2 36566 086.4382 181.7582 0211216 278.1835 079.5551 13.98427566217696
0 IRIDIUM 33 DEB
1 36566U 97051WV  13295.39479218  .00007443  00000-0  42776-2 0  3340
2 36566 086.4350 180.2140 0212476 266.2450 091.4732 13.98486786218240
