0 NAVSTAR 65 (USA 213)
1 36585U 10022A   13281.03576888 -.00000040  00000-0  00000+0 0  3417
2 36585 055.8237 034.0572 0025975 037.2070 228.5753 02.00559466 24631
0 NAVSTAR 65 (USA 213)
1 36585U 10022A   13282.05020428 -.00000040  00000-0  00000+0 0  3425
2 36585 055.8242 034.0168 0025988 037.1290 241.1071 02.00559563 24659
0 NAVSTAR 65 (USA 213)
1 36585U 10022A   13282.52233370 -.00000041  00000-0  00000+0 0  3431
2 36585 055.8245 033.9980 0025995 037.0954 222.0328 02.00559609 24661
0 NAVSTAR 65 (USA 213)
1 36585U 10022A   13283.53868079 -.00000044  00000-0  00000+0 0  3447
2 36585 055.8250 033.9576 0026005 037.0049 235.9576 02.00559713 24682
0 NAVSTAR 65 (USA 213)
1 36585U 10022A   13285.02528197 -.00000054  00000-0  00000+0 0  3459
2 36585 055.8257 033.8985 0026015 036.8650 229.4706 02.00559865 24713
0 NAVSTAR 65 (USA 213)
1 36585U 10022A   13286.03806696 -.00000062  00000-0  00000+0 0  3464
2 36585 055.8263 033.8582 0026018 036.7655 240.8333 02.00559965 24736
0 NAVSTAR 65 (USA 213)
1 36585U 10022A   13287.04955360 -.00000071  00000-0  00000+0 0  3470
2 36585 055.8268 033.8180 0026020 036.6771 251.2479 02.00560057 24759
0 NAVSTAR 65 (USA 213)
1 36585U 10022A   13288.06048822 -.00000080  00000-0  00000+0 0  3480
2 36585 055.8273 033.7779 0026017 036.5848 261.2683 02.00560146 24777
0 NAVSTAR 65 (USA 213)
1 36585U 10022A   13289.01214745 -.00000085  00000-0  00000+0 0  3491
2 36585 055.8278 033.7402 0026016 036.5125 228.4706 02.00560215 24792
0 NAVSTAR 65 (USA 213)
1 36585U 10022A   13290.02474293 -.00000089  00000-0  00000+0 0  3506
2 36585 055.8283 033.6999 0026016 036.4405 239.6709 02.00560286 24816
0 NAVSTAR 65 (USA 213)
1 36585U 10022A   13291.03972409 -.00000089  00000-0  00000+0 0  3511
2 36585 055.8288 033.6597 0026016 036.3588 252.6041 02.00560341 24834
0 NAVSTAR 65 (USA 213)
1 36585U 10022A   13291.51536443 -.00000088  00000-0  00000+0 0  3528
2 36585 055.8291 033.6408 0026016 036.3246 236.0672 02.00560361 24849
0 NAVSTAR 65 (USA 213)
1 36585U 10022A   13293.23563215 -.00000082  00000-0  00000+0 0  3531
2 36585 055.8299 033.5727 0026018 036.1924 038.2934 02.00560426 24882
0 NAVSTAR 65 (USA 213)
1 36585U 10022A   13294.01714921 -.00000078  00000-0  00000+0 0  3546
2 36585 055.8303 033.5417 0026021 036.1508 242.6185 02.00560437 24898
0 NAVSTAR 65 (USA 213)
1 36585U 10022A   13295.02510258 -.00000074  00000-0  00000+0 0  3552
2 36585 055.8307 033.5016 0026029 036.1066 250.4414 02.00560449 24912
0 NAVSTAR 65 (USA 213)
1 36585U 10022A   13295.02510258 -.00000074  00000-0  00000+0 0  3563
2 36585 055.8307 033.5016 0026029 036.1066 250.4414 02.00560449 24912
0 NAVSTAR 65 (USA 213)
1 36585U 10022A   13295.02510258 -.00000074  00000-0  00000+0 0  3574
2 36585 055.8307 033.5016 0026029 036.1066 250.4414 02.00560449 24912
0 NAVSTAR 65 (USA 213)
1 36585U 10022A   13295.02510258 -.00000074  00000-0  00000+0 0  3585
2 36585 055.8307 033.5016 0026029 036.1066 250.4414 02.00560449 24912
