0 NILESAT 201
1 36830U 10037A   13282.15536331 -.00000070  00000-0  10000-3 0  6577
2 36830 000.0403 155.8331 0006654 028.0423 243.0098 01.00271516 11826
0 NILESAT 201
1 36830U 10037A   13283.11251177 -.00000074  00000-0  10000-3 0  6581
2 36830 000.0401 162.0981 0006237 023.7754 226.5204 01.00271392 11839
0 NILESAT 201
1 36830U 10037A   13283.31018825  .00000000  00000-0  10000-3 0  6605
2 36830 000.0505 099.9568 0005216 098.1793 285.6149 01.00268952 11841
0 NILESAT 201
1 36830U 10037A   13283.74760417 -.00000076  00000-0  10000-3 0  6595
2 36830 000.0411 168.8877 0005852 018.4025 094.3574 01.00271424 11839
0 NILESAT 201
1 36830U 10037A   13286.08978189 -.00000082  00000-0  10000-3 0  6601
2 36830 000.0419 172.6858 0005840 014.2335 220.2167 01.00271536 11869
0 NILESAT 201
1 36830U 10037A   13287.09487697 -.00000083  00000-0  10000-3 0  6614
2 36830 000.0430 171.4139 0005827 015.3550 223.1916 01.00271679 11870
0 NILESAT 201
1 36830U 10037A   13288.11417539 -.00000083  00000-0  10000-3 0  6627
2 36830 000.0437 164.3188 0005901 023.0071 230.5865 01.00271826 11889
0 NILESAT 201
1 36830U 10037A   13289.05345785 -.00000082  00000-0  10000-3 0  6634
2 36830 000.0450 158.6013 0008187 026.3670 212.0339 01.00272070 11891
0 NILESAT 201
1 36830U 10037A   13289.39394050 -.00000081  00000-0  10000-3 0  6640
2 36830 000.0452 160.9165 0006763 029.0163 329.9621 01.00272018 11896
0 NILESAT 201
1 36830U 10037A   13291.13662071 -.00000078  00000-0  10000-3 0  6653
2 36830 000.0470 159.9344 0006785 030.7058 238.3407 01.00272353 11919
0 NILESAT 201
1 36830U 10037A   13293.21199425 -.00000074  00000-0  10000-3 0  6669
2 36830 000.0495 157.2457 0006831 036.3251 264.5964 01.00272859 11933
0 NILESAT 201
1 36830U 10037A   13295.30532821 -.00000070  00000-0  10000-3 0  6679
2 36830 000.0512 159.2143 0005919 044.6943 289.9186 01.00273386 11958
