0 FALCON 9 R/B
1 37253U 10066K   13282.71159677  .00008491  00000-0  76585-3 0  8638
2 37253 034.5184 165.3994 4394630 215.0562 106.1030 06.69889296 68710
0 FALCON 9 R/B
1 37253U 10066K   13283.60590396  .00011607  00000-0  10375-2 0  8653
2 37253 034.5149 164.1200 4395195 216.9122 102.8413 06.69903450 68769
0 FALCON 9 R/B
1 37253U 10066K   13283.75496874  .00009216  00000-0  82883-3 0  8641
2 37253 034.5196 163.9086 4394697 217.2210 102.3304 06.69904840 68788
0 FALCON 9 R/B
1 37253U 10066K   13285.09648405  .00007003  00000-0  62454-3 0  8654
2 37253 034.5210 161.9922 4394939 220.0038 097.6473 06.69921346 68874
0 FALCON 9 R/B
1 37253U 10066K   13286.73617166  .00007692  00000-0  68015-3 0  8660
2 37253 034.5228 159.6505 4395246 223.4059 092.1789 06.69943132 68985
0 FALCON 9 R/B
1 37253U 10066K   13288.07778044  .00009672  00000-0  84943-3 0  8671
2 37253 034.5233 157.7336 4395518 226.1923 087.9087 06.69963233 69072
0 FALCON 9 R/B
1 37253U 10066K   13289.41941861  .00009357  00000-0  81512-3 0  8689
2 37253 034.5233 155.8152 4395782 228.9811 083.8199 06.69984352 69160
0 FALCON 9 R/B
1 37253U 10066K   13290.46293171  .00007490  00000-0  65544-3 0  8706
2 37253 034.5206 154.3181 4395667 231.1488 080.7554 06.70004239 69221
0 FALCON 9 R/B
1 37253U 10066K   13290.46293799  .00009759  00000-0  84682-3 0  8694
2 37253 034.5229 154.3233 4395879 231.1502 080.7666 06.70002015 69231
0 FALCON 9 R/B
1 37253U 10066K   13291.95371111  .00008101  00000-0  69975-3 0  8704
2 37253 034.5226 152.1912 4395915 234.2491 076.5909 06.70024030 69335
0 FALCON 9 R/B
1 37253U 10066K   13292.99727561  .00008273  00000-0  71394-3 0  8712
2 37253 034.5226 150.6981 4395874 236.4183 073.7951 06.70039806 69401
0 FALCON 9 R/B
1 37253U 10066K   13294.04085778  .00009084  00000-0  78437-3 0  8724
2 37253 034.5228 149.2054 4395780 238.5862 071.1020 06.70055214 69478
0 FALCON 9 R/B
1 37253U 10066K   13295.08445799  .00008511  00000-0  73450-3 0  8737
2 37253 034.5237 147.7125 4395705 240.7536 068.5066 06.70068486 69543
