0 COSMOS 2251 DEB
1 37275U 93036BHP 13267.52500722  .00000931  00000-0  52680-3 0  1255
2 37275 073.9570 324.3782 0182957 073.8326 288.2673 14.03362692201002
0 COSMOS 2251 DEB
1 37275U 93036BHP 13273.44161583  .00000929  00000-0  52631-3 0  1265
2 37275 073.9551 314.0233 0182190 061.6554 300.2797 14.03373929201833
0 COSMOS 2251 DEB
1 37275U 93036BHP 13275.43756509  .00000971  00000-0  55185-3 0  1279
2 37275 073.9430 310.4762 0179646 055.2409 306.5696 14.03378448202116
0 COSMOS 2251 DEB
1 37275U 93036BHP 13277.43349707  .00001066  00000-0  60344-3 0  1289
2 37275 073.9455 306.9952 0180361 051.8690 309.8680 14.03384663202399
0 COSMOS 2251 DEB
1 37275U 93036BHP 13279.42942341  .00001389  00000-0  77873-3 0  1297
2 37275 073.9591 303.5738 0183019 050.2681 311.4741 14.03394713202676
