0 COSMOS 2251 DEB
1 37483U 93036BLL 13283.87021268  .00000304  00000-0  10331-3 0  1672
2 37483 073.9749 111.4075 0101018 258.1515 100.8321 14.38216030200851
0 COSMOS 2251 DEB
1 37483U 93036BLL 13285.88741041  .00000312  00000-0  10589-3 0  1688
2 37483 073.9748 107.6767 0100929 254.0266 104.9748 14.38217637201148
0 COSMOS 2251 DEB
1 37483U 93036BLL 13289.85224557  .00000321  00000-0  10845-3 0  1693
2 37483 073.9743 100.3450 0100933 245.9652 113.0884 14.38220617201712
0 COSMOS 2251 DEB
1 37483U 93036BLL 13291.79988217  .00000359  00000-0  12043-3 0  1704
2 37483 073.9732 096.7445 0100303 242.1516 116.9644 14.38223290201997
0 COSMOS 2251 DEB
1 37483U 93036BLL 13293.12148236  .00000425  00000-0  14106-3 0  1719
2 37483 073.9706 094.2971 0099493 239.8679 119.2698 14.38226361202184
0 COSMOS 2251 DEB
1 37483U 93036BLL 13295.76469182  .00000439  00000-0  14538-3 0  1722
2 37483 073.9712 089.4081 0099375 234.0635 125.1343 14.38229247202568
