0 COSMOS 2251 DEB
1 37503U 93036BMG 13282.51166708  .00015531  00000-0  36729-2 0  7070
2 37503 074.0159 089.0346 0023282 224.7896 190.3934 14.53953048192217
0 COSMOS 2251 DEB
1 37503U 93036BMG 13282.85825354  .00012637  00000-0  29913-2 0  7088
2 37503 074.0159 088.3788 0023281 224.0964 204.4617 14.53952000192264
0 COSMOS 2251 DEB
1 37503U 93036BMG 13283.90045603  .00013977  00000-0  33055-2 0  7097
2 37503 074.0158 086.4067 0023304 222.1058 259.3991 14.53970898192417
0 COSMOS 2251 DEB
1 37503U 93036BMG 13285.19490161  .00011779  00000-0  27861-2 0  7101
2 37503 074.0155 083.9570 0023295 219.6691 194.6568 14.54000559192609
0 COSMOS 2251 DEB
1 37503U 93036BMG 13286.65450154  .00012299  00000-0  29066-2 0  7119
2 37503 074.0152 081.1947 0023274 216.9760 274.4527 14.54029490192818
0 COSMOS 2251 DEB
1 37503U 93036BMG 13288.49981437  .00019108  00000-0  45024-2 0  7125
2 37503 074.0152 077.7021 0023198 213.5519 213.4046 14.54082825193082
0 COSMOS 2251 DEB
1 37503U 93036BMG 13289.54149966  .00016848  00000-0  39697-2 0  7133
2 37503 074.0152 075.7302 0023189 211.7519 265.9467 14.54110482193239
0 COSMOS 2251 DEB
1 37503U 93036BMG 13290.57601794  .00018502  00000-0  43552-2 0  7145
2 37503 074.0158 073.7722 0023141 209.7449 281.2944 14.54136921193389
0 COSMOS 2251 DEB
1 37503U 93036BMG 13291.81224010  .00015905  00000-0  37438-2 0  7156
2 37503 074.0161 071.4323 0023062 207.4854 272.4925 14.54170359193566
0 COSMOS 2251 DEB
1 37503U 93036BMG 13293.17584163  .00015650  00000-0  36811-2 0  7167
2 37503 074.0164 068.8514 0023005 205.0065 210.6420 14.54207547193762
0 COSMOS 2251 DEB
1 37503U 93036BMG 13294.84695785  .00019986  00000-0  46918-2 0  7171
2 37503 074.0163 065.6879 0022851 202.1639 318.6101 14.54252046194000
0 COSMOS 2251 DEB
1 37503U 93036BMG 13296.13421927  .00018316  00000-0  42982-2 0  7184
2 37503 074.0159 063.2511 0022751 199.8751 217.4575 14.54289132194184
