0 IRIDIUM 33 DEB
1 37555U 97051XQ  13282.41082743  .00005567  00000-0  20132-2 0  1672
2 37555 086.4704 156.4349 0079805 024.0321 336.4611 14.31595529206443
0 IRIDIUM 33 DEB
1 37555U 97051XQ  13283.94851479  .00005654  00000-0  20466-2 0  1689
2 37555 086.4753 155.8089 0078351 018.8129 341.6221 14.31614836206665
0 IRIDIUM 33 DEB
1 37555U 97051XQ  13285.34638795  .00005936  00000-0  21441-2 0  1709
2 37555 086.4684 155.2434 0080479 014.5739 345.7725 14.31635677206862
0 IRIDIUM 33 DEB
1 37555U 97051XQ  13286.88403303  .00006079  00000-0  21909-2 0  1713
2 37555 086.4646 154.6122 0082478 008.8199 351.4451 14.31656905207086
0 IRIDIUM 33 DEB
1 37555U 97051XQ  13288.07219697  .00006483  00000-0  23417-2 0  1723
2 37555 086.4707 154.1299 0079734 006.5239 353.7642 14.31678160207258
0 IRIDIUM 33 DEB
1 37555U 97051XQ  13288.91087919  .00006658  00000-0  24037-2 0  1730
2 37555 086.4708 153.7885 0080053 003.1134 357.0996 14.31692606207371
0 IRIDIUM 33 DEB
1 37555U 97051XQ  13290.86778953  .00006811  00000-0  24547-2 0  1740
2 37555 086.4694 152.9894 0081355 356.6471 003.4303 14.31722107207657
0 IRIDIUM 33 DEB
1 37555U 97051XQ  13292.33545316  .00007022  00000-0  25322-2 0  1757
2 37555 086.4718 152.3922 0080141 352.8934 007.1850 14.31746828207861
0 IRIDIUM 33 DEB
1 37555U 97051XQ  13293.31386903  .00007859  00000-0  28361-2 0  1766
2 37555 086.4718 151.9895 0078990 348.8764 011.1693 14.31770475208002
0 IRIDIUM 33 DEB
1 37555U 97051XQ  13295.34054949  .00007897  00000-0  28484-2 0  1772
2 37555 086.4713 151.1627 0078859 342.2498 017.5971 14.31802898208293
