0 IRIDIUM 33 DEB
1 37564U 97051XZ  13280.02933027  .00007892  00000-0  20992-2 0  3160
2 37564 086.3839 126.0606 0014002 225.4820 295.1237 14.48413789207204
0 IRIDIUM 33 DEB
1 37564U 97051XZ  13281.87615863  .00015913  00000-0  42301-2 0  3171
2 37564 086.3836 125.2667 0014042 218.3764 206.0567 14.48444269207463
0 IRIDIUM 33 DEB
1 37564U 97051XZ  13283.33779288  .00013683  00000-0  36349-2 0  3184
2 37564 086.3839 124.6390 0014023 212.1792 269.0329 14.48482976207680
0 IRIDIUM 33 DEB
1 37564U 97051XZ  13286.03921172  .00011339  00000-0  30090-2 0  3201
2 37564 086.3839 123.4796 0014007 201.9168 317.1972 14.48536977208076
0 IRIDIUM 33 DEB
1 37564U 97051XZ  13287.00501138  .00011127  00000-0  29514-2 0  3210
2 37564 086.3830 123.0658 0014511 199.0130 313.3085 14.48554396208210
0 IRIDIUM 33 DEB
1 37564U 97051XZ  13289.54202336  .00018071  00000-0  47842-2 0  3229
2 37564 086.3823 121.9766 0014472 186.9629 227.2585 14.48627154208573
0 IRIDIUM 33 DEB
1 37564U 97051XZ  13291.01301616  .00014738  00000-0  38994-2 0  3230
2 37564 086.3811 121.3422 0014513 184.9884 335.7458 14.48669180208793
0 IRIDIUM 33 DEB
1 37564U 97051XZ  13293.47434972  .00016239  00000-0  42902-2 0  3247
2 37564 086.3814 120.2860 0014757 176.5644 212.6248 14.48732078209148
