0 CZ-2C DEB
1 37767U 11039C   13281.73932269  .00000943  00000-0  36795-3 0  3948
2 37767 097.9051 340.2958 0160721 315.0037 159.6311 14.24891782114176
0 CZ-2C DEB
1 37767U 11039C   13284.18748608  .00001140  00000-0  44163-3 0  3951
2 37767 097.9050 342.5031 0160696 307.6670 117.8501 14.24900269114520
0 CZ-2C DEB
1 37767U 11039C   13286.79596510  .00001292  00000-0  49854-3 0  3964
2 37767 097.9045 344.8550 0160701 299.8460 178.5036 14.24905213114904
0 CZ-2C DEB
1 37767U 11039C   13289.16431404  .00001531  00000-0  58765-3 0  3976
2 37767 097.9038 346.9906 0160754 292.7547 087.4091 14.24915894115232
0 CZ-2C DEB
1 37767U 11039C   13291.41976050  .00001545  00000-0  59290-3 0  3988
2 37767 097.9034 349.0241 0160833 285.9968 137.2384 14.24922238115557
0 CZ-2C DEB
1 37767U 11039C   13293.61502894  .00001771  00000-0  67733-3 0  3996
2 37767 097.9033 351.0029 0160891 279.4265 238.4189 14.24929295115877
0 CZ-2C DEB
1 37767U 11039C   13295.64455124  .00001852  00000-0  70720-3 0  4007
2 37767 097.9033 352.8323 0160963 273.3487 209.4145 14.24937063116167
