0 APRIZESAT 5
1 37792U 11044E   13282.10683034  .00000414  00000-0  70665-4 0  2955
2 37792 098.2239 017.6362 0061536 023.2386 337.1582 14.73192619115361
0 APRIZESAT 5
1 37792U 11044E   13282.37851094  .00000381  00000-0  65702-4 0  2967
2 37792 098.2239 017.9115 0061482 022.3640 338.0226 14.73192558115405
0 APRIZESAT 5
1 37792U 11044E   13282.78603141  .00000389  00000-0  66940-4 0  2974
2 37792 098.2238 018.3240 0061450 021.0567 339.3158 14.73192984115464
0 APRIZESAT 5
1 37792U 11044E   13282.98979142  .00000360  00000-0  62623-4 0  2987
2 37792 098.2235 018.5301 0061450 020.3927 339.9695 14.73192901115497
0 APRIZESAT 5
1 37792U 11044E   13283.32939198  .00000370  00000-0  64161-4 0  2994
2 37792 098.2237 018.8742 0061463 019.2909 341.0616 14.73193312115542
0 APRIZESAT 5
1 37792U 11044E   13283.80483187  .00000396  00000-0  67985-4 0  3007
2 37792 098.2234 019.3557 0061366 017.8202 342.5154 14.73193958115618
0 APRIZESAT 5
1 37792U 11044E   13284.07651163  .00000392  00000-0  67454-4 0  3016
2 37792 098.2230 019.6303 0061388 016.9963 343.3294 14.73194259115657
0 APRIZESAT 5
1 37792U 11044E   13284.48403023  .00000450  00000-0  76139-4 0  3027
2 37792 098.2233 020.0435 0061398 015.6567 344.6530 14.73195299115718
0 APRIZESAT 5
1 37792U 11044E   13285.23114854  .00000527  00000-0  87686-4 0  3059
2 37792 098.2233 020.8004 0061330 013.3140 346.9698 14.73196834115824
0 APRIZESAT 5
1 37792U 11044E   13285.84242641  .00000532  00000-0  88550-4 0  3060
2 37792 098.2234 021.4196 0061379 011.3166 348.9388 14.73197546115912
0 APRIZESAT 5
1 37792U 11044E   13286.18202605  .00000545  00000-0  90383-4 0  3076
2 37792 098.2231 021.7632 0061363 010.2424 350.0028 14.73198010115962
0 APRIZESAT 5
1 37792U 11044E   13286.52162476  .00000560  00000-0  92748-4 0  3080
2 37792 098.2235 022.1081 0061369 009.1876 351.0444 14.73198563116016
0 APRIZESAT 5
1 37792U 11044E   13286.86122318  .00000576  00000-0  95186-4 0  3095
2 37792 098.2244 022.4534 0061324 008.1728 352.0464 14.73199144116062
0 APRIZESAT 5
1 37792U 11044E   13287.20082235  .00000556  00000-0  92089-4 0  3106
2 37792 098.2244 022.7976 0061292 007.1319 353.0752 14.73199329116116
0 APRIZESAT 5
1 37792U 11044E   13287.47250121  .00000557  00000-0  92336-4 0  3113
2 37792 098.2245 023.0731 0061291 006.2698 353.9265 14.73199671116151
0 APRIZESAT 5
1 37792U 11044E   13287.81209944  .00000580  00000-0  95693-4 0  3124
2 37792 098.2242 023.4170 0061312 005.2117 354.9707 14.73200288116203
0 APRIZESAT 5
1 37792U 11044E   13288.49129630  .00000571  00000-0  94368-4 0  3131
2 37792 098.2242 024.1051 0061290 003.0521 357.1045 14.73201073116303
0 APRIZESAT 5
1 37792U 11044E   13288.83089455  .00000588  00000-0  96961-4 0  3149
2 37792 098.2246 024.4496 0061250 002.0008 358.1440 14.73201626116357
0 APRIZESAT 5
1 37792U 11044E   13289.17049301  .00000555  00000-0  91901-4 0  3157
2 37792 098.2248 024.7934 0061240 000.9471 359.1844 14.73201746116407
0 APRIZESAT 5
1 37792U 11044E   13289.44217120  .00000561  00000-0  92941-4 0  3166
2 37792 098.2248 025.0688 0061222 000.0753 000.0455 14.73202186116444
0 APRIZESAT 5
1 37792U 11044E   13289.84968853  .00000588  00000-0  96905-4 0  3170
2 37792 098.2249 025.4820 0061250 358.7866 001.3187 14.73202922116507
0 APRIZESAT 5
1 37792U 11044E   13289.98552759  .00000560  00000-0  92666-4 0  3180
2 37792 098.2249 025.6196 0061246 358.3727 001.7253 14.73202844116525
0 APRIZESAT 5
1 37792U 11044E   13290.32512566  .00000571  00000-0  94379-4 0  3198
2 37792 098.2250 025.9637 0061196 357.2803 002.8077 14.73203409116576
0 APRIZESAT 5
1 37792U 11044E   13290.73264213  .00000597  00000-0  98330-4 0  3207
2 37792 098.2255 026.3773 0061139 356.0480 004.0235 14.73204194116631
0 APRIZESAT 5
1 37792U 11044E   13290.93640070  .00000580  00000-0  95819-4 0  3210
2 37792 098.2255 026.5835 0061128 355.4060 004.6570 14.73204310116668
0 APRIZESAT 5
1 37792U 11044E   13291.34391755  .00000590  00000-0  97277-4 0  3221
2 37792 098.2255 026.9962 0061130 354.1040 005.9438 14.73204948116721
0 APRIZESAT 5
1 37792U 11044E   13291.81935358  .00000594  00000-0  97923-4 0  3239
2 37792 098.2261 027.4788 0061077 352.6181 007.4116 14.73205620116794
0 APRIZESAT 5
1 37792U 11044E   13292.22687053  .00000613  00000-0  10076-3 0  3247
2 37792 098.2262 027.8916 0061027 351.3058 008.7118 14.73206344116853
0 APRIZESAT 5
1 37792U 11044E   13292.49854756  .00000618  00000-0  10151-3 0  3252
2 37792 098.2263 028.1670 0061034 350.4491 009.5552 14.73206746116895
0 APRIZESAT 5
1 37792U 11044E   13292.83814418  .00000673  00000-0  10982-3 0  3265
2 37792 098.2263 028.5110 0060988 349.4285 010.5647 14.73207708116946
0 APRIZESAT 5
1 37792U 11044E   13293.24566040  .00000691  00000-0  11248-3 0  3273
2 37792 098.2256 028.9231 0060982 348.0925 011.8860 14.73208439117007
0 APRIZESAT 5
1 37792U 11044E   13293.51733714  .00000698  00000-0  11356-3 0  3285
2 37792 098.2257 029.1988 0060951 347.2374 012.7290 14.73208919117049
0 APRIZESAT 5
1 37792U 11044E   13293.78901420  .00000705  00000-0  11464-3 0  3295
2 37792 098.2255 029.4736 0060932 346.3849 013.5711 14.73209400117084
0 APRIZESAT 5
1 37792U 11044E   13293.99277204  .00000681  00000-0  11094-3 0  3308
2 37792 098.2255 029.6800 0060903 345.7368 014.2099 14.73209451117112
0 APRIZESAT 5
1 37792U 11044E   13294.33236877  .00000692  00000-0  11259-3 0  3314
2 37792 098.2253 030.0238 0060923 344.6532 015.2831 14.73210061117163
0 APRIZESAT 5
1 37792U 11044E   13294.73988406  .00000700  00000-0  11377-3 0  3322
2 37792 098.2255 030.4368 0060958 343.3494 016.5711 14.73210747117223
0 APRIZESAT 5
1 37792U 11044E   13294.94364201  .00000636  00000-0  10424-3 0  3337
2 37792 098.2252 030.6431 0060906 342.7553 017.1549 14.73210417117258
0 APRIZESAT 5
1 37792U 11044E   13295.21531964  .00000650  00000-0  10632-3 0  3348
2 37792 098.2251 030.9183 0060924 341.8777 018.0273 14.73210956117298
0 APRIZESAT 5
1 37792U 11044E   13295.75867306  .00000668  00000-0  10898-3 0  3353
2 37792 098.2252 031.4689 0060947 340.1673 019.7169 14.73211865117379
0 APRIZESAT 5
1 37792U 11044E   13296.03034972  .00000641  00000-0  10503-3 0  3365
2 37792 098.2255 031.7440 0060901 339.3287 020.5434 14.73211967117414
