0 SL-23 R/B
1 37835U 11056B   13283.92355292  .00000044  00000-0  00000+0 0  3107
2 37835 018.5676 240.8050 5674779 182.1959 173.5239 01.96796974 14485
0 SL-23 R/B
1 37835U 11056B   13290.52245585 -.00000036  00000-0  00000+0 0  3117
2 37835 018.5508 239.9042 5677228 183.8315 168.6037 01.96798256 14616
0 SL-23 R/B
1 37835U 11056B   13290.52254787  .00000000  00000-0  10000-3 0  3116
2 37835 018.5514 239.9426 5675294 183.8120 168.6269 01.96796244 14605
0 SL-23 R/B
1 37835U 11056B   13292.04538571 -.00000074  00000-0  00000+0 0  3129
2 37835 018.5491 239.6976 5677394 184.2228 167.5285 01.96798613 14645
0 SL-23 R/B
1 37835U 11056B   13295.09101112 -.00000157  00000-0  00000+0 0  3137
2 37835 018.5394 239.2727 5677979 184.9925 165.2711 01.96799743 14708
