0 INTELSAT 18
1 37834U 11056A   13281.79636664  .00000041  00000-0  00000+0 0  4337
2 37834 000.0121 295.2213 0002196 237.9513 311.1293 01.00272172  7495
0 INTELSAT 18
1 37834U 11056A   13283.11567627  .00000000  00000-0  10000-3 0  4348
2 37834 000.0095 321.5124 0002237 213.1185 065.9340 01.00269733949363
0 INTELSAT 18
1 37834U 11056A   13283.12045578  .00000000  00000-0  10000-3 0  4356
2 37834 000.0101 322.1345 0002055 217.7065 062.4433 01.00269475949366
0 INTELSAT 18
1 37834U 11056A   13283.57848691  .00000036  00000-0  00000+0 0  4345
2 37834 000.0093 298.6465 0002404 231.1719 237.8061 01.00272542  7516
0 INTELSAT 18
1 37834U 11056A   13286.43674287  .00000029  00000-0  00000+0 0  4365
2 37834 000.0043 304.2117 0002395 224.8643 190.3455 01.00273273  7537
0 INTELSAT 18
1 37834U 11056A   13288.69496929  .00000028  00000-0  00000+0 0  4370
2 37834 000.0196 298.9045 0002555 246.6712 269.0177 01.00271351  7565
0 INTELSAT 18
1 37834U 11056A   13289.76272910  .00000030  00000-0  00000+0 0  4385
2 37834 000.0177 298.9954 0002525 250.3503 290.6915 01.00271797  7575
0 INTELSAT 18
1 37834U 11056A   13290.39666604  .00000000  00000-0  10000-3 0  4408
2 37834 000.0214 053.4921 0004053 084.2444 211.2455 01.00273221  7573
0 INTELSAT 18
1 37834U 11056A   13290.78115400  .00000032  00000-0  00000+0 0  4392
2 37834 000.0157 299.3692 0002473 255.2621 293.0405 01.00272053  7582
0 INTELSAT 18
1 37834U 11056A   13292.57397829  .00000035  00000-0  00000+0 0  4403
2 37834 000.0125 299.8789 0002545 249.7541 225.2203 01.00272102  7609
0 INTELSAT 18
1 37834U 11056A   13294.71180249  .00000039  00000-0  00000+0 0  4412
2 37834 000.0089 298.6840 0002545 251.3577 276.5381 01.00272675  7624
