0 DICE 1
1 37851U 11061B   13282.48586410  .00009180  00000-0  68319-3 0  6215
2 37851 101.7037 189.0918 0234839 060.8091 048.7860 14.83917954105374
0 DICE 1
1 37851U 11061B   13283.49643818  .00009193  00000-0  68395-3 0  6222
2 37851 101.7038 190.5702 0234835 057.9314 047.3790 14.83930939105526
0 DICE 1
1 37851U 11061B   13283.61201655  .00017510  00000-0  12867-2 0  6230
2 37851 101.7045 190.7377 0234405 057.5979 304.8174 14.83930525105540
0 DICE 1
1 37851U 11061B   13285.70771812  .00007408  00000-0  55292-3 0  6245
2 37851 101.7040 193.8057 0234809 051.5769 340.5011 14.83960837105853
0 DICE 1
1 37851U 11061B   13287.34080251  .00008445  00000-0  62877-3 0  6257
2 37851 101.7045 196.1949 0234674 046.8914 064.9364 14.83982332106092
0 DICE 1
1 37851U 11061B   13288.48626630  .00012394  00000-0  91711-3 0  6268
2 37851 101.7048 197.8708 0234564 043.6197 064.4330 14.84006829106268
0 DICE 1
1 37851U 11061B   13289.68997765  .00012038  00000-0  89087-3 0  6270
2 37851 101.7053 199.6318 0234482 040.1908 015.2066 14.84028367106443
0 DICE 1
1 37851U 11061B   13290.62381263  .00010597  00000-0  77603-3 0  6297
2 37851 101.7047 200.9975 0234358 037.4897 324.2897 14.84051884106589
0 DICE 1
1 37851U 11061B   13290.77236693  .00012049  00000-0  89116-3 0  6284
2 37851 101.7053 201.2158 0234466 037.0989 037.9120 14.84050938106600
0 DICE 1
1 37851U 11061B   13291.78300068  .00010684  00000-0  79103-3 0  6293
2 37851 101.7050 202.6950 0234487 034.1962 037.3551 14.84071619106751
0 DICE 1
1 37851U 11061B   13292.79030243  .00010695  00000-0  79162-3 0  6309
2 37851 101.7048 204.1692 0234418 031.3025 019.0701 14.84091556106904
0 DICE 1
1 37851U 11061B   13294.35207339  .00012697  00000-0  93750-3 0  6319
2 37851 101.7045 206.4548 0234256 026.8199 083.2844 14.84118948107139
0 DICE 1
1 37851U 11061B   13295.36355287  .00013555  00000-0  10001-2 0  6329
2 37851 101.7044 207.9350 0234097 023.9322 087.4782 14.84139877107281
