0 COSMOS 2477 (GLONASS)
1 37868U 11064B   13281.57964031  .00000033  00000-0  00000+0 0  5681
2 37868 064.5843 229.9706 0016400 259.4121 293.2575 02.13102013 15006
0 COSMOS 2477 (GLONASS)
1 37868U 11064B   13283.07204941  .00000028  00000-0  00000+0 0  5690
2 37868 064.5839 229.9198 0016371 259.4323 358.1633 02.13102023 15037
0 COSMOS 2477 (GLONASS)
1 37868U 11064B   13284.16874133  .00000017  00000-0  00000+0 0  5707
2 37868 064.5837 229.8823 0016327 259.5206 119.4193 02.13102014 15063
0 COSMOS 2477 (GLONASS)
1 37868U 11064B   13285.20379034  .00000003  00000-0  00000+0 0  5719
2 37868 064.5835 229.8470 0016312 259.5047 193.4899 02.13102019 15088
0 COSMOS 2477 (GLONASS)
1 37868U 11064B   13286.38854532 -.00000015  00000-0  00000+0 0  5725
2 37868 064.5834 229.8066 0016250 259.5411 022.3571 02.13102018 15103
0 COSMOS 2477 (GLONASS)
1 37868U 11064B   13287.65810278 -.00000031  00000-0  00000+0 0  5734
2 37868 064.5831 229.7631 0016161 259.6392 276.2188 02.13101995 15137
0 COSMOS 2477 (GLONASS)
1 37868U 11064B   13288.98463185 -.00000039  00000-0  00000+0 0  5741
2 37868 064.5826 229.7179 0016101 259.5656 213.9597 02.13101984 15167
0 COSMOS 2477 (GLONASS)
1 37868U 11064B   13289.99176975 -.00000039  00000-0  00000+0 0  5752
2 37868 064.5824 229.6837 0016072 259.5345 266.6322 02.13101978 15183
0 COSMOS 2477 (GLONASS)
1 37868U 11064B   13291.21347175 -.00000031  00000-0  00000+0 0  5765
2 37868 064.5822 229.6421 0016036 259.5314 123.8830 02.13101966 15215
0 COSMOS 2477 (GLONASS)
1 37868U 11064B   13292.35734661 -.00000020  00000-0  00000+0 0  5770
2 37868 064.5819 229.6027 0016005 259.5483 281.4074 02.13101956 15238
0 COSMOS 2477 (GLONASS)
1 37868U 11064B   13293.41193228 -.00000010  00000-0  00000+0 0  5786
2 37868 064.5818 229.5671 0015960 259.6152 010.3818 02.13101945 15259
0 COSMOS 2477 (GLONASS)
1 37868U 11064B   13294.83260278 -.00000001  00000-0  00000+0 0  5794
2 37868 064.5815 229.5185 0015887 259.7373 020.1487 02.13101929 15286
