0 COSMOS 252 DEB
1 03788U 68097BA  13281.92672196 -.00000042  00000-0  19412-3 0  9619
2 03788 061.8758 193.9320 0574518 355.4106 084.3745 11.88091934950193
0 COSMOS 252 DEB
1 03788U 68097BA  13287.16151275  .00000021  00000-0  76954-3 0  9633
2 03788 061.8750 183.2715 0574763 356.6813 154.2309 11.88091716950815
0 COSMOS 252 DEB
1 03788U 68097BA  13289.92112990 -.00000024  00000-0  36248-3 0  9647
2 03788 061.8743 177.6514 0574874 357.3498 077.4583 11.88092086951149
0 COSMOS 252 DEB
1 03788U 68097BA  13291.94229271 -.00000009  00000-0  49477-3 0  9655
2 03788 061.8738 173.5352 0574947 357.8387 082.2317 11.88092953951389
0 COSMOS 252 DEB
1 03788U 68097BA  13294.15243249 -.00000034  00000-0  26676-3 0  9667
2 03788 061.8735 169.0336 0575021 358.3750 175.2844 11.88093343951643
