0 NIMBUS 2 DEB
1 37890U 66040AV  13282.17912553  .00001327  00000-0  26935-2 0  4593
2 37890 100.5333 000.3156 0045758 027.8397 000.9290 13.35402399100846
0 NIMBUS 2 DEB
1 37890U 66040AV  13283.46030361  .00001164  00000-0  23736-2 0  4601
2 37890 100.5339 001.6345 0045681 024.3713 040.5875 13.35405968101019
0 NIMBUS 2 DEB
1 37890U 66040AV  13286.15054667  .00001298  00000-0  26374-2 0  4626
2 37890 100.5343 004.4049 0045562 017.1251 014.7748 13.35412593101374
0 NIMBUS 2 DEB
1 37890U 66040AV  13287.19824928  .00001478  00000-0  29888-2 0  4630
2 37890 100.5344 005.4838 0045550 014.2344 012.0241 13.35414895101512
0 NIMBUS 2 DEB
1 37890U 66040AV  13288.71814620  .00001616  00000-0  32596-2 0  4642
2 37890 100.5344 007.0493 0045551 010.1532 119.4406 13.35420421101711
0 NIMBUS 2 DEB
1 37890U 66040AV  13290.19514252  .00001598  00000-0  32231-2 0  4651
2 37890 100.5342 008.5707 0045584 006.1652 020.6496 13.35425709101915
0 NIMBUS 2 DEB
1 37890U 66040AV  13291.78888384  .00001555  00000-0  31397-2 0  4663
2 37890 100.5340 010.2122 0045667 001.8225 123.2206 13.35429965102125
0 NIMBUS 2 DEB
1 37890U 66040AV  13293.19797352  .00001730  00000-0  34825-2 0  4679
2 37890 100.5339 011.6637 0045770 358.0753 057.9384 13.35435067102318
0 NIMBUS 2 DEB
1 37890U 66040AV  13294.47334123  .00001667  00000-0  33590-2 0  4682
2 37890 100.5340 012.9771 0045904 354.6089 069.8297 13.35439638102487
0 NIMBUS 2 DEB
1 37890U 66040AV  13296.05826541  .00001756  00000-0  35318-2 0  4698
2 37890 100.5343 014.6093 0046084 350.3581 130.0242 13.35445159102695
