0 COSMOS 2251 DEB
1 37971U 93036BPW 13279.54157504  .00003156  00000-0  13957-2 0   994
2 37971 074.0033 221.4119 0103193 307.5613 051.6191 14.20808614204168
0 COSMOS 2251 DEB
1 37971U 93036BPW 13282.49877742  .00003209  00000-0  14184-2 0  1000
2 37971 074.0030 216.1045 0103120 301.7605 057.3524 14.20831634204588
0 COSMOS 2251 DEB
1 37971U 93036BPW 13290.45483652  .00002694  00000-0  11928-2 0  1019
2 37971 073.9954 201.8150 0102321 285.6438 073.2172 14.20875674205719
0 COSMOS 2251 DEB
1 37971U 93036BPW 13293.41193168  .00003178  00000-0  14051-2 0  1027
2 37971 074.0000 196.5155 0101981 279.9321 079.0325 14.20893518206134
