0 COSMOS 2251 DEB
1 38068U 93036BSA 13283.07001498  .00000308  00000-0  12612-3 0  1057
2 38068 074.0213 157.3782 0028203 228.7951 131.0768 14.31186492119787
0 COSMOS 2251 DEB
1 38068U 93036BSA 13285.30681892  .00000361  00000-0  14598-3 0  1062
2 38068 074.0204 153.3002 0027758 222.8779 137.0598 14.31189887120101
0 COSMOS 2251 DEB
1 38068U 93036BSA 13288.03290941  .00000372  00000-0  15008-3 0  1076
2 38068 074.0208 148.3316 0027497 218.4005 141.5225 14.31192262120490
0 COSMOS 2251 DEB
1 38068U 93036BSA 13291.24830097  .00000384  00000-0  15477-3 0  1089
2 38068 074.0195 142.4705 0027697 211.7813 148.1766 14.31195139120957
0 COSMOS 2251 DEB
1 38068U 93036BSA 13296.21117380  .00000398  00000-0  15983-3 0  1092
2 38068 074.0201 133.4248 0028007 203.3029 156.7004 14.31199612121668
