0 UNICUBESAT
1 38085U 12006J   13282.38198001  .00083704  41542-5  15711-2 0  4455
2 38085 069.4681 269.5985 0580156 346.0656 012.5559 14.55240659 86236
0 UNICUBESAT
1 38085U 12006J   13283.00054310  .00090736  43382-5  16809-2 0  4466
2 38085 069.4704 268.0913 0580740 345.2231 013.2905 14.55364836 86323
0 UNICUBESAT
1 38085U 12006J   13283.06926244  .00090746  43388-5  16809-2 0  4474
2 38085 069.4704 267.9243 0580691 345.1311 013.3342 14.55377446 86338
0 UNICUBESAT
1 38085U 12006J   13284.03137375  .00102197  46699-5  18723-2 0  4481
2 38085 069.4738 265.5845 0580666 343.8411 014.5291 14.55580264 86470
0 UNICUBESAT
1 38085U 12006J   13284.44365452  .00097682  45385-5  18070-2 0  4494
2 38085 069.4746 264.5865 0579425 343.2995 014.9656 14.55656503 86538
0 UNICUBESAT
1 38085U 12006J   13285.33688658  .00090299  43384-5  16676-2 0  4527
2 38085 069.4745 262.4091 0578951 342.0895 016.0553 14.55807734 86661
0 UNICUBESAT
1 38085U 12006J   13285.68040991  .00091215  43650-5  16841-2 0  4537
2 38085 069.4745 261.5735 0578654 341.6300 016.4726 14.55872969 86716
0 UNICUBESAT
1 38085U 12006J   13286.09261260  .00092792  44098-5  17164-2 0  4545
2 38085 069.4758 260.5687 0578090 341.0454 016.9828 14.55952246 86774
0 UNICUBESAT
1 38085U 12006J   13286.43610347  .00095030  44742-5  17494-2 0  4558
2 38085 069.4758 259.7352 0578192 340.5737 017.4189 14.56021507 86824
0 UNICUBESAT
1 38085U 12006J   13286.71088182  .00095075  44771-5  17494-2 0  4567
2 38085 069.4758 259.0667 0577987 340.2049 017.7443 14.56074314 86864
0 UNICUBESAT
1 38085U 12006J   13287.05434203  .00091503  43807-5  16772-2 0  4574
2 38085 069.4749 258.2271 0578125 339.7379 018.1442 14.56131145 86916
0 UNICUBESAT
1 38085U 12006J   13287.32910309  .00094049  44529-5  17269-2 0  4583
2 38085 069.4735 257.5569 0577666 339.3698 018.4955 14.56186875 86958
0 UNICUBESAT
1 38085U 12006J   13287.87858886  .00093276  44348-5  17104-2 0  4593
2 38085 069.4730 256.2203 0577314 338.6420 019.1438 14.56290643 87032
0 UNICUBESAT
1 38085U 12006J   13288.08463687  .00095141  44881-5  17466-2 0  4606
2 38085 069.4728 255.7203 0576992 338.3665 019.3964 14.56332120 87068
0 UNICUBESAT
1 38085U 12006J   13288.35935518  .00102182  46948-5  18663-2 0  4614
2 38085 069.4753 255.0527 0577092 338.0058 019.7225 14.56399141 87108
0 UNICUBESAT
1 38085U 12006J   13288.70273747  .00107128  48509-5  19599-2 0  4622
2 38085 069.4744 254.2149 0576504 337.5498 020.1520 14.56481882 87151
0 UNICUBESAT
1 38085U 12006J   13289.11476701  .00108845  49092-5  19850-2 0  4639
2 38085 069.4727 253.2105 0576369 337.0118 020.6046 14.56571704 87214
0 UNICUBESAT
1 38085U 12006J   13289.52677543  .00110558  49672-5  20112-2 0  4643
2 38085 069.4739 252.2063 0576145 336.4600 021.1063 14.56665927 87272
0 UNICUBESAT
1 38085U 12006J   13289.73276987  .00109414  49309-5  19931-2 0  4657
2 38085 069.4745 251.7041 0575819 336.1795 021.3589 14.56709284 87302
0 UNICUBESAT
1 38085U 12006J   13290.00741958  .00106279  48323-5  19387-2 0  4661
2 38085 069.4744 251.0349 0575467 335.7772 021.7115 14.56761138 87343
0 UNICUBESAT
1 38085U 12006J   13290.28206166  .00106349  48368-5  19403-2 0  4675
2 38085 069.4730 250.3618 0575173 335.4021 022.0659 14.56820143 87380
0 UNICUBESAT
1 38085U 12006J   13290.62534546  .00105464  48118-5  19223-2 0  4680
2 38085 069.4714 249.5236 0574938 334.9415 022.4766 14.56891488 87436
0 UNICUBESAT
1 38085U 12006J   13290.83130806  .00105505  48144-5  19223-2 0  4690
2 38085 069.4714 249.0218 0574768 334.6649 022.7274 14.56935371 87468
0 UNICUBESAT
1 38085U 12006J   13291.03726423  .00103731  47607-5  18942-2 0  4700
2 38085 069.4706 248.5169 0574389 334.3700 022.9855 14.56973279 87491
0 UNICUBESAT
1 38085U 12006J   13291.51780636  .00106337  48448-5  19414-2 0  4714
2 38085 069.4712 247.3472 0573879 333.7262 023.5789 14.57080697 87566
0 UNICUBESAT
1 38085U 12006J   13291.65509695  .00106872  48628-5  19503-2 0  4727
2 38085 069.4709 247.0126 0573770 333.5416 023.7449 14.57111371 87585
0 UNICUBESAT
1 38085U 12006J   13291.99831424  .00103478  47578-5  18960-2 0  4731
2 38085 069.4729 246.1776 0573107 333.0883 024.1513 14.57177069 87634
0 UNICUBESAT
1 38085U 12006J   13292.27287633  .00104055  47776-5  19061-2 0  4746
2 38085 069.4720 245.5073 0572850 332.7237 024.4856 14.57235598 87670
0 UNICUBESAT
1 38085U 12006J   13292.68469769  .00105567  48273-5  19321-2 0  4755
2 38085 069.4720 244.5031 0572488 332.1602 025.0044 14.57326328 87735
0 UNICUBESAT
1 38085U 12006J   13293.02786063  .00103672  47688-5  19058-2 0  4765
2 38085 069.4757 243.6697 0571773 331.6510 025.4443 14.57392384 87788
0 UNICUBESAT
1 38085U 12006J   13293.37101265  .00107062  48767-5  19643-2 0  4775
2 38085 069.4772 242.8354 0571551 331.1846 025.8905 14.57471989 87839
0 UNICUBESAT
1 38085U 12006J   13293.85138648  .00104022  47844-5  18855-2 0  4786
2 38085 069.4766 241.6580 0572275 330.6189 026.3556 14.57569877 87908
0 UNICUBESAT
1 38085U 12006J   13294.05725898  .00103324  47633-5  18739-2 0  4790
2 38085 069.4784 241.1548 0572033 330.3453 026.6286 14.57610635 87935
0 UNICUBESAT
1 38085U 12006J   13294.26312107  .00103675  47757-5  18806-2 0  4801
2 38085 069.4774 240.6521 0571807 330.0702 026.8844 14.57654206 87968
0 UNICUBESAT
1 38085U 12006J   13294.81205301  .00101068  46992-5  18245-2 0  4811
2 38085 069.4780 239.3131 0571765 329.3613 027.5125 14.57765600 88043
0 UNICUBESAT
1 38085U 12006J   13295.01789461  .00100575  46853-5  18192-2 0  4828
2 38085 069.4786 238.8115 0571393 329.0628 027.7923 14.57805279 88073
0 UNICUBESAT
1 38085U 12006J   13295.36094855  .00101499  47150-5  18362-2 0  4839
2 38085 069.4787 237.9747 0571034 328.6044 028.2136 14.57876186 88127
0 UNICUBESAT
1 38085U 12006J   13295.90979859  .00096210  45618-5  17411-2 0  4841
2 38085 069.4795 236.6334 0570584 327.8738 028.8543 14.57976163 88207
0 UNICUBESAT
1 38085U 12006J   13296.04701009  .00096665  45763-5  17501-2 0  4853
2 38085 069.4778 236.2981 0570409 327.6758 029.0579 14.58003114 88220
