0 CZ-2D DEB
1 38177U 11068E   13282.22605501  .00001519  00000-0  50680-3 0  2563
2 38177 098.4159 285.9151 0145254 024.3092 034.7383 14.33138847 94560
0 CZ-2D DEB
1 38177U 11068E   13283.50090971  .00001397  00000-0  46745-3 0  2576
2 38177 098.4158 287.1547 0145159 020.5293 132.0848 14.33142912 94743
0 CZ-2D DEB
1 38177U 11068E   13285.22772139  .00001375  00000-0  46037-3 0  2581
2 38177 098.4155 288.8339 0145040 015.4043 041.2485 14.33147046 94990
0 CZ-2D DEB
1 38177U 11068E   13286.27466557  .00001448  00000-0  48398-3 0  2595
2 38177 098.4155 289.8520 0144957 012.2908 042.7856 14.33149793 95141
0 CZ-2D DEB
1 38177U 11068E   13288.22963082  .00002303  00000-0  76117-3 0  2600
2 38177 098.4154 291.7528 0144829 006.4789 049.1393 14.33158122 95424
0 CZ-2D DEB
1 38177U 11068E   13289.50524447  .00001660  00000-0  55291-3 0  2616
2 38177 098.4155 292.9930 0144732 002.6841 150.5103 14.33165657 95602
0 CZ-2D DEB
1 38177U 11068E   13290.89376340  .00001748  00000-0  58146-3 0  2627
2 38177 098.4156 294.3429 0144647 358.5519 114.4411 14.33169693 95809
0 CZ-2D DEB
1 38177U 11068E   13292.27865949  .00001931  00000-0  64082-3 0  2630
2 38177 098.4158 295.6893 0144548 354.4293 059.7071 14.33174437 96002
0 CZ-2D DEB
1 38177U 11068E   13293.82747344  .00002069  00000-0  68539-3 0  2645
2 38177 098.4160 297.1953 0144462 349.8120 130.7324 14.33180572 96223
0 CZ-2D DEB
1 38177U 11068E   13295.28105563  .00002151  00000-0  71213-3 0  2654
2 38177 098.4161 298.6087 0144347 345.4818 070.4389 14.33187397 96432
