0 TIANHUI 1 DEB
1 38267U 10040B   13283.90464271  .00015976  00000-0  14422-2 0  2829
2 38267 097.2976 310.7849 0195032 051.6876 067.1416 14.82106310595812
0 TIANHUI 1 DEB
1 38267U 10040B   13286.04305039  .00014171  00000-0  12775-2 0  2839
2 38267 097.2952 312.7372 0195138 044.6240 317.0225 14.82168997596133
0 TIANHUI 1 DEB
1 38267U 10040B   13286.54348682  .00013579  00000-0  12267-2 0  2843
2 38267 097.2972 313.1936 0194569 043.0019 107.2184 14.82171281596201
0 TIANHUI 1 DEB
1 38267U 10040B   13287.55610245  .00018880  00000-0  17022-2 0  2857
2 38267 097.2969 314.1178 0194399 039.6678 110.3921 14.82201027596351
0 TIANHUI 1 DEB
1 38267U 10040B   13289.91283630  .00018357  00000-0  16546-2 0  2863
2 38267 097.2957 316.2695 0193895 031.9010 086.0968 14.82279622596705
0 TIANHUI 1 DEB
1 38267U 10040B   13291.04421455  .00016684  00000-0  15040-2 0  2879
2 38267 097.2954 317.3022 0193694 028.1476 003.4628 14.82318761596871
0 TIANHUI 1 DEB
1 38267U 10040B   13292.55155380  .00016504  00000-0  14873-2 0  2882
2 38267 097.2948 318.6779 0193449 023.2090 127.2302 14.82364030597092
0 TIANHUI 1 DEB
1 38267U 10040B   13293.56395334  .00017256  00000-0  15545-2 0  2892
2 38267 097.2948 319.6019 0193266 019.8819 129.9483 14.82392510597247
0 TIANHUI 1 DEB
1 38267U 10040B   13294.90801076  .00018232  00000-0  16416-2 0  2901
2 38267 097.2949 320.8286 0193020 015.4492 102.7618 14.82429986597444
0 TIANHUI 1 DEB
1 38267U 10040B   13296.03888738  .00019140  00000-0  17225-2 0  2916
2 38267 097.2949 321.8611 0192774 011.6902 018.0703 14.82469520597617
