0 YAOGAN 2 DEB
1 38263U 07019C   13281.22909218  .00000796  00000-0  28706-3 0  1841
2 38263 097.9301 185.9590 0237153 155.5305 357.4390 14.21484709329123
0 YAOGAN 2 DEB
1 38263U 07019C   13283.54631168  .00000900  00000-0  32267-3 0  1859
2 38263 097.9302 188.0443 0237279 148.7013 335.4527 14.21492626329455
0 YAOGAN 2 DEB
1 38263U 07019C   13285.71014058  .00000940  00000-0  33621-3 0  1874
2 38263 097.9304 189.9916 0237392 142.3239 248.5622 14.21495134329758
0 YAOGAN 2 DEB
1 38263U 07019C   13287.21202987  .00001039  00000-0  36983-3 0  1886
2 38263 097.9304 191.3431 0237477 137.9011 014.2915 14.21498093329973
0 YAOGAN 2 DEB
1 38263U 07019C   13288.54399569  .00001321  00000-0  46661-3 0  1895
2 38263 097.9303 192.5418 0237532 133.9806 350.4785 14.21502035330165
0 YAOGAN 2 DEB
1 38263U 07019C   13289.59863579  .00001272  00000-0  44970-3 0  1906
2 38263 097.9303 193.4910 0237570 130.8745 347.4936 14.21505408330310
0 YAOGAN 2 DEB
1 38263U 07019C   13291.98144855  .00001273  00000-0  44973-3 0  1916
2 38263 097.9300 195.6355 0237673 123.8664 301.3277 14.21510042330654
0 YAOGAN 2 DEB
1 38263U 07019C   13294.52707295  .00001339  00000-0  47233-3 0  1928
2 38263 097.9299 197.9266 0237775 116.3788 008.3912 14.21516588331016
