0 CZ-4C DEB
1 38305U 10009J   13281.59273520 -.00000048  00000-0  10000-3 0   760
2 38305 063.4988 321.4781 0134014 151.5838 209.2539 12.99615377170232
0 CZ-4C DEB
1 38305U 10009J   13283.67028080 -.00000048  00000-0  10000-3 0   771
2 38305 063.4985 316.5736 0134094 151.5513 209.2895 12.99615450170509
0 CZ-4C DEB
1 38305U 10009J   13285.67088023 -.00000048  00000-0  10000-3 0   787
2 38305 063.4982 311.8479 0134247 151.5375 209.3051 12.99615393170763
0 CZ-4C DEB
1 38305U 10009J   13288.51788602 -.00000048  00000-0  10000-3 0   794
2 38305 063.4979 305.1241 0134455 151.6143 209.2257 12.99615360171130
0 CZ-4C DEB
1 38305U 10009J   13292.44213886 -.00000048  00000-0  10000-3 0   800
2 38305 063.4981 295.8574 0134164 151.4538 209.3912 12.99615570171648
0 CZ-4C DEB
1 38305U 10009J   13294.44273704 -.00000048  00000-0  10000-3 0   818
2 38305 063.4983 291.1335 0134163 151.4547 209.3896 12.99615680171905
