0 CZ-4B DEB
1 38309U 11079C   13282.45869450  .00001356  00000-0  37873-3 0  2144
2 38309 098.4168 358.4203 0128680 088.0417 336.0229 14.43065648458530
0 CZ-4B DEB
1 38309U 11079C   13284.46798731  .00001351  00000-0  37742-3 0  2151
2 38309 098.4169 000.4053 0128583 082.0219 334.3193 14.43070033458821
0 CZ-4B DEB
1 38309U 11079C   13286.47882096  .00001220  00000-0  34195-3 0  2167
2 38309 098.4167 002.3921 0128484 075.9941 340.6700 14.43074433459112
0 CZ-4B DEB
1 38309U 11079C   13289.05639041  .00001680  00000-0  46598-3 0  2175
2 38309 098.4162 004.9390 0128338 068.2576 051.3061 14.43086692459488
0 CZ-4B DEB
1 38309U 11079C   13291.47281432  .00001538  00000-0  42778-3 0  2180
2 38309 098.4157 007.3265 0128178 060.9968 004.8845 14.43094450459839
0 CZ-4B DEB
1 38309U 11079C   13293.48159961  .00001696  00000-0  47055-3 0  2193
2 38309 098.4154 009.3111 0128056 054.9555 000.7979 14.43100416460125
0 CZ-4B DEB
1 38309U 11079C   13295.49258340  .00001706  00000-0  47322-3 0  2208
2 38309 098.4155 011.2977 0127921 048.8976 008.1869 14.43107837460413
