0 KOMPSAT 3
1 38338U 12025B   13282.13560724  .00000337  00000-0  76877-4 0  1500
2 38338 098.1742 221.0317 0009756 232.3889 127.6430 14.61883402 74423
0 KOMPSAT 3
1 38338U 12025B   13282.47783548  .00000331  00000-0  75524-4 0  1511
2 38338 098.1743 221.3704 0009775 231.1237 128.9089 14.61883573 74470
0 KOMPSAT 3
1 38338U 12025B   13282.82006376  .00000333  00000-0  75923-4 0  1523
2 38338 098.1745 221.7090 0009777 230.0722 129.9621 14.61883852 74522
0 KOMPSAT 3
1 38338U 12025B   13283.16229195  .00000332  00000-0  75741-4 0  1535
2 38338 098.1745 222.0474 0009778 228.7930 131.2437 14.61884134 74578
0 KOMPSAT 3
1 38338U 12025B   13283.29918307  .00000330  00000-0  75322-4 0  1543
2 38338 098.1746 222.1829 0009789 228.2676 131.7692 14.61884229 74593
0 KOMPSAT 3
1 38338U 12025B   13283.64141118  .00000337  00000-0  76827-4 0  1548
2 38338 098.1747 222.5215 0009807 227.1071 132.9316 14.61884546 74649
0 KOMPSAT 3
1 38338U 12025B   13283.84674785  .00000335  00000-0  76462-4 0  1555
2 38338 098.1748 222.7246 0009811 226.4660 133.5728 14.61884695 74679
0 KOMPSAT 3
1 38338U 12025B   13284.12053015  .00000342  00000-0  77736-4 0  1568
2 38338 098.1749 222.9956 0009815 225.4593 134.5815 14.61884997 74716
0 KOMPSAT 3
1 38338U 12025B   13284.46275794  .00000342  00000-0  77827-4 0  1577
2 38338 098.1749 223.3340 0009823 224.3097 135.7320 14.61885270 74768
0 KOMPSAT 3
1 38338U 12025B   13285.48944027  .00000381  00000-0  85640-4 0  1601
2 38338 098.1753 224.3501 0009865 220.6274 139.4194 14.61886584 74911
0 KOMPSAT 3
1 38338U 12025B   13285.83166769  .00000390  00000-0  87385-4 0  1618
2 38338 098.1757 224.6888 0009882 219.6082 140.4407 14.61886985 74969
0 KOMPSAT 3
1 38338U 12025B   13286.17389497  .00000395  00000-0  88368-4 0  1629
2 38338 098.1758 225.0272 0009896 218.4259 141.6244 14.61887353 75019
0 KOMPSAT 3
1 38338U 12025B   13286.51612214  .00000415  00000-0  92374-4 0  1639
2 38338 098.1759 225.3660 0009872 217.2868 142.7651 14.61887847 75068
0 KOMPSAT 3
1 38338U 12025B   13286.85834920  .00000437  00000-0  96727-4 0  1647
2 38338 098.1762 225.7046 0009905 216.3214 143.7333 14.61888417 75114
0 KOMPSAT 3
1 38338U 12025B   13287.13213054  .00000446  00000-0  98659-4 0  1655
2 38338 098.1763 225.9757 0009904 215.3902 144.6648 14.61888789 75153
0 KOMPSAT 3
1 38338U 12025B   13287.47435759  .00000449  00000-0  99166-4 0  1668
2 38338 098.1762 226.3143 0009901 214.1940 145.8624 14.61889127 75202
0 KOMPSAT 3
1 38338U 12025B   13287.81658456  .00000458  00000-0  10097-3 0  1673
2 38338 098.1762 226.6528 0009911 213.1158 146.9428 14.61889551 75253
0 KOMPSAT 3
1 38338U 12025B   13288.15881129  .00000470  00000-0  10340-3 0  1682
2 38338 098.1763 226.9914 0009922 211.8841 148.1769 14.61890047 75302
0 KOMPSAT 3
1 38338U 12025B   13288.50103786  .00000473  00000-0  10391-3 0  1697
2 38338 098.1765 227.3302 0009923 210.6032 149.4581 14.61890387 75358
0 KOMPSAT 3
1 38338U 12025B   13288.84326476  .00000476  00000-0  10463-3 0  1702
2 38338 098.1765 227.6687 0009949 209.4587 150.6060 14.61890780 75405
0 KOMPSAT 3
1 38338U 12025B   13289.18549130  .00000483  00000-0  10587-3 0  1710
2 38338 098.1766 228.0073 0009954 208.2714 151.7956 14.61891218 75453
0 KOMPSAT 3
1 38338U 12025B   13289.32238178  .00000484  00000-0  10616-3 0  1728
2 38338 098.1768 228.1428 0009953 207.6720 152.3957 14.61891395 75475
0 KOMPSAT 3
1 38338U 12025B   13289.45927231  .00000482  00000-0  10570-3 0  1735
2 38338 098.1767 228.2784 0009968 207.2358 152.8312 14.61891473 75498
0 KOMPSAT 3
1 38338U 12025B   13289.80149893  .00000493  00000-0  10792-3 0  1743
2 38338 098.1765 228.6168 0009984 206.1100 153.9607 14.61891958 75540
0 KOMPSAT 3
1 38338U 12025B   13290.14372515  .00000501  00000-0  10948-3 0  1755
2 38338 098.1766 228.9554 0010009 204.8132 155.2602 14.61892435 75599
0 KOMPSAT 3
1 38338U 12025B   13290.28061543  .00000505  00000-0  11034-3 0  1768
2 38338 098.1766 229.0908 0010009 204.3601 155.7137 14.61892659 75619
0 KOMPSAT 3
1 38338U 12025B   13290.75973187  .00000518  00000-0  11289-3 0  1773
2 38338 098.1768 229.5648 0010034 202.8648 157.2110 14.61893281 75686
0 KOMPSAT 3
1 38338U 12025B   13291.10195798  .00000512  00000-0  11175-3 0  1786
2 38338 098.1767 229.9034 0010041 201.6733 158.4049 14.61893627 75732
0 KOMPSAT 3
1 38338U 12025B   13291.44418381  .00000517  00000-0  11274-3 0  1795
2 38338 098.1769 230.2423 0010062 200.3169 159.7631 14.61894059 75789
0 KOMPSAT 3
1 38338U 12025B   13291.78640967  .00000527  00000-0  11474-3 0  1804
2 38338 098.1768 230.5807 0010085 199.3825 160.7008 14.61894575 75837
0 KOMPSAT 3
1 38338U 12025B   13292.12863528  .00000527  00000-0  11471-3 0  1811
2 38338 098.1769 230.9193 0010080 198.1637 161.9211 14.61894975 75881
0 KOMPSAT 3
1 38338U 12025B   13292.40241562  .00000521  00000-0  11348-3 0  1828
2 38338 098.1769 231.1901 0010101 197.2366 162.8486 14.61895229 75926
0 KOMPSAT 3
1 38338U 12025B   13292.81308636  .00000539  00000-0  11712-3 0  1834
2 38338 098.1768 231.5963 0010135 196.0176 164.0723 14.61895916 75987
0 KOMPSAT 3
1 38338U 12025B   13293.08686638  .00000544  00000-0  11818-3 0  1849
2 38338 098.1769 231.8671 0010139 195.1337 164.9569 14.61896316 76028
0 KOMPSAT 3
1 38338U 12025B   13293.42909141  .00000551  00000-0  11962-3 0  1853
2 38338 098.1769 232.2058 0010181 193.8306 166.2616 14.61896809 76070
0 KOMPSAT 3
1 38338U 12025B   13293.77131667  .00000564  00000-0  12216-3 0  1869
2 38338 098.1770 232.5445 0010193 192.8113 167.2839 14.61897344 76122
0 KOMPSAT 3
1 38338U 12025B   13294.11354165  .00000565  00000-0  12224-3 0  1879
2 38338 098.1770 232.8832 0010208 191.6496 168.4471 14.61897765 76170
0 KOMPSAT 3
1 38338U 12025B   13294.45576658  .00000555  00000-0  12026-3 0  1889
2 38338 098.1772 233.2219 0010253 190.2584 169.8386 14.61898027 76227
0 KOMPSAT 3
1 38338U 12025B   13294.79799206  .00000567  00000-0  12277-3 0  1894
2 38338 098.1773 233.5606 0010288 189.2386 170.8646 14.61898579 76275
0 KOMPSAT 3
1 38338U 12025B   13295.14021658  .00000573  00000-0  12392-3 0  1900
2 38338 098.1774 233.8993 0010299 188.0880 172.0163 14.61899063 76329
0 KOMPSAT 3
1 38338U 12025B   13295.41399619  .00000568  00000-0  12300-3 0  1919
2 38338 098.1777 234.1704 0010339 187.0244 173.0801 14.61899312 76365
0 KOMPSAT 3
1 38338U 12025B   13295.75622119  .00000576  00000-0  12460-3 0  1927
2 38338 098.1776 234.5088 0010402 185.8607 174.2482 14.61899793 76410
0 KOMPSAT 3
1 38338U 12025B   13296.09844558  .00000578  00000-0  12484-3 0  1937
2 38338 098.1775 234.8474 0010414 184.8784 175.2325 14.61900262 76465
