0 OPS 4682 DEB
1 38363U 65027BQ  13285.85959800  .00000037  00000-0  10000-3 0  1138
2 38363 090.2826 251.5432 0030830 217.6040 142.2963 12.99101497524953
0 OPS 4682 DEB
1 38363U 65027BQ  13285.85959811  .00000232  00000-0  75448-3 0  1145
2 38363 090.2823 251.5387 0027801 212.6175 147.3230 12.99101173524951
0 OPS 4682 DEB
1 38363U 65027BQ  13288.17019378  .00000805  00000-0  26822-2 0  1156
2 38363 090.2838 251.6005 0027777 205.9399 154.0331 12.99098989525251
0 OPS 4682 DEB
1 38363U 65027BQ  13291.32801543  .00000999  00000-0  33346-2 0  1164
2 38363 090.2847 251.6824 0027919 196.9873 163.0316 12.99101690525666
0 OPS 4682 DEB
1 38363U 65027BQ  13293.63861262  .00000792  00000-0  26389-2 0  1175
2 38363 090.2842 251.7409 0028122 190.5861 169.4672 12.99109235525966
