0 OPS 4682 DEB
1 38375U 65027CC  13286.17404185  .00000035  00000-0  10000-3 0   472
2 38375 090.2818 249.6414 0032205 087.8554 272.7156 12.93531795427698
0 OPS 4682 DEB
1 38375U 65027CC  13287.64369437  .00000035  00000-0  10000-3 0   486
2 38375 090.2763 249.6668 0032620 086.6545 273.8636 12.93532460427882
0 OPS 4682 DEB
1 38375U 65027CC  13290.66038005  .00000035  00000-0  10000-3 0   497
2 38375 090.2780 249.7407 0032875 083.4521 277.0720 12.93533023428274
0 OPS 4682 DEB
1 38375U 65027CC  13290.66039906  .00000750  00000-0  10000-3 0   492
2 38375 090.2690 249.7429 0036540 077.4346 283.1277 12.93535945428279
0 OPS 4682 DEB
1 38375U 65027CC  13293.13560242  .00000035  00000-0  10000-3 0   507
2 38375 090.2844 249.8060 0031840 075.6041 284.8974 12.93534090428599
0 OPS 4682 DEB
1 38375U 65027CC  13295.84287470  .00000035  00000-0  10000-3 0   517
2 38375 090.2871 249.8870 0032173 068.3126 292.1413 12.93534688428943
