0 BREEZE-M DEB
1 38576U 08011X   13280.33595175  .00002265  00000-0  26704-2 0  1539
2 38576 048.9182 142.5918 6570667 285.6454 335.4471 03.13461268 32190
0 BREEZE-M DEB
1 38576U 08011X   13281.29317378  .00002851  00000-0  34277-2 0  1548
2 38576 048.9174 142.2153 6570546 285.9731 335.6444 03.13462865 32226
0 BREEZE-M DEB
1 38576U 08011X   13286.40340462  .00003309  00000-0  40838-2 0  1556
2 38576 048.9241 140.2124 6569400 287.7158 342.7794 03.13507896 32385
0 BREEZE-M DEB
1 38576U 08011X   13287.35486669  .00003771  00000-0  47011-2 0  1565
2 38576 048.9239 139.8394 6569219 288.0416 336.6305 03.13515109 32414
0 BREEZE-M DEB
1 38576U 08011X   13292.81457328  .00004691  00000-0  60615-2 0  1570
2 38576 048.9246 137.6968 6568307 289.9113 019.2147 03.13563287 32593
0 BREEZE-M DEB
1 38576U 08011X   13293.73943992  .00004517  00000-0  58687-2 0  1583
2 38576 048.9263 137.3353 6568079 290.2271 343.2367 03.13571016 32619
