0 AYAME 1 DEB
1 38682U 79009E   13280.73256777 -.00000098  00000-0  00000+0 0  1427
2 38682 008.2760 224.6040 3644062 302.4477 027.3885 01.68543479 32614
0 AYAME 1 DEB
1 38682U 79009E   13282.51234281 -.00000107  00000-0  00000+0 0  1433
2 38682 008.2751 224.4832 3644179 302.6891 027.2618 01.68543764 32645
0 AYAME 1 DEB
1 38682U 79009E   13286.07183257 -.00000127  00000-0  00000+0 0  1447
2 38682 008.2726 224.2371 3643749 303.1638 026.9689 01.68543487 32703
0 AYAME 1 DEB
1 38682U 79009E   13286.66508243 -.00000127  00000-0  00000+0 0  1459
2 38682 008.2728 224.2020 3643870 303.2545 026.9140 01.68544039 32716
0 AYAME 1 DEB
1 38682U 79009E   13289.03814830 -.00000120  00000-0  00000+0 0  1469
2 38682 008.2711 224.0420 3642505 303.5660 026.7620 01.68543042 32753
0 AYAME 1 DEB
1 38682U 79009E   13292.00453847 -.00000113  00000-0  00000+0 0  1470
2 38682 008.2688 223.8437 3641494 303.9580 026.6074 01.68543505 32804
0 AYAME 1 DEB
1 38682U 79009E   13294.37761542 -.00000115  00000-0  00000+0 0  1489
2 38682 008.2670 223.6848 3640941 304.2577 026.4800 01.68544258 32840
