0 BREEZE-M DEB
1 38929U 12044BN  13277.81703270  .01577786  51351-3  69443-2 0  6332
2 38929 049.7053 067.4587 0498165 342.4619 016.0493 14.97397389 42740
0 BREEZE-M DEB
1 38929U 12044BN  13277.95047525  .01585477  52002-3  71033-2 0  6340
2 38929 049.7000 066.8297 0495226 342.9630 015.5184 14.97786399 42762
0 BREEZE-M DEB
1 38929U 12044BN  13278.41726899  .01572943  51542-3  69913-2 0  6357
2 38929 049.6992 064.5908 0489445 344.8529 013.8188 14.99171612 42830
0 BREEZE-M DEB
1 38929U 12044BN  13278.75040624  .01717378  62664-3  75531-2 0  6363
2 38929 049.6981 062.9892 0484937 346.1549 012.6478 15.00323997 42882
0 BREEZE-M DEB
1 38929U 12044BN  13279.08328644  .01800004  69942-3  78752-2 0  6375
2 38929 049.6977 061.3859 0479286 347.4837 011.4535 15.01646580 42932
0 BREEZE-M DEB
1 38929U 12044BN  13279.21637686  .01782176  68563-3  77970-2 0  6388
2 38929 049.6976 060.7444 0477982 348.0171 010.9714 15.01931837 42950
0 BREEZE-M DEB
1 38929U 12044BN  13279.61539867  .01839018  74134-3  78277-2 0  6395
2 38929 049.7045 058.8099 0472667 349.9055 009.3469 15.03501836 43019
0 BREEZE-M DEB
1 38929U 12044BN  13279.74830909  .01916345  81249-3  82127-2 0  6405
2 38929 049.6981 058.1788 0471281 350.1042 009.0862 15.03713141 43036
0 BREEZE-M DEB
1 38929U 12044BN  13279.88119428  .01842398  74771-3  78137-2 0  6411
2 38929 049.6984 057.5379 0469595 350.6160 008.6233 15.04228719 43051
0 BREEZE-M DEB
1 38929U 12044BN  13280.47858102  .02068765  98076-3  86528-2 0  6424
2 38929 049.6973 054.6417 0459715 352.9245 006.5355 15.06617296 43148
0 BREEZE-M DEB
1 38929U 12044BN  13280.74376860  .02024870  94214-3  84085-2 0  6436
2 38929 049.6979 053.3542 0454889 353.9986 005.5618 15.07775039 43185
0 BREEZE-M DEB
1 38929U 12044BN  13280.87629362  .02115861  10450-2  86841-2 0  6441
2 38929 049.6970 052.7085 0452036 354.4964 005.1106 15.08579383 43201
0 BREEZE-M DEB
1 38929U 12044BN  13281.40582894  .02063767  10035-2  83529-2 0  6456
2 38929 049.6944 050.1247 0442551 356.5671 003.2268 15.10853039 43285
0 BREEZE-M DEB
1 38929U 12044BN  13281.60420043  .02335797  13366-2  88607-2 0  6463
2 38929 049.7004 049.1423 0442801 357.3332 002.5112 15.11763634 43314
0 BREEZE-M DEB
1 38929U 12044BN  13282.46219092  .03315437  32186-2  12222-1 0  6479
2 38929 049.6883 044.8698 0421815 000.7990 359.3546 15.16959740 43443
0 BREEZE-M DEB
1 38929U 12044BN  13282.79135349  .03063536  26893-2  10882-1 0  6486
2 38929 049.6890 043.2538 0414712 002.0908 358.1658 15.18987186 43492
0 BREEZE-M DEB
1 38929U 12044BN  13282.79135349  .03063536  26893-2  10882-1 0  6497
2 38929 049.6890 043.2538 0414712 002.0908 358.1658 15.18987186 43492
0 BREEZE-M DEB
1 38929U 12044BN  13283.57961978  .03055922  00000-0  11765-1 0  6502
2 38929 049.6937 039.4304 0386353 005.0123 355.4981 15.23639859 43613
0 BREEZE-M DEB
1 38929U 12044BN  13283.71074894  .03159881  30420-2  10665-1 0  6520
2 38929 049.6854 038.6861 0394202 005.8443 354.6915 15.24229358 43635
0 BREEZE-M DEB
1 38929U 12044BN  13283.71078053  .03030483  00000-0  10242-1 0  6516
2 38929 049.6952 038.7681 0391623 005.7610 354.7968 15.24390458 43633
0 BREEZE-M DEB
1 38929U 12044BN  13286.44957780  .03690408  10104-4  99231-2 0  6540
2 38929 049.6763 024.8611 0329985 017.0968 344.0798 15.40986642 44050
0 BREEZE-M DEB
1 38929U 12044BN  13286.77357248  .03823563  10142-4  10347-1 0  6552
2 38929 049.6800 023.2924 0323791 018.0630 343.1524 15.42228201 44103
0 BREEZE-M DEB
1 38929U 12044BN  13287.16172772  .04085168  10222-4  10666-1 0  6569
2 38929 049.6778 021.2984 0313326 019.7343 341.5430 15.44970482 44164
0 BREEZE-M DEB
1 38929U 12044BN  13287.54939326  .03648405  10279-4  89348-2 0  6572
2 38929 049.6870 019.2921 0299422 021.2562 341.1853 15.48832618 44220
0 BREEZE-M DEB
1 38929U 12044BN  13288.44964702  .06599745  10784-4  99232-2 0  6588
2 38929 049.6707 014.5670 0267056 022.7772 338.4787 15.62155446 44368
0 BREEZE-M DEB
1 38929U 12044BN  13288.76978145  .07579102  10794-4  15037-1 0  6597
2 38929 049.6616 012.7841 0257647 026.7249 334.6731 15.60559276 44415
0 BREEZE-M DEB
1 38929U 12044BN  13289.40793640  .09306993  11046-4  17303-1 0  6603
2 38929 049.6650 009.5489 0226659 029.2217 332.1213 15.67900001 44519
0 BREEZE-M DEB
1 38929U 12044BN  13289.72596958  .05883503  10962-4  85566-2 0  6618
2 38929 049.6749 007.8554 0216085 031.2862 330.5270 15.73340359 44564
0 BREEZE-M DEB
1 38929U 12044BN  13289.78929824  .10388312  11237-4  16429-1 0  6628
2 38929 049.6650 007.5085 0207655 031.0969 330.2101 15.73977510 44576
0 BREEZE-M DEB
1 38929U 12044BN  13289.78929824  .10388312  11237-4  16429-1 0  6639
2 38929 049.6650 007.5085 0207655 031.0969 330.2101 15.73977510 44576
0 BREEZE-M DEB
1 38929U 12044BN  13290.54798249  .09481945  11457-4  10174-1 0  6640
2 38929 049.6671 003.3892 0167529 033.2941 327.9966 15.87076340 44699
0 BREEZE-M DEB
1 38929U 12044BN  13291.60831004  .58145636  12257-4  57155-2 0  6643
2 38929 049.6542 357.4674 0039974 069.8116 297.0571 16.34258310 44868
