0 CZ-4C DEB
1 39015U 12066E   13282.55720170 -.00000090  00000-0  00000+0 0  1683
2 39015 063.3868 337.7899 0040256 005.0862 355.0565 13.43881150 42793
0 CZ-4C DEB
1 39015U 12066E   13284.56630408 -.00000090  00000-0  00000+0 0  1691
2 39015 063.3874 332.6419 0040378 005.0391 355.1034 13.43881376 43067
0 CZ-4C DEB
1 39015U 12066E   13286.87305056 -.00000090  00000-0  00000+0 0  1707
2 39015 063.3880 326.7307 0040475 005.0315 355.1112 13.43881653 43377
0 CZ-4C DEB
1 39015U 12066E   13288.88215211 -.00000090  00000-0  00000+0 0  1714
2 39015 063.3893 321.5836 0040653 004.9645 355.1781 13.43881969 43645
0 CZ-4C DEB
1 39015U 12066E   13290.89125298 -.00000090  00000-0  00000+0 0  1724
2 39015 063.3905 316.4353 0040849 004.9365 355.2063 13.43882328 43916
0 CZ-4C DEB
1 39015U 12066E   13293.19799548 -.00000090  00000-0  00000+0 0  1736
2 39015 063.3856 310.5134 0041489 004.7472 355.3939 13.43883113 44222
0 CZ-4C DEB
1 39015U 12066E   13295.20709448 -.00000090  00000-0  00000+0 0  1741
2 39015 063.3857 305.3653 0041546 004.7413 355.3998 13.43883376 44495
