0 CZ-2C DEB
1 39040U 12064H   13282.13758537  .00110757  00000-0  32459-2 0  2656
2 39040 097.1403 273.5030 0069330 156.2433 204.2036 15.32382706 47709
0 CZ-2C DEB
1 39040U 12064H   13283.18232300  .00100403  00000-0  29269-2 0  2660
2 39040 097.1403 274.5110 0069187 152.6030 207.8888 15.32596024 47863
0 CZ-2C DEB
1 39040U 12064H   13284.48805040  .00121417  00000-0  35038-2 0  2671
2 39040 097.1401 275.7714 0069224 148.2209 212.3240 15.32827997 48067
0 CZ-2C DEB
1 39040U 12064H   13285.46720794  .00108609  00000-0  31190-2 0  2697
2 39040 097.1398 276.7169 0069151 144.8761 215.7070 15.33031228 48211
0 CZ-2C DEB
1 39040U 12064H   13286.77255688  .00110790  00000-0  31571-2 0  2706
2 39040 097.1393 277.9778 0069128 140.4232 220.2088 15.33263454 48414
0 CZ-2C DEB
1 39040U 12064H   13287.16412490  .00097591  00000-0  27797-2 0  2715
2 39040 097.1393 278.3560 0069166 139.0908 221.5556 15.33325066 48472
0 CZ-2C DEB
1 39040U 12064H   13287.94720974  .00145124  00000-0  40899-2 0  2725
2 39040 097.1389 279.1127 0069078 136.4746 224.1978 15.33481087 48594
0 CZ-2C DEB
1 39040U 12064H   13288.92593009  .00123308  00000-0  34590-2 0  2733
2 39040 097.1387 280.0585 0068910 133.1568 227.5464 15.33715685 48749
0 CZ-2C DEB
1 39040U 12064H   13289.51309968  .00122319  00000-0  34185-2 0  2740
2 39040 097.1387 280.6259 0068840 131.1780 229.5429 15.33838597 48830
0 CZ-2C DEB
1 39040U 12064H   13289.96975365  .00117872  00000-0  32874-2 0  2751
2 39040 097.1387 281.0673 0068790 129.6315 231.1028 15.33922276 48905
0 CZ-2C DEB
1 39040U 12064H   13290.75251807  .00142512  00000-0  39391-2 0  2769
2 39040 097.1388 281.8244 0068797 127.0716 233.6844 15.34106512 49027
0 CZ-2C DEB
1 39040U 12064H   13290.75253245  .00123080  00000-0  34612-2 0  2778
2 39040 097.1374 281.8272 0068163 125.8529 234.9599 15.34117480 49025
0 CZ-2C DEB
1 39040U 12064H   13290.88297157  .00111121  00000-0  30781-2 0  2778
2 39040 097.1386 281.9500 0068879 126.6305 234.1300 15.34150043 49044
0 CZ-2C DEB
1 39040U 12064H   13292.12214885  .00113917  00000-0  31304-2 0  2782
2 39040 097.1388 283.1486 0068706 122.4528 238.3384 15.34396675 49235
0 CZ-2C DEB
1 39040U 12064H   13293.16549914  .00119268  00000-0  32516-2 0  2793
2 39040 097.1393 284.1584 0068669 119.0129 241.8019 15.34621685 49391
0 CZ-2C DEB
1 39040U 12064H   13294.46947035  .00139749  00000-0  37669-2 0  2805
2 39040 097.1395 285.4204 0068497 114.6646 246.1751 15.34905698 49592
0 CZ-2C DEB
1 39040U 12064H   13295.44728394  .00154925  00000-0  41378-2 0  2815
2 39040 097.1396 286.3674 0068352 111.5103 249.3446 15.35140873 49748
0 CZ-2C DEB
1 39040U 12064H   13295.83836643  .00156211  00000-0  41611-2 0  2826
2 39040 097.1397 286.7462 0068267 110.2353 250.6248 15.35222636 49806
