0 SPRINT A
1 39253U 13049A   13282.83712072  .00000136  00000-0  94329-4 0   256
2 39253 029.7228 004.5497 0137207 272.0159 086.4702 13.55031592  3496
0 SPRINT A
1 39253U 13049A   13284.23698528  .00000236  00000-0  23009-3 0   269
2 39253 029.7243 357.4367 0137236 283.3238 075.2061 13.55032345  3686
0 SPRINT A
1 39253U 13049A   13286.52100200  .00000083  00000-0  24852-4 0   288
2 39253 029.7247 345.8348 0137270 301.7654 056.9608 13.55031941  3993
0 SPRINT A
1 39253U 13049A   13287.55250281  .00000140  00000-0  10238-3 0   294
2 39253 029.7246 340.5971 0137233 310.1289 048.7330 13.55032305  4136
0 SPRINT A
1 39253U 13049A   13288.80504579  .00000159  00000-0  12806-3 0   300
2 39253 029.7244 334.2357 0137221 320.2685 038.7904 13.55032575  4305
0 SPRINT A
1 39253U 13049A   13289.91023596  .00000143  00000-0  10737-3 0   313
2 39253 029.7240 328.6228 0137248 329.2336 030.0249 13.55032752  4456
0 SPRINT A
1 39253U 13049A   13291.23646833  .00000174  00000-0  14999-3 0   459
2 39253 029.7241 321.8856 0137292 339.9591 019.5623 13.55033141  4630
0 SPRINT A
1 39253U 13049A   13292.48902485  .00000149  00000-0  11597-3 0   469
2 39253 029.7236 315.5236 0137275 350.1056 009.6826 13.55033283  4809
0 SPRINT A
1 39253U 13049A   13293.52054285  .00000172  00000-0  14751-3 0   473
2 39253 029.7235 310.2844 0137238 358.4489 001.5647 13.55033567  4947
0 SPRINT A
1 39253U 13049A   13294.84678056  .00000130  00000-0  91679-4 0   487
2 39253 029.7235 303.5476 0137211 009.2083 351.0967 13.55033660  5128
0 SPRINT A
1 39253U 13049A   13296.24669557  .00000157  00000-0  12827-3 0   496
2 39253 029.7231 296.4368 0137206 020.5356 340.0661 13.55033978  5319
