0 FALCON 9 DEB
1 39278U 13055N   13282.30751324  .00809654  00000-0  11187+0 0   275
2 39278 080.9497 306.0091 0667445 142.7410 222.2919 13.84389956  1338
0 FALCON 9 DEB
1 39278U 13055N   13282.52430029  .01504012  00000-0  21026+0 0   280
2 39278 080.9505 305.8019 0659212 142.2398 223.1860 13.85338514  1361
0 FALCON 9 DEB
1 39278U 13055N   13282.88520208  .01320350  00000-0  18290+0 0   299
2 39278 080.9521 305.4471 0656036 141.2780 223.5839 13.86182409  1419
0 FALCON 9 DEB
1 39278U 13055N   13283.02957960  .01189020  00000-0  16823+0 0   304
2 39278 080.9566 305.3155 0652603 141.3362 223.5090 13.86346770  1433
0 FALCON 9 DEB
1 39278U 13055N   13283.39037278  .01272464  00000-0  17886+0 0   311
2 39278 080.9532 304.9544 0648302 140.2623 224.8574 13.87252261  1480
0 FALCON 9 DEB
1 39278U 13055N   13283.46248286  .01270593  00000-0  18268+0 0   329
2 39278 080.9528 304.8811 0643536 139.8475 225.1519 13.87411079  1492
0 FALCON 9 DEB
1 39278U 13055N   13284.47126733  .00667477  00000-0  97492-1 0   332
2 39278 080.9512 303.8954 0637348 136.5858 225.0849 13.88357942  1635
0 FALCON 9 DEB
1 39278U 13055P   13285.33649540  .00656267  00000-0  95343-1 0   365
2 39278 080.9478 303.0455 0632914 134.3074 231.1005 13.89407093  1753
0 FALCON 9 DEB
1 39278U 13055P   13285.76854855  .00619939  00000-0  91657-1 0   379
2 39278 080.9493 302.6238 0627893 132.9289 232.6283 13.89868565  1812
0 FALCON 9 DEB
1 39278U 13055P   13286.05647991  .00609861  00000-0  89863-1 0   383
2 39278 080.9476 302.3437 0626976 132.0724 233.4950 13.90182553  1859
0 FALCON 9 DEB
1 39278U 13055P   13286.34435727  .00592363  00000-0  87739-1 0   396
2 39278 080.9466 302.0574 0624725 131.2389 234.3743 13.90481198  1896
0 FALCON 9 DEB
1 39278U 13055P   13286.77607323  .00562458  00000-0  84728-1 0   405
2 39278 080.9500 301.6382 0619932 129.9956 235.7169 13.90899273  1956
0 FALCON 9 DEB
1 39278U 13055P   13287.06379589  .00544810  00000-0  82028-1 0   412
2 39278 080.9493 301.3571 0618860 129.0608 236.6275 13.91166130  1990
0 FALCON 9 DEB
1 39278U 13055P   13287.35148139  .00527874  00000-0  80012-1 0   422
2 39278 080.9463 301.0714 0616560 128.3269 237.4145 13.91419840  2033
0 FALCON 9 DEB
1 39278U 13055P   13287.78292718  .00502323  00000-0  77375-1 0   433
2 39278 080.9466 300.6457 0611996 126.9814 238.9692 13.91803970  2093
0 FALCON 9 DEB
1 39278U 13055P   13287.99856971  .00543411  00000-0  83434-1 0   440
2 39278 080.9453 300.4346 0610397 126.2113 239.8525 13.92100965  2127
0 FALCON 9 DEB
1 39278U 13055P   13288.21414987  .00609525  00000-0  92674-1 0   459
2 39278 080.9372 300.2199 0609317 125.1390 240.9942 13.92452970  2151
0 FALCON 9 DEB
1 39278U 13055P   13288.42967189  .00680487  00000-0  10503+0 0   465
2 39278 080.9414 300.0207 0605178 124.4205 241.6557 13.92804281  2183
0 FALCON 9 DEB
1 39278U 13055P   13289.50668980  .00623989  00000-0  97525-1 0   478
2 39278 080.9443 298.9555 0593478 121.6063 245.8994 13.94429990  2336
0 FALCON 9 DEB
1 39278U 13055P   13289.79338409  .00679075  00000-0  10259+0 0   484
2 39278 080.9533 298.6936 0598283 121.6945 244.4691 13.94828794  2372
0 FALCON 9 DEB
1 39278U 13055P   13290.00855168  .00600655  00000-0  94453-1 0   495
2 39278 080.9429 298.4553 0589926 119.5662 246.1942 13.94947196  2405
0 FALCON 9 DEB
1 39278U 13055P   13290.29550405  .00541464  00000-0  87366-1 0   501
2 39278 080.9376 298.1588 0584886 119.0669 246.9570 13.95162782  2443
0 FALCON 9 DEB
1 39278U 13055P   13290.43894661  .00493138  00000-0  79130-1 0   517
2 39278 080.9404 298.0279 0586153 118.5047 247.5677 13.95259561  2463
0 FALCON 9 DEB
1 39278U 13055P   13290.79747836  .00510782  00000-0  82016-1 0   520
2 39278 080.9405 297.6738 0583781 117.5380 248.6826 13.95625522  2510
0 FALCON 9 DEB
1 39278U 13055P   13291.87245237  .00505758  00000-0  81258-1 0   533
2 39278 080.9400 296.6161 0578169 114.3814 251.7996 13.96659440  2661
0 FALCON 9 DEB
1 39278U 13055P   13292.08737222  .00474964  00000-0  76466-1 0   547
2 39278 080.9389 296.4062 0577478 113.4835 252.6809 13.96806558  2690
0 FALCON 9 DEB
1 39278U 13055P   13292.30227978  .00459740  00000-0  74310-1 0   556
2 39278 080.9350 296.1882 0576127 112.9639 253.2690 13.96962787  2727
0 FALCON 9 DEB
1 39278U 13055P   13292.73202471  .00399572  00000-0  65767-1 0   567
2 39278 080.9366 295.7650 0572325 111.6527 254.6460 13.97210932  2785
0 FALCON 9 DEB
1 39278U 13055P   13293.09004918  .00367819  00000-0  60308-1 0   579
2 39278 080.9334 295.4095 0572450 110.6073 255.5887 13.97415306  2835
0 FALCON 9 DEB
1 39278U 13055P   13293.37646311  .00360381  00000-0  59270-1 0   583
2 39278 080.9341 295.1246 0570988 109.7783 256.5521 13.97601040  2871
0 FALCON 9 DEB
1 39278U 13055P   13293.87753647  .00404009  00000-0  66612-1 0   594
2 39278 080.9366 294.6252 0567405 108.1133 258.3693 13.98045423  2947
0 FALCON 9 DEB
1 39278U 13055P   13294.09220859  .00469546  00000-0  77237-1 0   607
2 39278 080.9355 294.4122 0565239 107.5689 258.9967 13.98330695  2972
0 FALCON 9 DEB
1 39278U 13055P   13294.37835873  .00498766  00000-0  81811-1 0   616
2 39278 080.9364 294.1277 0563634 106.5697 259.8626 13.98637622  3013
0 FALCON 9 DEB
1 39278U 13055P   13294.80748464  .00552732  00000-0  89585-1 0   624
2 39278 080.9367 293.7037 0562288 105.3601 261.0380 13.99142847  3070
0 FALCON 9 DEB
1 39278U 13055P   13295.37946280  .00548871  00000-0  88566-1 0   631
2 39278 080.9368 293.1346 0560015 103.7477 262.6428 13.99727185  3150
0 FALCON 9 DEB
1 39278U 13055P   13296.09409687  .00598831  00000-0  96000-1 0   640
2 39278 080.9369 292.4216 0555771 101.5766 265.0573 14.00583838  3256
