0 PEGASUS DEB
1 39318U 94029AFD 13288.18204972  .00000696  00000-0  11393-3 0    18
2 39318 081.9539 243.8262 0210139 087.5449 275.0124 14.55579094605541
0 PEGASUS DEB
1 39318U 94029AFD 13290.58800081  .00001315  00000-0  22314-3 0    34
2 39318 081.9547 241.5108 0210840 080.1608 282.3806 14.55589084605895
0 PEGASUS DEB
1 39318U 94029AFD 13290.58800316  .00000825  00000-0  13604-3 0    21
2 39318 081.9541 241.5004 0210067 080.1543 282.3834 14.55585267605893
0 PEGASUS DEB
1 39318U 94029AFD 13292.16904189  .00000903  00000-0  14951-3 0    34
2 39318 081.9548 239.9745 0209518 075.2703 287.1973 14.55589617606122
0 PEGASUS DEB
1 39318U 94029AFD 13294.16251798  .00001011  00000-0  16760-3 0    49
2 39318 081.9565 238.0569 0209999 069.1759 293.2028 14.55595465606410
