0 COSMOS 292
1 04070U 69070A   13281.80176323  .00000200  00000-0  55510-4 0  5301
2 04070 074.0505 054.1775 0009354 111.4329 355.0840 14.52833571333143
0 COSMOS 292
1 04070U 69070A   13282.83548896  .00000188  00000-0  52562-4 0  5313
2 04070 074.0507 052.2290 0009343 108.9748 001.9254 14.52835238333294
0 COSMOS 292
1 04070U 69070A   13283.94262316  .00000242  00000-0  65678-4 0  5320
2 04070 074.0508 050.1421 0009336 106.2962 032.7753 14.52835965333450
0 COSMOS 292
1 04070U 69070A   13285.44349244  .00000173  00000-0  48789-4 0  5331
2 04070 074.0512 047.3132 0009328 102.6792 323.0420 14.52836794333676
0 COSMOS 292
1 04070U 69070A   13286.47909265  .00000196  00000-0  54400-4 0  5343
2 04070 074.0513 045.3613 0009322 100.1242 339.7911 14.52837195333828
0 COSMOS 292
1 04070U 69070A   13287.51085634  .00000231  00000-0  62917-4 0  5357
2 04070 074.0515 043.4167 0009314 097.5861 336.4676 14.52837668333973
0 COSMOS 292
1 04070U 69070A   13288.82379788  .00000324  00000-0  85551-4 0  5361
2 04070 074.0516 040.9423 0009316 094.3063 003.9092 14.52838877334165
0 COSMOS 292
1 04070U 69070A   13290.68402522  .00000307  00000-0  81319-4 0  5371
2 04070 074.0515 037.4366 0009315 089.7927 013.8446 14.52840331334438
0 COSMOS 292
1 04070U 69070A   13291.85652941  .00000304  00000-0  80691-4 0  5383
2 04070 074.0514 035.2269 0009326 087.0079 026.5822 14.52840921334609
0 COSMOS 292
1 04070U 69070A   13292.89449255  .00000333  00000-0  87776-4 0  5394
2 04070 074.0513 033.2705 0009332 084.4703 055.6837 14.52841669334758
0 COSMOS 292
1 04070U 69070A   13293.92234140  .00000316  00000-0  83480-4 0  5405
2 04070 074.0513 031.3334 0009346 081.9760 031.8656 14.52842486334905
0 COSMOS 292
1 04070U 69070A   13295.49874943  .00000284  00000-0  75703-4 0  5414
2 04070 074.0513 028.3623 0009365 078.1555 357.2958 14.52843881335139
