0 DELTA 1 R/B
1 04377U 70032B   13283.06810828  .00007416  00000-0  13762-2 0  9677
2 04377 026.7714 102.9398 6059109 303.7742 012.4580 03.95692329439664
0 DELTA 1 R/B
1 04377U 70032B   13283.57342905  .00008278  00000-0  15381-2 0  9686
2 04377 026.7649 102.5575 6059058 304.4069 012.2814 03.95695585439684
0 DELTA 1 R/B
1 04377U 70032B   13286.60520118  .00008810  00000-0  16441-2 0  9698
2 04377 026.7665 100.3115 6058869 308.1491 011.2542 03.95733479439803
0 DELTA 1 R/B
1 04377U 70032B   13289.88926838  .00009033  00000-0  17016-2 0  9709
2 04377 026.7740 097.8843 6058514 312.2132 010.1807 03.95801274439935
0 DELTA 1 R/B
1 04377U 70032B   13290.39446073  .00009458  00000-0  17786-2 0  9711
2 04377 026.7782 097.5188 6058551 312.8237 010.0241 03.95807395439956
0 DELTA 1 R/B
1 04377U 70032B   13291.40482418  .00009062  00000-0  17164-2 0  9729
2 04377 026.7789 096.7722 6058243 314.0785 009.7086 03.95826868439990
0 DELTA 1 R/B
1 04377U 70032B   13292.41513960  .00009042  00000-0  17070-2 0  9733
2 04377 026.7795 096.0208 6058256 315.3281 009.3992 03.95841760440035
0 DELTA 1 R/B
1 04377U 70032B   13293.42542309  .00009629  00000-0  18078-2 0  9745
2 04377 026.7807 095.2723 6058235 316.5786 009.0956 03.95862701440071
0 DELTA 1 R/B
1 04377U 70032B   13294.43567088  .00009190  00000-0  17238-2 0  9759
2 04377 026.7816 094.5231 6058040 317.8329 008.7968 03.95888734440116
0 DELTA 1 R/B
1 04377U 70032B   13295.44586002  .00009342  00000-0  17665-2 0  9762
2 04377 026.7803 093.7688 6057557 319.0930 008.5018 03.95907034440156
