0 ANNA 1B
1 00446U 62060A   13283.14488355 -.00000111  00000-0  28615-4 0  2323
2 00446 050.1407 179.3002 0070174 305.3570 170.6070 13.35218582485104
0 ANNA 1B
1 00446U 62060A   13285.45150287 -.00000085  00000-0  80196-4 0  2332
2 00446 050.1404 170.9649 0070182 312.2035 098.0323 13.35218241485417
0 ANNA 1B
1 00446U 62060A   13287.47580182 -.00000079  00000-0  90877-4 0  2348
2 00446 050.1399 163.6496 0070181 318.2047 108.4077 13.35218394485687
0 ANNA 1B
1 00446U 62060A   13289.73026814 -.00000128  00000-0 -43539-5 0  2357
2 00446 050.1397 155.5025 0070187 324.8973 145.1401 13.35218831485988
0 ANNA 1B
1 00446U 62060A   13291.82071550 -.00000131  00000-0 -10285-4 0  2363
2 00446 050.1396 147.9479 0070165 331.1105 113.4649 13.35218946486260
0 ANNA 1B
1 00446U 62060A   13293.84286293 -.00000143  00000-0 -32745-4 0  2378
2 00446 050.1397 140.6403 0070209 337.1083 113.4993 13.35218906486536
0 ANNA 1B
1 00446U 62060A   13296.02905752 -.00000108  00000-0  35295-4 0  2383
2 00446 050.1398 132.7397 0070206 343.5969 182.0721 13.35218643486823
