0 DELTA 1 R/B
1 00050U 60009B   13281.99683212 -.00000133  00000-0 -46312-3 0  9577
2 00050 047.2297 144.7713 0113619 243.7433 115.1643 12.20076608372344
0 DELTA 1 R/B
1 00050U 60009B   13284.53591832 -.00000056  00000-0  26930-3 0  9584
2 00050 047.2296 136.8909 0113606 251.2587 107.5845 12.20075752372654
0 DELTA 1 R/B
1 00050U 60009B   13286.66547943 -.00000012  00000-0  68435-3 0  9593
2 00050 047.2294 130.2816 0113566 257.5962 101.2098 12.20075572372918
0 DELTA 1 R/B
1 00050U 60009B   13288.71313805 -.00000007  00000-0  73002-3 0  9601
2 00050 047.2294 123.9264 0113544 263.6741 095.1106 12.20076013373163
0 DELTA 1 R/B
1 00050U 60009B   13291.49795877 -.00000071  00000-0  12892-3 0  9615
2 00050 047.2300 115.2832 0113536 271.9417 086.8373 12.20076849373507
0 DELTA 1 R/B
1 00050U 60009B   13293.79134453 -.00000132  00000-0 -44909-3 0  9621
2 00050 047.2304 108.1656 0113522 278.7411 080.0536 12.20076963373784
0 DELTA 1 R/B
1 00050U 60009B   13295.83901286 -.00000130  00000-0 -43207-3 0  9633
2 00050 047.2306 101.8105 0113517 284.8168 074.0069 12.20076885374032
