0 COSMOS 397 DEB
1 05018U 71015M   13282.49101672  .00000162  00000-0  10956-3 0  4598
2 05018 065.7149 327.5349 1013417 279.2164 069.5764 12.79185107986392
0 COSMOS 397 DEB
1 05018U 71015M   13287.10371433  .00000153  00000-0  10536-3 0  4612
2 05018 065.7141 317.6576 1013477 277.3740 071.3385 12.79187256986983
0 COSMOS 397 DEB
1 05018U 71015M   13290.46550601  .00000163  00000-0  10975-3 0  4620
2 05018 065.7140 310.4582 1013474 276.0331 072.6285 12.79189627987415
0 COSMOS 397 DEB
1 05018U 71015M   13292.49821498  .00000188  00000-0  12092-3 0  4630
2 05018 065.7141 306.1049 1013432 275.2211 073.4131 12.79190651987674
0 COSMOS 397 DEB
1 05018U 71015M   13295.00000881  .00000241  00000-0  14460-3 0  4647
2 05018 065.7140 300.7473 1013415 274.2219 074.3813 12.79192225987993
