0 COSMOS 418
1 05217U 71041H   13280.51240870 -.00000026  00000-0 -65116-4 0  9576
2 05217 074.0162 190.3543 0059579 058.3226 051.5933 12.54510038942801
0 COSMOS 418
1 05217U 71041H   13282.81282345 -.00000035  00000-0 -11531-3 0  9586
2 05217 074.0161 187.2690 0059601 054.8141 000.8334 12.54510127943094
0 COSMOS 418
1 05217U 71041H   13287.14035257  .00000024  00000-0  24694-3 0  9608
2 05217 074.0156 181.4652 0059690 048.2192 105.0189 12.54509527943631
0 COSMOS 418
1 05217U 71041H   13289.44312773  .00000018  00000-0  21149-3 0  9610
2 05217 074.0150 178.3770 0059728 044.7160 064.9080 12.54509757943929
0 COSMOS 418
1 05217U 71041H   13291.82644791 -.00000009  00000-0  42662-4 0  9629
2 05217 074.0145 175.1805 0059753 041.0778 028.5714 12.54510224944225
0 COSMOS 418
1 05217U 71041H   13294.16086442 -.00000020  00000-0 -24282-4 0  9635
2 05217 074.0143 172.0495 0059808 037.5367 131.3548 12.54510402944517
