0 ERS 6
1 00608U 63014C   13281.51541706  .00000059  00000-0  26216-1 0  6104
2 00608 087.3149 275.3052 0090999 305.3945 220.9434 08.65291574592880
0 ERS 6
1 00608U 63014C   13285.98020825  .00000002  00000-0 -74935-4 0  6117
2 00608 087.3152 274.8764 0090822 301.0832 088.7783 08.65292366593272
0 ERS 6
1 00608U 63014C   13290.41521657 -.00000014  00000-0 -76465-2 0  6123
2 00608 087.3161 274.4501 0090664 296.6647 223.9889 08.65292410593656
0 ERS 6
1 00608U 63014C   13295.38610141  .00000053  00000-0  23563-1 0  6133
2 00608 087.3172 273.9730 0090567 291.6150 228.5734 08.65292055594085
