0 SL-8 R/B
1 06125U 72057J   13282.51110453 -.00000020  00000-0 -43647-4 0  1906
2 06125 074.0186 354.3618 0068261 075.3232 051.7819 12.30858342852076
0 SL-8 R/B
1 06125U 72057J   13286.73925109  .00000042  00000-0  47693-3 0  1924
2 06125 074.0178 348.9373 0068307 069.1497 067.1312 12.30858404852594
0 SL-8 R/B
1 06125U 72057J   13289.15296435  .00000035  00000-0  41368-3 0  1932
2 06125 074.0172 345.8405 0068309 065.5923 322.5729 12.30858807852896
0 SL-8 R/B
1 06125U 72057J   13291.52718571  .00000022  00000-0  30952-3 0  1940
2 06125 074.0168 342.7940 0068334 062.1277 042.9919 12.30859085853180
0 SL-8 R/B
1 06125U 72057J   13293.72877124  .00000010  00000-0  20794-3 0  1955
2 06125 074.0166 339.9691 0068361 058.9233 078.4363 12.30859576853456
0 SL-8 R/B
1 06125U 72057J   13296.15119583  .00000038  00000-0  43864-3 0  1967
2 06125 074.0165 336.8606 0068379 055.3747 012.4696 12.30859526853752
