0 TIROS 2
1 00063U 60016A   13282.45228156  .00043818  00000-0  56711-3 0  1417
2 00063 048.5136 046.4615 0011307 032.1780 327.9856 15.58298998881570
0 TIROS 2
1 00063U 60016A   13282.83698368  .00040294  00000-0  52178-3 0  1424
2 00063 048.5136 044.4016 0011314 033.8484 326.3184 15.58322414881635
0 TIROS 2
1 00063U 60016A   13283.60637772  .00070537  00000-0  90297-3 0  1430
2 00063 048.5132 040.2774 0011024 038.2319 321.9926 15.58378081881759
0 TIROS 2
1 00063U 60016A   13283.79871187  .00041909  00000-0  54099-3 0  1431
2 00063 048.5136 039.2506 0011263 038.5509 321.6241 15.58389144881785
0 TIROS 2
1 00063U 60016A   13285.78615619  .00035237  00000-0  45403-3 0  1456
2 00063 048.5138 028.6045 0011245 048.0711 312.1194 15.58518808882096
0 TIROS 2
1 00063U 60016A   13287.13239447  .00032928  00000-0  42346-3 0  1466
2 00063 048.5142 021.3919 0011208 054.8003 305.3993 15.58603869882306
0 TIROS 2
1 00063U 60016A   13288.09394567  .00049243  00000-0  62718-3 0  1471
2 00063 048.5143 016.2404 0011234 059.4619 300.7436 15.58675671882459
0 TIROS 2
1 00063U 60016A   13289.11954478  .00043813  00000-0  55722-3 0  1483
2 00063 048.5143 010.7450 0011236 064.5873 295.6237 15.58764211882618
0 TIROS 2
1 00063U 60016A   13290.14509260  .00040817  00000-0  51831-3 0  1492
2 00063 048.5141 005.2489 0011218 069.9745 290.2410 15.58837261882771
0 TIROS 2
1 00063U 60016A   13291.17059033  .00038893  00000-0  49285-3 0  1507
2 00063 048.5138 359.7525 0011241 075.0339 285.1853 15.58913936882934
0 TIROS 2
1 00063U 60016A   13292.19603785  .00036930  00000-0  46711-3 0  1511
2 00063 048.5136 354.2555 0011264 080.1828 280.0392 15.58986972883090
0 TIROS 2
1 00063U 60016A   13293.47777858  .00039179  00000-0  49334-3 0  1529
2 00063 048.5133 347.3838 0011336 086.5975 273.6270 15.59076501883291
0 TIROS 2
1 00063U 60016A   13294.50311769  .00043014  00000-0  53941-3 0  1532
2 00063 048.5133 341.8860 0011389 091.8245 268.4008 15.59142256883452
0 TIROS 2
1 00063U 60016A   13295.59249107  .00043729  00000-0  54646-3 0  1545
2 00063 048.5132 336.0440 0011424 097.4528 262.7719 15.59226625883625
