0 SL-8 R/B
1 06826U 73064B   13281.19980667 -.00000022  00000-0 -25257-4 0  7868
2 06826 074.0235 355.0081 0028116 095.3772 293.0121 12.69715089858353
0 SL-8 R/B
1 06826U 73064B   13283.49137326  .00000007  00000-0  11956-3 0  7871
2 06826 074.0234 351.8482 0028086 091.6889 327.8229 12.69714995858647
0 SL-8 R/B
1 06826U 73064B   13285.70774821  .00000035  00000-0  26009-3 0  7881
2 06826 074.0229 348.7920 0028114 088.1745 018.8773 12.69714946858925
0 SL-8 R/B
1 06826U 73064B   13287.83906454  .00000043  00000-0  30075-3 0  7894
2 06826 074.0224 345.8530 0028127 084.7609 041.1621 12.69715171859192
0 SL-8 R/B
1 06826U 73064B   13289.88704591  .00000036  00000-0  26754-3 0  7902
2 06826 074.0219 343.0289 0028129 081.4810 042.5229 12.69715612859455
0 SL-8 R/B
1 06826U 73064B   13292.15766770  .00000006  00000-0  11300-3 0  7912
2 06826 074.0217 339.8975 0028134 077.8268 341.5965 12.69715949859744
0 SL-8 R/B
1 06826U 73064B   13294.54506115  .00000021  00000-0  18939-3 0  7925
2 06826 074.0216 336.6052 0028161 074.0178 094.4083 12.69716174860044
