0 COSMOS 624
1 06992U 73104H   13281.85816064  .00000006  00000-0  12038-3 0  8659
2 06992 074.0290 317.0943 0085163 114.7811 355.8168 12.61212886832829
0 COSMOS 624
1 06992U 73104H   13284.15565199  .00000023  00000-0  21521-3 0  8662
2 06992 074.0286 313.9762 0085161 111.2305 347.2946 12.61212931833119
0 COSMOS 624
1 06992U 73104H   13286.52961008  .00000012  00000-0  15393-3 0  8673
2 06992 074.0281 310.7542 0085161 107.5610 325.9608 12.61213172833411
0 COSMOS 624
1 06992U 73104H   13288.53297406 -.00000010  00000-0  30695-4 0  8683
2 06992 074.0279 308.0349 0085134 104.4498 062.0054 12.61213464833668
0 COSMOS 624
1 06992U 73104H   13290.74343872 -.00000024  00000-0 -45075-4 0  8693
2 06992 074.0280 305.0344 0085129 101.0269 018.3595 12.61213562833949
0 COSMOS 624
1 06992U 73104H   13292.79132641 -.00000016  00000-0 -17957-5 0  8702
2 06992 074.0281 302.2547 0085126 097.8533 316.5558 12.61213398834206
0 COSMOS 624
1 06992U 73104H   13295.18761815 -.00000000  00000-0  87317-4 0  8718
2 06992 074.0281 299.0022 0085129 094.1284 036.6505 12.61213207834507
