0 DELTA 1 DEB
1 07013U 73086D   13282.83509458  .00000051  00000-0  60271-3 0  2823
2 07013 101.5044 270.2415 0068682 349.8966 070.8373 12.51410629822904
0 DELTA 1 DEB
1 07013U 73086D   13287.47705765 -.00000002  00000-0  26348-3 0  2843
2 07013 101.5046 274.7247 0068592 340.9289 103.2018 12.51411423823482
0 DELTA 1 DEB
1 07013U 73086D   13289.86966345  .00000003  00000-0  29559-3 0  2859
2 07013 101.5051 277.0353 0068564 336.2640 082.1060 12.51411758823786
0 DELTA 1 DEB
1 07013U 73086D   13292.12489656 -.00000006  00000-0  23927-3 0  2865
2 07013 101.5056 279.2132 0068529 331.8793 162.1229 12.51411736824065
0 DELTA 1 DEB
1 07013U 73086D   13294.51857481  .00000025  00000-0  44080-3 0  2879
2 07013 101.5059 281.5250 0068474 327.2461 145.8283 12.51412026824369
