0 DELTA 1 DEB
1 07049U 73086AR  13282.52998382 -.00000128  00000-0 -11064-2 0  1861
2 07049 101.7506 302.7628 0252761 226.6170 291.5418 11.93023012732078
0 DELTA 1 DEB
1 07049U 73086AR  13286.63010472  .00000233  00000-0  33425-2 0  1884
2 07049 101.7491 306.3843 0253130 219.6005 261.0460 11.93020352732567
0 DELTA 1 DEB
1 07049U 73086AR  13288.64435440  .00000166  00000-0  25197-2 0  1896
2 07049 101.7489 308.1635 0253164 216.1354 271.9945 11.93021981732803
0 DELTA 1 DEB
1 07049U 73086AR  13290.65756506 -.00000068  00000-0 -36291-3 0  1902
2 07049 101.7488 309.9415 0253189 212.6694 278.4868 11.93024471733042
0 DELTA 1 DEB
1 07049U 73086AR  13293.51598177 -.00000249  00000-0 -25972-2 0  1913
2 07049 101.7486 312.4656 0253289 207.7753 315.0358 11.93025605733387
0 DELTA 1 DEB
1 07049U 73086AR  13295.52718964 -.00000149  00000-0 -13680-2 0  1927
2 07049 101.7482 314.2416 0253378 204.3318 312.9398 11.93023660733622
