0 DELTA 1 DEB
1 07169U 73086EH  13282.76931836  .00000213  00000-0  13267-2 0  2165
2 07169 101.6473 262.3039 0130336 306.4010 176.2274 12.66627331842675
0 DELTA 1 DEB
1 07169U 73086EH  13285.77070840  .00000219  00000-0  13548-2 0  2177
2 07169 101.6476 265.3229 0130156 300.4567 182.1331 12.66629062843059
0 DELTA 1 DEB
1 07169U 73086EH  13288.38590351  .00000260  00000-0  15624-2 0  2185
2 07169 101.6481 267.9533 0130001 295.2695 227.0689 12.66630853843384
0 DELTA 1 DEB
1 07169U 73086EH  13290.43809355  .00000208  00000-0  13000-2 0  2190
2 07169 101.6488 270.0174 0129880 291.1996 224.7883 12.66631868843645
0 DELTA 1 DEB
1 07169U 73086EH  13292.48338661  .00000221  00000-0  13636-2 0  2206
2 07169 101.6493 272.0746 0129767 287.1350 191.0761 12.66633071843909
0 DELTA 1 DEB
1 07169U 73086EH  13294.91810566  .00000248  00000-0  15028-2 0  2212
2 07169 101.6496 274.5238 0129636 282.2956 133.1110 12.66634180844210
