0 DELTA 1 DEB
1 00720U 63054C   13281.50194406  .00000136  00000-0  79075-4 0  9184
2 00720 058.4734 063.5023 0119369 035.1911 325.6924 14.45569718610479
0 DELTA 1 DEB
1 00720U 63054C   13283.50760450  .00000139  00000-0  79852-4 0  9191
2 00720 058.4739 056.3862 0119531 037.6038 323.3272 14.45572766610763
0 DELTA 1 DEB
1 00720U 63054C   13285.65158213  .00000147  00000-0  81908-4 0  9203
2 00720 058.4742 048.7792 0119732 040.1615 320.8184 14.45573785611078
0 DELTA 1 DEB
1 00720U 63054C   13287.65723668  .00000250  00000-0  10838-3 0  9216
2 00720 058.4744 041.6630 0119906 042.5579 318.4664 14.45575659611361
0 DELTA 1 DEB
1 00720U 63054C   13290.07784969  .00000269  00000-0  11321-3 0  9226
2 00720 058.4744 033.0746 0120107 045.4377 315.6379 14.45578193611714
0 DELTA 1 DEB
1 00720U 63054C   13292.08349704  .00000298  00000-0  12057-3 0  9233
2 00720 058.4743 025.9584 0120252 047.8220 313.2943 14.45579873612007
0 DELTA 1 DEB
1 00720U 63054C   13294.08914179  .00000295  00000-0  11998-3 0  9240
2 00720 058.4741 018.8421 0120409 050.2064 310.9490 14.45582194612296
