0 DELTA 1 DEB
1 07200U 73086FJ  13282.32367043  .00000821  00000-0  93231-2 0  2889
2 07200 102.4407 065.5806 0303631 278.5560 108.3402 12.00370940746212
0 DELTA 1 DEB
1 07200U 73086FJ  13287.92968035  .00000790  00000-0  89772-2 0  2901
2 07200 102.4420 070.8988 0304261 269.1654 213.7682 12.00379486746885
0 DELTA 1 DEB
1 07200U 73086FJ  13290.40512096  .00000840  00000-0  95143-2 0  2916
2 07200 102.4429 073.2469 0304511 265.0090 111.0430 12.00384304747182
0 DELTA 1 DEB
1 07200U 73086FJ  13292.93772911  .00000805  00000-0  91335-2 0  2921
2 07200 102.4433 075.6493 0304923 260.7828 255.3699 12.00387954747484
0 DELTA 1 DEB
1 07200U 73086FJ  13295.33155876  .00000784  00000-0  89073-2 0  2936
2 07200 102.4435 077.9205 0305191 256.7864 160.0213 12.00392612747778
