0 WESTAR 1
1 07250U 74022A   13282.64515710 -.00000219  00000-0  10000-3 0  9362
2 07250 014.6692 345.9425 0003952 212.7241 147.2577 00.99891516 76042
0 WESTAR 1
1 07250U 74022A   13282.64521698  .00000000  00000-0  10000-3 0  9372
2 07250 014.6692 345.9443 0004184 224.1713 135.8070 00.99886811 76044
0 WESTAR 1
1 07250U 74022A   13287.65043108 -.00000167  00000-0  10000-3 0  9389
2 07250 014.6679 345.8902 0003724 213.1874 146.7544 00.99888758 76097
0 WESTAR 1
1 07250U 74022A   13287.92194840 -.00000164  00000-0  10000-3 0  9397
2 07250 014.6676 345.8903 0004588 223.2782 234.3016 00.99889138 76095
0 WESTAR 1
1 07250U 74022A   13290.65369106 -.00000130  00000-0  10000-3 0  9405
2 07250 014.6667 345.8614 0003408 227.3837 132.5744 00.99888793 76127
0 WESTAR 1
1 07250U 74022A   13290.65369335 -.00000130  00000-0  10000-3 0  9410
2 07250 014.6669 345.8601 0003995 228.9034 131.0649 00.99889118 76122
0 WESTAR 1
1 07250U 74022A   13292.65579265 -.00000102  00000-0  10000-3 0  9427
2 07250 014.6663 345.8396 0004104 231.7223 128.2238 00.99888810 76144
0 WESTAR 1
1 07250U 74022A   13294.65795068 -.00000074  00000-0  10000-3 0  9439
2 07250 014.6656 345.8191 0003997 231.7161 128.2294 00.99888583 76160
