0 SL-3 R/B
1 07493U 74083B   13282.90086528  .00000038  00000-0  15649-4 0  9315
2 07493 081.1814 034.2694 0045669 250.8499 108.7724 14.07451907999412
0 SL-3 R/B
1 07493U 74083B   13285.88664460  .00000051  00000-0  23176-4 0  9333
2 07493 081.1819 031.3547 0045819 242.4326 117.2185 14.07451873999839
0 SL-3 R/B
1 07493U 74083B   13287.45062487  .00000070  00000-0  34020-4 0  9341
2 07493 081.1819 029.8281 0045900 238.0193 121.6511 14.07451727    57
0 SL-3 R/B
1 07493U 74083B   13288.80133550  .00000100  00000-0  51932-4 0  9357
2 07493 081.1818 028.5097 0046007 234.2701 125.4185 14.07451779   246
0 SL-3 R/B
1 07493U 74083B   13290.43640672  .00000114  00000-0  60111-4 0  9362
2 07493 081.1816 026.9139 0046108 229.6844 130.0293 14.07451991   474
0 SL-3 R/B
1 07493U 74083B   13291.78711805  .00000134  00000-0  71664-4 0  9376
2 07493 081.1814 025.5955 0046168 225.8786 133.8582 14.07452288   665
0 SL-3 R/B
1 07493U 74083B   13293.42218978  .00000147  00000-0  79441-4 0  9388
2 07493 081.1812 023.9994 0046239 221.2369 138.5305 14.07452769   898
0 SL-3 R/B
1 07493U 74083B   13294.77290134  .00000154  00000-0  83567-4 0  9394
2 07493 081.1812 022.6808 0046291 217.3881 142.4065 14.07453204  1085
0 SL-3 R/B
1 07493U 74083B   13296.19470285  .00000150  00000-0  81051-4 0  9403
2 07493 081.1813 021.2929 0046368 213.3881 146.4363 14.07453592  1283
