0 OSCAR 7
1 07530U 74089B   13281.84277904 -.00000000  00000-0  26976-3 0  7957
2 07530 101.4442 267.2693 0012352 066.7127 049.6315 12.53598505780028
0 OSCAR 7
1 07530U 74089B   13283.18771073  .00000001  00000-0  27702-3 0  7961
2 07530 101.4442 268.5667 0012349 064.1861 359.1458 12.53598651780193
0 OSCAR 7
1 07530U 74089B   13286.15578116 -.00000038  00000-0  33794-4 0  7986
2 07530 101.4443 271.4298 0012301 058.4446 073.8556 12.53598925780564
0 OSCAR 7
1 07530U 74089B   13287.50808038 -.00000049  00000-0 -37652-4 0  7996
2 07530 101.4445 272.7343 0012287 055.8535 056.6701 12.53599084780731
0 OSCAR 7
1 07530U 74089B   13288.86525706 -.00000054  00000-0 -69669-4 0  8006
2 07530 101.4448 274.0434 0012288 053.3096 061.4415 12.53599068780903
0 OSCAR 7
1 07530U 74089B   13290.14633130 -.00000053  00000-0 -63862-4 0  8010
2 07530 101.4451 275.2790 0012269 050.8503 082.8299 12.53599025781067
0 OSCAR 7
1 07530U 74089B   13291.49944980 -.00000052  00000-0 -55082-4 0  8022
2 07530 101.4455 276.5841 0012252 048.2301 069.3705 12.53599024781231
0 OSCAR 7
1 07530U 74089B   13292.85561470 -.00000038  00000-0  33384-4 0  8037
2 07530 101.4457 277.8923 0012249 045.6651 069.5995 12.53598890781405
0 OSCAR 7
1 07530U 74089B   13294.03701744 -.00000024  00000-0  11818-3 0  8042
2 07530 101.4459 279.0319 0012243 043.4402 001.1350 12.53598885781551
0 OSCAR 7
1 07530U 74089B   13295.17482049 -.00000014  00000-0  18101-3 0  8054
2 07530 101.4460 280.1296 0012238 041.3075 095.9002 12.53598921781698
