0 INTASAT
1 07531U 74089C   13283.93780387 -.00000010  00000-0  20715-3 0  6612
2 07531 101.4460 269.7900 0011332 071.8815 342.9129 12.53497764780101
0 INTASAT
1 07531U 74089C   13286.50445639 -.00000041  00000-0  16160-4 0  6621
2 07531 101.4461 272.2659 0011311 067.0175 045.0171 12.53498066780424
0 INTASAT
1 07531U 74089C   13288.82038319 -.00000047  00000-0 -23123-4 0  6636
2 07531 101.4465 274.4997 0011291 062.6357 055.7096 12.53498167780715
0 INTASAT
1 07531U 74089C   13290.88366928 -.00000046  00000-0 -17253-4 0  6642
2 07531 101.4471 276.4897 0011284 058.7395 006.3460 12.53498141780970
0 INTASAT
1 07531U 74089C   13292.95656580 -.00000025  00000-0  11229-3 0  6651
2 07531 101.4475 278.4892 0011274 054.8475 000.3283 12.53498116781235
0 INTASAT
1 07531U 74089C   13295.19329985 -.00000008  00000-0  21841-3 0  6669
2 07531 101.4477 280.6468 0011257 050.6081 013.6702 12.53498076781518
