0 MOLNIYA 1-29
1 07780U 75036A   13283.22922859  .00000574  00000-0  13385-2 0  1584
2 07780 062.6535 342.9791 7422003 253.6687 021.3770 02.00617554282003
0 MOLNIYA 1-29
1 07780U 75036A   13285.67884037  .00000533  00000-0  13443-2 0  1591
2 07780 062.6495 342.5812 7422141 253.6930 350.5607 02.00620654282047
0 MOLNIYA 1-29
1 07780U 75036A   13289.20636568  .00000420  00000-0  12094-2 0  1606
2 07780 062.6440 342.0083 7422421 253.7265 018.2955 02.00625665282114
0 MOLNIYA 1-29
1 07780U 75036A   13292.19891992  .00000450  00000-0  13136-2 0  1614
2 07780 062.6308 341.5434 7422602 253.7550 019.6990 02.00628898282170
0 MOLNIYA 1-29
1 07780U 75036A   13292.65687865  .00000416  00000-0  10480-2 0  1629
2 07780 062.6386 341.4476 7422759 253.7602 350.4664 02.00630414282184
0 MOLNIYA 1-29
1 07780U 75036A   13295.18658475  .00000413  00000-0  75909-3 0  1631
2 07780 062.6348 341.0359 7422929 253.7850 017.6102 02.00633987282235
