0 SL-3 R/B
1 09662U 77002B   13283.11242154  .00000051  00000-0  25524-4 0  1659
2 09662 081.2731 279.4711 0051582 226.2408 198.6067 14.00758095878170
0 SL-3 R/B
1 09662U 77002B   13284.11306918  .00000037  00000-0  16567-4 0  1661
2 09662 081.2731 278.5150 0051622 223.4184 204.6323 14.00758372878319
0 SL-3 R/B
1 09662U 77002B   13285.48818932  .00000013  00000-0  52317-6 0  1676
2 09662 081.2731 277.2012 0051662 219.5553 299.0188 14.00758634878501
0 SL-3 R/B
1 09662U 77002B   13286.55601981  .00000010  00000-0 -14579-5 0  1685
2 09662 081.2733 276.1808 0051718 216.5719 283.8055 14.00758723878656
0 SL-3 R/B
1 09662U 77002B   13288.11413678  .00000030  00000-0  11512-4 0  1698
2 09662 081.2736 274.6920 0051820 212.2235 220.9737 14.00758757878877
0 SL-3 R/B
1 09662U 77002B   13289.48685706  .00000058  00000-0  30637-4 0  1703
2 09662 081.2738 273.3802 0051896 208.3747 303.2551 14.00758631879063
0 SL-3 R/B
1 09662U 77002B   13290.55599417  .00000093  00000-0  53374-4 0  1719
2 09662 081.2740 272.3586 0051949 205.3659 294.6546 14.00758420879212
0 SL-3 R/B
1 09662U 77002B   13292.10903587  .00000116  00000-0  69004-4 0  1723
2 09662 081.2742 270.8748 0052031 200.9977 206.2640 14.00758300879439
0 SL-3 R/B
1 09662U 77002B   13293.10926148  .00000118  00000-0  70329-4 0  1737
2 09662 081.2744 269.9192 0052093 198.1916 210.1489 14.00758479879579
0 SL-3 R/B
1 09662U 77002B   13294.10933294  .00000113  00000-0  66589-4 0  1747
2 09662 081.2744 268.9638 0052154 195.3880 213.2541 14.00758877879711
0 SL-3 R/B
1 09662U 77002B   13295.10950718  .00000103  00000-0  59851-4 0  1752
2 09662 081.2745 268.0084 0052213 192.5920 216.8705 14.00759278879850
0 SL-3 R/B
1 09662U 77002B   13296.10971483  .00000078  00000-0  43325-4 0  1766
2 09662 081.2745 267.0529 0052262 189.7943 220.6576 14.00759646879993
