0 TIROS 9
1 00978U 65004A   13282.12780000  .00000001  00000-0  25677-4 0  3517
2 00978 096.3935 098.4160 1158570 331.1708 022.9798 12.10766964151151
0 TIROS 9
1 00978U 65004A   13284.44131072  .00000405  00000-0  53845-3 0  3529
2 00978 096.3932 099.6034 1158533 326.1666 027.0414 12.10763785151437
0 TIROS 9
1 00978U 65004A   13286.50696120  .00000298  00000-0  40349-3 0  3534
2 00978 096.3932 100.6633 1158468 321.6975 030.7043 12.10766120151687
0 TIROS 9
1 00978U 65004A   13288.82049950 -.00000172  00000-0 -19193-3 0  3541
2 00978 096.3934 101.8504 1158401 316.6904 034.8533 12.10771283151968
0 TIROS 9
1 00978U 65004A   13290.88616116 -.00000390  00000-0 -46870-3 0  3559
2 00978 096.3936 102.9105 1158366 312.2196 038.6029 12.10772581152217
0 TIROS 9
1 00978U 65004A   13292.95182763 -.00000148  00000-0 -16154-3 0  3569
2 00978 096.3936 103.9705 1158351 307.7491 042.3990 12.10769330152469
0 TIROS 9
1 00978U 65004A   13295.43064670  .00000322  00000-0  43534-3 0  3576
2 00978 096.3934 105.2427 1158357 302.3854 047.0211 12.10765124152761
