0 COSMOS 886 DEB
1 09963U 76126BD  13283.54025053  .00001711  00000-0  57472-3 0  6120
2 09963 065.7990 062.7836 0850542 007.1378 354.1366 13.20568248738721
0 COSMOS 886 DEB
1 09963U 76126BD  13283.85752466  .00000387  00000-0  16172-3 0  6118
2 09963 065.8000 062.0554 0851017 006.9962 062.4719 13.20573697738767
0 COSMOS 886 DEB
1 09963U 76126BD  13286.51681528  .00000687  00000-0  26190-3 0  6129
2 09963 065.8006 055.9809 0851202 005.8022 104.9149 13.20573395739112
0 COSMOS 886 DEB
1 09963U 76126BD  13288.77931865  .00001372  00000-0  49089-3 0  6136
2 09963 065.8010 050.8131 0851346 004.7889 061.0211 13.20578804739413
0 COSMOS 886 DEB
1 09963U 76126BD  13290.50746067  .00001196  00000-0  40054-3 0  6157
2 09963 065.7998 046.8692 0850987 004.0100 356.7643 13.20582504739643
0 COSMOS 886 DEB
1 09963U 76126BD  13291.12359015  .00001136  00000-0  41161-3 0  6142
2 09963 065.8012 045.4587 0851477 003.7356 045.8970 13.20586534739728
0 COSMOS 886 DEB
1 09963U 76126BD  13293.47479050  .00001061  00000-0  38632-3 0  6151
2 09963 065.8011 040.0883 0851623 002.6786 063.7754 13.20593096740031
0 COSMOS 886 DEB
1 09963U 76126BD  13295.67801145  .00001250  00000-0  44907-3 0  6162
2 09963 065.8010 035.0555 0851771 001.6893 098.2007 13.20597868740329
