0 COSMOS 917
1 10059U 77047A   13280.12231622 -.00000153  00000-0  00000+0 0  4313
2 10059 067.2766 050.4123 6018083 063.8571 344.9314 02.00646774266213
0 COSMOS 917
1 10059U 77047A   13281.61655178 -.00000141  00000-0  00000+0 0  4322
2 10059 067.2776 050.2885 6018780 063.8380 344.2454 02.00646115266238
0 COSMOS 917
1 10059U 77047A   13283.61111678  .00000000  00000-0  10000-3 0  4346
2 10059 067.2801 050.1415 6021014 063.7970 344.9752 02.00645364266270
0 COSMOS 917
1 10059U 77047A   13283.62659951 -.00000116  00000-0  00000+0 0  4331
2 10059 067.2759 050.1532 6019738 063.8011 356.1477 02.00645598266288
0 COSMOS 917
1 10059U 77047A   13286.61560227 -.00000115  00000-0  00000+0 0  4340
2 10059 067.2740 049.9524 6021046 063.7445 355.1657 02.00644724266346
0 COSMOS 917
1 10059U 77047A   13293.57906033 -.00000202  00000-0  00000+0 0  4350
2 10059 067.2452 049.4766 6024761 063.5088 345.0061 02.00642103266488
0 COSMOS 917
1 10059U 77047A   13293.59425703 -.00000201  00000-0  00000+0 0  4362
2 10059 067.2698 049.4840 6024030 063.6107 355.9643 02.00642631266487
