0 DELTA 1 DEB
1 10211U 77065AQ  13283.45608039  .00001771  00000-0  35356-2 0  7653
2 10211 029.4723 090.9736 0698973 212.8221 172.1471 12.64264805522930
0 DELTA 1 DEB
1 10211U 77065AQ  13286.45869109  .00001718  00000-0  34207-2 0  7669
2 10211 029.4731 077.8480 0699351 233.8263 158.1609 12.64275269523326
0 DELTA 1 DEB
1 10211U 77065AQ  13289.63517456  .00001801  00000-0  35890-2 0  7670
2 10211 029.4732 063.9622 0699680 256.0408 215.6727 12.64287933523729
0 DELTA 1 DEB
1 10211U 77065AQ  13292.38137963  .00001746  00000-0  34761-2 0  7682
2 10211 029.4729 051.9573 0699950 275.2423 114.9118 12.64296608524070
0 DELTA 1 DEB
1 10211U 77065AQ  13295.47081132  .00001676  00000-0  33354-2 0  7691
2 10211 029.4717 038.4508 0700225 296.8470 136.4299 12.64307162524464
