0 EKRAN 2
1 10365U 77092A   13281.86288828 -.00000116  00000-0  00000+0 0   758
2 10365 013.4173 331.8844 0040323 227.0890 205.8587 01.00216852 88496
0 EKRAN 2
1 10365U 77092A   13283.65535259  .00000000  00000-0  10000-3 0   778
2 10365 013.4148 331.8633 0039959 226.4054 133.2566 01.00212950 88500
0 EKRAN 2
1 10365U 77092A   13283.75408817 -.00000116  00000-0  00000+0 0   761
2 10365 013.4157 331.8655 0040375 227.6808 167.5964 01.00217039 88514
0 EKRAN 2
1 10365U 77092A   13285.85799949 -.00000118  00000-0  00000+0 0   776
2 10365 013.4140 331.8442 0040355 228.2746 206.0781 01.00217202 88536
0 EKRAN 2
1 10365U 77092A   13287.99323256 -.00000117  00000-0  00000+0 0   787
2 10365 013.4123 331.8224 0040274 228.7804 255.9530 01.00217575 88555
0 EKRAN 2
1 10365U 77092A   13289.91617590 -.00000113  00000-0  00000+0 0   795
2 10365 013.4107 331.8028 0040155 229.2050 229.3176 01.00217540 88571
0 EKRAN 2
1 10365U 77092A   13292.89376965 -.00000104  00000-0  00000+0 0   806
2 10365 013.4084 331.7724 0039931 229.7638 223.0675 01.00217556 88600
0 EKRAN 2
1 10365U 77092A   13294.92945846 -.00000096  00000-0  00000+0 0   813
2 10365 013.4068 331.7519 0039791 229.9893 237.3171 01.00217503 88626
