0 PROGNOZ 6
1 10370U 77093A   13286.83014964  .00000973  00000-0  00000+0 0  9350
2 10370 089.3583 341.1694 7757299 282.0269 000.5622 00.25340349 31001
0 PROGNOZ 6
1 10370U 77093A   13286.92160000  .00000000  00000-0  10000-3 0  8785
2 10370 089.3388 341.1717 7760510 281.8712 009.0060 00.25341500 31022
0 PROGNOZ 6
1 10370U 77093A   13290.77533443  .00000682  00000-0  00000+0 0  9375
2 10370 089.3876 341.0245 7740593 281.9270 000.5689 00.25338338 31015
0 PROGNOZ 6
1 10370U 77093A   13290.77634729  .00000682  00000-0  00000+0 0  9363
2 10370 089.3876 341.0245 7740624 281.9268 000.6616 00.25337705 31015
0 PROGNOZ 6
1 10370U 77093A   13294.72291398  .00000618  00000-0  00000+0 0  8798
2 10370 089.3839 340.9592 7727278 281.7727 000.9755 00.25339244 31023
0 PROGNOZ 6
1 10370U 77093A   13298.66427259  .00000840  00000-0  00000+0 0  8801
2 10370 089.3995 340.8612 7720218 281.6161 000.8813 00.25338018 31039
