0 COSMOS 970 DEB
1 10572U 77121P   13282.49316707  .00000147  00000-0  21158-3 0  5893
2 10572 065.0333 105.6147 0166681 088.7219 002.6434 13.77631641797072
0 COSMOS 970 DEB
1 10572U 77121P   13283.63665149  .00000262  00000-0  23609-3 0  5911
2 10572 065.0331 102.6909 0166647 088.4620 273.5985 13.77631537797230
0 COSMOS 970 DEB
1 10572U 77121P   13286.99260542  .00000129  00000-0  19536-3 0  5917
2 10572 065.0339 094.0958 0166674 087.0685 357.6460 13.77634253797692
0 COSMOS 970 DEB
1 10572U 77121P   13289.46347725  .00000116  00000-0  18361-3 0  5923
2 10572 065.0346 087.7703 0166725 086.1595 011.9758 13.77635868798036
0 COSMOS 970 DEB
1 10572U 77121P   13292.14054510  .00000121  00000-0  18808-3 0  5932
2 10572 065.0351 080.9174 0166649 085.1854 328.9417 13.77636455798408
0 COSMOS 970 DEB
1 10572U 77121P   13294.47437244  .00000176  00000-0  23697-3 0  5942
2 10572 065.0353 074.9433 0166639 084.3308 023.6144 13.77637987798727
