0 COSMOS 970 DEB
1 10570U 77121M   13283.21193287  .00001127  00000-0  13505-2 0  9460
2 10570 065.3696 246.7330 0009215 275.3496 185.7003 13.71135790770452
0 COSMOS 970 DEB
1 10570U 77121M   13286.27780743  .00000924  00000-0  11231-2 0  9488
2 10570 065.3697 239.0725 0008774 277.5469 195.7334 13.71141649770873
0 COSMOS 970 DEB
1 10570U 77121M   13288.24708112  .00001265  00000-0  15037-2 0  9495
2 10570 065.3698 234.1521 0008489 278.8996 194.1581 13.71146378771148
0 COSMOS 970 DEB
1 10570U 77121M   13289.27599145  .00001100  00000-0  13202-2 0  9505
2 10570 065.3698 231.5812 0008366 279.5642 231.9189 13.71150008771286
0 COSMOS 970 DEB
1 10570U 77121M   13291.16396130  .00001150  00000-0  13756-2 0  9515
2 10570 065.3698 226.8642 0008082 281.0579 188.9647 13.71154486771549
0 COSMOS 970 DEB
1 10570U 77121M   13292.18482725  .00001264  00000-0  15030-2 0  9528
2 10570 065.3697 224.3136 0007931 281.9764 186.7970 13.71156482771684
0 COSMOS 970 DEB
1 10570U 77121M   13293.20670708  .00001226  00000-0  14605-2 0  9538
2 10570 065.3697 221.7602 0007783 282.7833 189.7515 13.71159469771826
0 COSMOS 970 DEB
1 10570U 77121M   13294.23567042  .00001189  00000-0  14185-2 0  9540
2 10570 065.3696 219.1891 0007679 283.3369 227.9319 13.71162504771967
0 COSMOS 970 DEB
1 10570U 77121M   13296.19855858  .00001249  00000-0  14854-2 0  9553
2 10570 065.3697 214.2846 0007424 284.8055 194.8749 13.71169006772234
