0 COSMOS 991
1 10692U 78022A   13282.02119679  .00000081  00000-0  67150-4 0  1330
2 10692 082.9878 065.3595 0035311 299.6111 197.5542 13.76184311788121
0 COSMOS 991
1 10692U 78022A   13283.03907361  .00000069  00000-0  55645-4 0  1348
2 10692 082.9879 064.6086 0035302 296.6459 200.5005 13.76184563788264
0 COSMOS 991
1 10692U 78022A   13285.94957825  .00000040  00000-0  25955-4 0  1362
2 10692 082.9887 062.4616 0035264 288.1877 220.2231 13.76185047788667
0 COSMOS 991
1 10692U 78022A   13286.96572640  .00000031  00000-0  16855-4 0  1373
2 10692 082.9890 061.7121 0035236 285.2280 214.6068 13.76184960788803
0 COSMOS 991
1 10692U 78022A   13287.98186656  .00000049  00000-0  34613-4 0  1386
2 10692 082.9892 060.9627 0035239 282.2721 208.9479 13.76185043788947
0 COSMOS 991
1 10692U 78022A   13289.49096848  .00000051  00000-0  36571-4 0  1396
2 10692 082.9895 059.8498 0035294 277.8832 125.6067 13.76185011789154
0 COSMOS 991
1 10692U 78022A   13290.51102769  .00000071  00000-0  57083-4 0  1406
2 10692 082.9897 059.0976 0035310 274.9170 139.3639 13.76185019789291
0 COSMOS 991
1 10692U 78022A   13291.98223184  .00000095  00000-0  82316-4 0  1417
2 10692 082.9897 058.0127 0035358 270.6597 228.2420 13.76185207789493
0 COSMOS 991
1 10692U 78022A   13293.19987022  .00000104  00000-0  91526-4 0  1425
2 10692 082.9898 057.1149 0035368 267.1254 140.8748 13.76185303789668
0 COSMOS 991
1 10692U 78022A   13294.50823597  .00000095  00000-0  81937-4 0  1432
2 10692 082.9899 056.1501 0035404 263.3298 143.0024 13.76185663789848
0 COSMOS 991
1 10692U 78022A   13295.83071178  .00000087  00000-0  73845-4 0  1440
2 10692 082.9900 055.1747 0035427 259.4904 215.0405 13.76185889790022
