0 DELTA 1 DEB
1 10825U 76077BV  13281.41254520 -.00000025  00000-0  13897-3 0  8944
2 10825 101.7710 304.2176 0043832 110.8945 355.2897 12.34566878675283
0 DELTA 1 DEB
1 10825U 76077BV  13283.43878405 -.00000005  00000-0  30010-3 0  8957
2 10825 101.7707 306.1568 0043835 107.1505 000.7658 12.34566931675534
0 DELTA 1 DEB
1 10825U 76077BV  13285.46374755  .00000004  00000-0  37208-3 0  8966
2 10825 101.7702 308.0950 0043839 103.4095 000.5731 12.34566977675789
0 DELTA 1 DEB
1 10825U 76077BV  13287.50453987 -.00000004  00000-0  30336-3 0  8975
2 10825 101.7696 310.0481 0043822 099.6483 070.7215 12.34567272676036
0 DELTA 1 DEB
1 10825U 76077BV  13289.82714007 -.00000028  00000-0  11170-3 0  8987
2 10825 101.7693 312.2708 0043797 095.3487 313.3645 12.34567634676313
0 DELTA 1 DEB
1 10825U 76077BV  13292.01036479 -.00000033  00000-0  76830-4 0  8994
2 10825 101.7692 314.3598 0043796 091.3095 296.5625 12.34567837676586
0 DELTA 1 DEB
1 10825U 76077BV  13294.04249331 -.00000030  00000-0  98106-4 0  9002
2 10825 101.7693 316.3041 0043770 087.5523 328.2226 12.34567781676833
