0 DELTA 1 DEB
1 10832U 76077CC  13282.70705212  .00000006  00000-0  45999-3 0  1853
2 10832 102.1448 342.0929 0121380 166.2541 309.8985 12.19735392656736
0 DELTA 1 DEB
1 10832U 76077CC  13287.71034733  .00000056  00000-0  93447-3 0  1870
2 10832 102.1441 346.8949 0121325 157.4391 319.5277 12.19735843657348
0 DELTA 1 DEB
1 10832U 76077CC  13290.08840521  .00000040  00000-0  78323-3 0  1884
2 10832 102.1433 349.1773 0121277 153.2442 321.6653 12.19736350657635
0 DELTA 1 DEB
1 10832U 76077CC  13292.11906933  .00000027  00000-0  65751-3 0  1897
2 10832 102.1428 351.1261 0121252 149.6556 238.3915 12.19736723657888
0 DELTA 1 DEB
1 10832U 76077CC  13294.69092587 -.00000003  00000-0  36902-3 0  1906
2 10832 102.1427 353.5940 0121207 145.1098 011.5207 12.19737355658191
