0 DELTA 1 DEB
1 10840U 76077CL  13282.46396472 -.00000022  00000-0  23312-3 0  6689
2 10840 102.9541 324.5349 0141200 072.8742 034.8499 12.15944605651955
0 DELTA 1 DEB
1 10840U 76077CL  13287.05325750 -.00000043  00000-0  25717-4 0  6708
2 10840 102.9529 329.1951 0141108 065.0675 324.0392 12.15945024652512
0 DELTA 1 DEB
1 10840U 76077CL  13289.10678670 -.00000000  00000-0  45042-3 0  6714
2 10840 102.9522 331.2802 0141073 061.5681 313.1768 12.15944615652761
0 DELTA 1 DEB
1 10840U 76077CL  13291.43307514 -.00000043  00000-0  28998-4 0  6729
2 10840 102.9517 333.6420 0141077 057.6148 056.2789 12.15945441653043
0 DELTA 1 DEB
1 10840U 76077CL  13293.73709900 -.00000015  00000-0  30791-3 0  6732
2 10840 102.9516 335.9810 0141020 053.6828 061.9408 12.15946102653326
0 DELTA 1 DEB
1 10840U 76077CL  13296.10000861  .00000017  00000-0  62068-3 0  6740
2 10840 102.9516 338.3799 0140974 049.6485 325.3797 12.15945568653615
