0 COSMOS 970 DEB
1 10877U 77121Y   13282.85639962  .00000120  00000-0  19816-3 0  4700
2 10877 065.7680 158.7584 0143702 000.9630 072.4906 13.74144938791773
0 COSMOS 970 DEB
1 10877U 77121Y   13283.71493852  .00000306  00000-0  30108-3 0  4727
2 10877 065.7689 156.6382 0143288 000.5140 359.6494 13.74144984791892
0 COSMOS 970 DEB
1 10877U 77121Y   13287.80528885  .00000164  00000-0  24097-3 0  4728
2 10877 065.7672 146.5143 0144092 358.6252 074.2331 13.74147074792458
0 COSMOS 970 DEB
1 10877U 77121Y   13289.84459471  .00000156  00000-0  23320-3 0  4738
2 10877 065.7670 141.4687 0144267 357.6567 082.5282 13.74148614792734
0 COSMOS 970 DEB
1 10877U 77121Y   13290.55619253  .00000261  00000-0  25710-3 0  4747
2 10877 065.7677 139.7155 0143090 357.3407 002.7349 13.74148620792830
0 COSMOS 970 DEB
1 10877U 77121Y   13292.10141387  .00000153  00000-0  23008-3 0  4746
2 10877 065.7671 135.8847 0144435 356.5891 086.8544 13.74149797793041
0 COSMOS 970 DEB
1 10877U 77121Y   13294.48864131  .00000158  00000-0  23550-3 0  4756
2 10877 065.7673 129.9783 0144629 355.4630 016.3071 13.74150761793372
