0 COSMOS 970 DEB
1 10878U 77121Z   13284.03575471  .00000199  00000-0  33596-3 0  3927
2 10878 065.8389 138.2812 0124028 298.5219 135.1754 13.63028129777432
0 COSMOS 970 DEB
1 10878U 77121Z   13286.45674917  .00000170  00000-0  30080-3 0  3935
2 10878 065.8387 132.4205 0124055 297.4289 134.6800 13.63029376777764
0 COSMOS 970 DEB
1 10878U 77121Z   13288.80736572  .00000146  00000-0  27121-3 0  3948
2 10878 065.8388 126.7299 0124117 296.3664 148.8603 13.63030821778089
0 COSMOS 970 DEB
1 10878U 77121Z   13291.15724663  .00000123  00000-0  24364-3 0  3950
2 10878 065.8390 121.0411 0124182 295.3000 159.4482 13.63032046778401
0 COSMOS 970 DEB
1 10878U 77121Z   13293.42835699  .00000173  00000-0  30385-3 0  3960
2 10878 065.8393 115.5430 0124260 294.2734 143.5247 13.63032828778717
0 COSMOS 970 DEB
1 10878U 77121Z   13295.85415625  .00000209  00000-0  34737-3 0  3978
2 10878 065.8395 109.6704 0124352 293.1754 166.6516 13.63033726779049
