0 COSMOS 1020
1 10937U 78056H   13281.87755420 -.00000037  00000-0 -12972-3 0  6453
2 10937 074.0276 217.9792 0049497 353.7728 061.2858 12.54486582618474
0 COSMOS 1020
1 10937U 78056H   13284.19268788 -.00000040  00000-0 -14964-3 0  6465
2 10937 074.0279 214.8772 0049501 350.2570 076.7874 12.54486705618762
0 COSMOS 1020
1 10937U 78056H   13286.51551051 -.00000010  00000-0  39275-4 0  6471
2 10937 074.0281 211.7642 0049534 346.7672 126.9782 12.54486433619053
0 COSMOS 1020
1 10937U 78056H   13288.81480479  .00000019  00000-0  21773-3 0  6483
2 10937 074.0281 208.6830 0049560 343.3014 070.9209 12.54486258619348
0 COSMOS 1020
1 10937U 78056H   13291.21091678  .00000020  00000-0  22496-3 0  6496
2 10937 074.0278 205.4720 0049590 339.7217 092.0725 12.54486367619646
0 COSMOS 1020
1 10937U 78056H   13293.45379782 -.00000010  00000-0  41324-4 0  6503
2 10937 074.0275 202.4664 0049619 336.3598 141.2239 12.54486655619922
0 COSMOS 1020
1 10937U 78056H   13295.83502568 -.00000033  00000-0 -10179-3 0  6517
2 10937 074.0274 199.2751 0049646 332.7792 095.1819 12.54486914620221
