0 SL-8 R/B
1 10992U 78074B   13281.09887167  .00000063  00000-0  47897-4 0  5093
2 10992 082.9366 199.3104 0018035 307.7270 145.0858 13.77691660769231
0 SL-8 R/B
1 10992U 78074B   13282.41551120  .00000053  00000-0  37846-4 0  5101
2 10992 082.9366 198.3298 0018024 303.7061 195.5404 13.77692093769414
0 SL-8 R/B
1 10992U 78074B   13283.70816578  .00000056  00000-0  40909-4 0  5113
2 10992 082.9367 197.3672 0017963 299.8989 126.8922 13.77692154769594
0 SL-8 R/B
1 10992U 78074B   13286.19731356  .00000074  00000-0  59348-4 0  5138
2 10992 082.9368 195.5135 0017935 292.3389 232.8839 13.77692068769937
0 SL-8 R/B
1 10992U 78074B   13287.20253816  .00000085  00000-0  69699-4 0  5144
2 10992 082.9367 194.7649 0017934 289.2773 178.7329 13.77692037770073
0 SL-8 R/B
1 10992U 78074B   13288.30038449  .00000086  00000-0  70818-4 0  5156
2 10992 082.9365 193.9474 0017928 285.9232 223.9897 13.77692126770223
0 SL-8 R/B
1 10992U 78074B   13290.33181110  .00000093  00000-0  77772-4 0  5161
2 10992 082.9362 192.4348 0017911 279.7790 219.6924 13.77692496770500
0 SL-8 R/B
1 10992U 78074B   13292.36495896  .00000074  00000-0  59478-4 0  5178
2 10992 082.9359 190.9208 0017905 273.6634 223.8999 13.77692881770784
0 SL-8 R/B
1 10992U 78074B   13294.81573253  .00000054  00000-0  38773-4 0  5188
2 10992 082.9357 189.0957 0017933 266.2780 139.5054 13.77693330771127
