0 SL-8 R/B
1 11112U 78105B   13281.85262116  .00000222  00000-0  83846-4 0  8429
2 11112 074.0306 124.2272 0034895 248.0760 208.8897 14.36581536826239
0 SL-8 R/B
1 11112U 78105B   13283.11375280  .00000235  00000-0  88430-4 0  8436
2 11112 074.0304 121.9089 0034858 245.5095 251.0205 14.36582572826413
0 SL-8 R/B
1 11112U 78105B   13284.15891008  .00000250  00000-0  93527-4 0  8443
2 11112 074.0303 119.9877 0034831 243.3890 256.2037 14.36582810826565
0 SL-8 R/B
1 11112U 78105B   13285.53692000  .00000184  00000-0  71289-4 0  8455
2 11112 074.0303 117.4546 0034790 240.5760 182.8008 14.36583808826762
0 SL-8 R/B
1 11112U 78105B   13286.79683291  .00000258  00000-0  96022-4 0  8461
2 11112 074.0303 115.1384 0034768 238.0444 218.6073 14.36584301826942
0 SL-8 R/B
1 11112U 78105B   13287.84186337  .00000316  00000-0  11577-3 0  8474
2 11112 074.0304 113.2173 0034741 235.8947 223.1722 14.36585559827097
0 SL-8 R/B
1 11112U 78105B   13289.10187594  .00000297  00000-0  10929-3 0  8480
2 11112 074.0305 110.9010 0034689 233.3607 259.5005 14.36586906827273
0 SL-8 R/B
1 11112U 78105B   13290.47295097  .00000301  00000-0  11066-3 0  8490
2 11112 074.0308 108.3806 0034646 230.5724 150.2426 14.36587723827476
0 SL-8 R/B
1 11112U 78105B   13291.52511932  .00000319  00000-0  11679-3 0  8507
2 11112 074.0310 106.4464 0034614 228.4286 191.7149 14.36588205827627
0 SL-8 R/B
1 11112U 78105B   13292.85647166  .00000399  00000-0  14383-3 0  8517
2 11112 074.0312 103.9991 0034593 225.7661 236.9890 14.36588710827816
0 SL-8 R/B
1 11112U 78105B   13294.04734243  .00000386  00000-0  13937-3 0  8524
2 11112 074.0313 101.8102 0034557 223.3691 275.7584 14.36589991827986
0 SL-8 R/B
1 11112U 78105B   13295.49450948  .00000433  00000-0  15533-3 0  8539
2 11112 074.0314 099.1501 0034519 220.4422 200.0249 14.36591093828196
