0 COSMOS 1057
1 11134U 78109G   13281.11576336  .00000000  00000-0  11441-3 0  5048
2 11134 074.0149 243.4830 0021553 128.5734 231.7280 12.42069307579937
0 COSMOS 1057
1 11134U 78109G   13284.20329951 -.00000040  00000-0 -17793-3 0  5053
2 11134 074.0164 239.4328 0021346 123.3774 358.1091 12.42069330580312
0 COSMOS 1057
1 11134U 78109G   13286.30461505 -.00000036  00000-0 -15240-3 0  5069
2 11134 074.0169 236.6792 0021315 120.2560 034.0482 12.42069315580571
0 COSMOS 1057
1 11134U 78109G   13288.31794323 -.00000014  00000-0  77632-5 0  5070
2 11134 074.0172 234.0409 0021312 117.1848 036.6366 12.42068933580825
0 COSMOS 1057
1 11134U 78109G   13290.33239581  .00000009  00000-0  18014-3 0  5086
2 11134 074.0174 231.4014 0021309 114.0824 044.2801 12.42068799581073
0 COSMOS 1057
1 11134U 78109G   13292.34349597  .00000015  00000-0  22428-3 0  5090
2 11134 074.0174 228.7665 0021305 111.0184 036.8983 12.42068873581325
0 COSMOS 1057
1 11134U 78109G   13294.51163346  .00000001  00000-0  12242-3 0  5107
2 11134 074.0173 225.9258 0021317 107.6858 011.7369 12.42069041581590
