0 COSMOS 1086
1 11301U 79024F   13281.80431214  .00000012  00000-0  18847-3 0  5435
2 11301 074.0327 080.9335 0010089 092.5336 011.3450 12.47817123574809
0 COSMOS 1086
1 11301U 79024F   13284.13230622 -.00000016  00000-0 -20665-7 0  5446
2 11301 074.0331 077.8527 0010082 088.8386 029.2334 12.47817546575098
0 COSMOS 1086
1 11301U 79024F   13286.13560339 -.00000032  00000-0 -11361-3 0  5457
2 11301 074.0336 075.2017 0010083 085.5979 028.5717 12.47817840575344
0 COSMOS 1086
1 11301U 79024F   13288.13927269 -.00000034  00000-0 -12243-3 0  5461
2 11301 074.0342 072.5503 0010075 082.4366 029.5036 12.47817766575597
0 COSMOS 1086
1 11301U 79024F   13290.14310274 -.00000019  00000-0 -22856-4 0  5473
2 11301 074.0347 069.8990 0010076 079.2391 031.1938 12.47817488575843
0 COSMOS 1086
1 11301U 79024F   13292.53965294  .00000002  00000-0  12166-3 0  5489
2 11301 074.0350 066.7282 0010072 075.4048 357.0862 12.47817333576149
0 COSMOS 1086
1 11301U 79024F   13294.54381862  .00000009  00000-0  16460-3 0  5494
2 11301 074.0352 064.0765 0010091 072.2165 000.2716 12.47817397576396
