0 SL-12 R/B(2)
1 11571U 77092G   13280.42773869  .00000017  00000-0  10000-3 0  4885
2 11571 012.7959 330.0415 0010041 066.9069 293.1898 01.01279035 76009
0 SL-12 R/B(2)
1 11571U 77092G   13283.38972297  .00000055  00000-0  10000-3 0  4892
2 11571 012.7934 330.0108 0010090 067.3116 292.7814 01.01279186 76036
0 SL-12 R/B(2)
1 11571U 77092G   13283.38975824  .00000000  00000-0  10000-3 0  4903
2 11571 012.7934 330.0133 0009647 064.2512 295.8395 01.01274977 76037
0 SL-12 R/B(2)
1 11571U 77092G   13286.35169320  .00000066  00000-0  10000-3 0  4901
2 11571 012.7908 329.9801 0010089 067.9604 292.1281 01.01279856 76069
0 SL-12 R/B(2)
1 11571U 77092G   13290.30091773  .00000048  00000-0  10000-3 0  4918
2 11571 012.7873 329.9393 0010174 068.4794 291.5920 01.01281329 76103
0 SL-12 R/B(2)
1 11571U 77092G   13290.30093122  .00000048  00000-0  10000-3 0  4929
2 11571 012.7873 329.9396 0010207 066.9755 293.0946 01.01281248 76108
0 SL-12 R/B(2)
1 11571U 77092G   13290.30094492  .00000000  00000-0  10000-3 0  4928
2 11571 012.7874 329.9412 0009585 067.9267 292.1438 01.01277323 76109
0 SL-12 R/B(2)
1 11571U 77092G   13293.26283035  .00000015  00000-0  10000-3 0  4936
2 11571 012.7846 329.9091 0010219 067.1176 292.9485 01.01282574 76135
