0 OPS 6393 (FLTSATCOM 3)
1 11669U 80004A   13281.19747143 -.00000126  00000-0  10000-3 0  3848
2 11669 013.2299 346.9868 0029454 125.5327 234.7445 01.00160796123481
0 OPS 6393 (FLTSATCOM 3)
1 11669U 80004A   13283.19419066 -.00000126  00000-0  10000-3 0  3851
2 11669 013.2295 346.9680 0029629 125.0010 235.2732 01.00160648123501
0 OPS 6393 (FLTSATCOM 3)
1 11669U 80004A   13285.19093238 -.00000126  00000-0  10000-3 0  3863
2 11669 013.2292 346.9503 0030070 125.2490 235.0260 01.00160436123529
0 OPS 6393 (FLTSATCOM 3)
1 11669U 80004A   13289.18435850 -.00000120  00000-0  10000-3 0  3871
2 11669 013.2283 346.9131 0030268 125.4897 234.7746 01.00160298123563
0 OPS 6393 (FLTSATCOM 3)
1 11669U 80004A   13290.18271427  .00000000  00000-0  10000-3 0  3899
2 11669 013.2279 346.9024 0029969 126.2104 234.0494 01.00156204123571
0 OPS 6393 (FLTSATCOM 3)
1 11669U 80004A   13294.17615233 -.00000100  00000-0  10000-3 0  3880
2 11669 013.2272 346.8667 0030742 126.4255 233.8138 01.00159778123612
0 OPS 6393 (FLTSATCOM 3)
1 11669U 80004A   13295.17452328 -.00000096  00000-0  10000-3 0  3902
2 11669 013.2266 346.8568 0029918 125.8520 234.4017 01.00160286123626
