0 COSMOS 1151
1 11671U 80005A   13282.44593492  .00036688  00000-0  56223-3 0  2260
2 11671 082.4782 225.9214 0005955 141.9250 358.0736 15.54140719848920
0 COSMOS 1151
1 11671U 80005A   13282.94395359  .00032711  00000-0  50099-3 0  2276
2 11671 082.4782 225.3986 0006067 140.8459 263.7126 15.54164418849001
0 COSMOS 1151
1 11671U 80005A   13283.97438405  .00030980  00000-0  47360-3 0  2284
2 11671 082.4784 224.3169 0006122 138.3002 267.8291 15.54218848849165
0 COSMOS 1151
1 11671U 80005A   13285.33934906  .00027376  00000-0  41750-3 0  2296
2 11671 082.4788 222.8840 0006230 134.8812 343.6541 15.54291140849378
0 COSMOS 1151
1 11671U 80005A   13286.37433868  .00027346  00000-0  41618-3 0  2304
2 11671 082.4788 221.7971 0006362 132.3552 013.7246 15.54346646849538
0 COSMOS 1151
1 11671U 80005A   13287.40251141  .00029152  00000-0  44274-3 0  2310
2 11671 082.4791 220.7174 0006495 130.3453 005.3552 15.54400011849692
0 COSMOS 1151
1 11671U 80005A   13288.03759385  .00043829  00000-0  66363-3 0  2324
2 11671 082.4792 220.0502 0006548 129.0763 318.1747 15.54448974849791
0 COSMOS 1151
1 11671U 80005A   13288.79896081  .00037201  00000-0  56249-3 0  2332
2 11671 082.4794 219.2506 0006612 127.0930 258.0618 15.54503694849917
0 COSMOS 1151
1 11671U 80005A   13289.77069422  .00038166  00000-0  57586-3 0  2349
2 11671 082.4797 218.2297 0006704 124.8857 294.8309 15.54559071850064
0 COSMOS 1151
1 11671U 80005A   13290.36426125  .00037161  00000-0  56004-3 0  2352
2 11671 082.4798 217.6062 0006702 123.4247 016.0014 15.54593485850158
0 COSMOS 1151
1 11671U 80005A   13291.39410743  .00033387  00000-0  50209-3 0  2363
2 11671 082.4795 216.5250 0006768 120.6231 018.7354 15.54659697850318
0 COSMOS 1151
1 11671U 80005A   13292.86054711  .00033469  00000-0  50164-3 0  2377
2 11671 082.4800 214.9843 0006873 117.5057 304.0486 15.54750979850540
0 COSMOS 1151
1 11671U 80005A   13293.88662956  .00033556  00000-0  50189-3 0  2381
2 11671 082.4797 213.9064 0006975 115.4822 285.5123 15.54807221850701
0 COSMOS 1151
1 11671U 80005A   13295.18774250  .00034672  00000-0  51715-3 0  2394
2 11671 082.4796 212.5394 0007057 112.4952 006.6494 15.54880303850901
0 COSMOS 1151
1 11671U 80005A   13296.21668823  .00038800  00000-0  57688-3 0  2401
2 11671 082.4793 211.4582 0007112 110.3855 004.7274 15.54957201851061
