0 COSMOS 1160
1 11695U 80012E   13283.14070692 -.00000009  00000-0  48012-4 0  4375
2 11695 074.0215 069.1140 0010933 162.7030 309.1413 12.47710834533334
0 COSMOS 1160
1 11695U 80012E   13287.54075219 -.00000039  00000-0 -15579-3 0  4390
2 11695 074.0227 063.2885 0010855 156.0931 273.1134 12.47711092533884
0 COSMOS 1160
1 11695U 80012E   13289.79449495 -.00000019  00000-0 -22128-4 0  4409
2 11695 074.0232 060.3050 0010811 152.6605 316.4464 12.47710692534168
0 COSMOS 1160
1 11695U 80012E   13292.10717050  .00000007  00000-0  15612-3 0  4418
2 11695 074.0234 057.2435 0010766 149.1124 264.5163 12.47710587534452
0 COSMOS 1160
1 11695U 80012E   13294.11174185  .00000011  00000-0  17840-3 0  4428
2 11695 074.0235 054.5899 0010735 145.9966 268.6839 12.47710713534705
0 COSMOS 1160
1 11695U 80012E   13296.11819531 -.00000015  00000-0  63982-5 0  4437
2 11695 074.0237 051.9337 0010699 142.9193 281.2636 12.47710863534952
