0 COSMOS 1233
1 12112U 80102F   13282.36632625 -.00000027  00000-0 -66992-4 0  3640
2 12112 073.9942 169.7322 0029875 302.1271 104.3732 12.55513065503168
0 COSMOS 1233
1 12112U 80102F   13287.09133468  .00000027  00000-0  26331-3 0  3668
2 12112 073.9933 163.3752 0029899 295.1346 220.5233 12.55512614503756
0 COSMOS 1233
1 12112U 80102F   13289.15511718  .00000008  00000-0  14677-3 0  3675
2 12112 073.9927 160.5985 0029913 292.0434 188.4668 12.55512932504014
0 COSMOS 1233
1 12112U 80102F   13291.45128800 -.00000018  00000-0 -10435-4 0  3680
2 12112 073.9924 157.5091 0029913 288.6308 126.7412 12.55513276504302
0 COSMOS 1233
1 12112U 80102F   13293.52133203 -.00000025  00000-0 -54335-4 0  3699
2 12112 073.9922 154.7238 0029899 285.5797 122.9406 12.55513405504566
0 COSMOS 1233
1 12112U 80102F   13296.17029870 -.00000008  00000-0  53142-4 0  3704
2 12112 073.9920 151.1595 0029896 281.6731 215.7634 12.55513210504897
