0 COSMOS 1249
1 12319U 81021A   13282.16446319 -.00000062  00000-0  23572-4 0  8214
2 12319 064.9650 331.6488 0060487 320.3701 051.7633 13.86534904652553
0 COSMOS 1249
1 12319U 81021A   13283.17638150 -.00000043  00000-0  39634-4 0  8228
2 12319 064.9648 329.0135 0060541 320.1051 062.7154 13.86534909652697
0 COSMOS 1249
1 12319U 81021A   13283.53238611  .00000013  00000-0  10704-4 0  8241
2 12319 064.9658 328.0918 0060179 319.6610 040.0451 13.86534865652743
0 COSMOS 1249
1 12319U 81021A   13284.19320977 -.00000041  00000-0  41035-4 0  8233
2 12319 064.9646 326.3654 0060617 319.8366 098.1762 13.86534974652835
0 COSMOS 1249
1 12319U 81021A   13286.43571414 -.00000044  00000-0  38981-4 0  8257
2 12319 064.9642 320.5252 0060778 319.2516 131.5488 13.86535154653143
0 COSMOS 1249
1 12319U 81021A   13287.53198309 -.00000056  00000-0  28416-4 0  8263
2 12319 064.9640 317.6701 0060868 318.9673 203.5304 13.86535338653294
0 COSMOS 1249
1 12319U 81021A   13288.67196916 -.00000068  00000-0  18115-4 0  8270
2 12319 064.9640 314.7010 0060975 318.6720 133.7241 13.86535649653451
0 COSMOS 1249
1 12319U 81021A   13290.18178154 -.00000078  00000-0  99349-5 0  8284
2 12319 064.9640 310.7687 0061069 318.2651 109.9096 13.86535793653667
0 COSMOS 1249
1 12319U 81021A   13291.48849311 -.00000068  00000-0  18208-4 0  8292
2 12319 064.9640 307.3654 0061150 317.9219 152.3156 13.86535802653840
0 COSMOS 1249
1 12319U 81021A   13293.05576472 -.00000064  00000-0  21565-4 0  8300
2 12319 064.9641 303.2835 0061261 317.5155 055.2916 13.86535820654065
0 COSMOS 1249
1 12319U 81021A   13294.14195097 -.00000058  00000-0  26881-4 0  8311
2 12319 064.9641 300.4547 0061331 317.2282 076.9556 13.86535717654212
0 COSMOS 1249
1 12319U 81021A   13295.45532293 -.00000047  00000-0  35969-4 0  8325
2 12319 064.9641 297.0341 0061408 316.8821 152.6073 13.86535698654397
