0 COSMOS 1256
1 12326U 81022G   13282.10926609 -.00000031  00000-0 -10205-3 0  5540
2 12326 074.0330 021.3925 0013448 279.1726 146.7721 12.49533450486922
0 COSMOS 1256
1 12326U 81022G   13284.11113177 -.00000022  00000-0 -41650-4 0  5551
2 12326 074.0332 018.7348 0013456 276.3138 151.6573 12.49533412487174
0 COSMOS 1256
1 12326U 81022G   13286.11300175 -.00000005  00000-0  69920-4 0  5560
2 12326 074.0332 016.0773 0013449 273.4656 156.5515 12.49533159487428
0 COSMOS 1256
1 12326U 81022G   13288.18198505  .00000013  00000-0  19276-3 0  5578
2 12326 074.0330 013.3308 0013485 270.5507 103.3070 12.49533067487685
0 COSMOS 1256
1 12326U 81022G   13290.44902176  .00000012  00000-0  18658-3 0  5580
2 12326 074.0326 010.3213 0013499 267.3237 220.9841 12.49533193487964
0 COSMOS 1256
1 12326U 81022G   13292.52464847 -.00000007  00000-0  59788-4 0  5595
2 12326 074.0323 007.5657 0013485 264.3458 197.6762 12.49533420488223
0 COSMOS 1256
1 12326U 81022G   13294.52623954 -.00000020  00000-0 -27528-4 0  5608
2 12326 074.0321 004.9082 0013494 261.5042 201.3089 12.49533609488473
