0 DELTA 1 DEB
1 12375U 78026ES  13281.76876437  .00032906  00000-0  28166-2 0  3881
2 12375 099.0248 096.2332 0035938 230.9106 128.8913 14.97003943603872
0 DELTA 1 DEB
1 12375U 78026ES  13282.43715453  .00054070  00000-0  46007-2 0  3897
2 12375 099.0249 097.0041 0035752 228.7678 131.0458 14.97091859603976
0 DELTA 1 DEB
1 12375U 78026ES  13282.70449858  .00041269  00000-0  35179-2 0  3906
2 12375 099.0249 097.3123 0035752 228.2101 131.6060 14.97105916604017
0 DELTA 1 DEB
1 12375U 78026ES  13283.70701143  .00048721  00000-0  41417-2 0  3918
2 12375 099.0248 098.4693 0035604 224.8367 134.9973 14.97166358604164
0 DELTA 1 DEB
1 12375U 78026ES  13283.77385315  .00064590  00000-0  55166-2 0  3923
2 12375 099.0238 098.5475 0035736 224.7032 135.1810 14.97192647604170
0 DELTA 1 DEB
1 12375U 78026ES  13286.44697379  .00036555  00000-0  30993-2 0  3949
2 12375 099.0250 101.6301 0035287 216.3830 143.4989 14.97362772604573
0 DELTA 1 DEB
1 12375U 78026ES  13287.44931091  .00041935  00000-0  35459-2 0  3953
2 12375 099.0246 102.7870 0035134 213.2533 146.6478 14.97431380604725
0 DELTA 1 DEB
1 12375U 78026ES  13287.71659276  .00053944  00000-0  45489-2 0  3963
2 12375 099.0246 103.0954 0035025 212.5885 147.3172 14.97460974604767
0 DELTA 1 DEB
1 12375U 78026ES  13288.71885322  .00052793  00000-0  44418-2 0  3970
2 12375 099.0240 104.2517 0034769 209.7484 150.1758 14.97562518604912
0 DELTA 1 DEB
1 12375U 78026ES  13289.72105224  .00057061  00000-0  47879-2 0  3986
2 12375 099.0241 105.4093 0034770 206.3678 153.5772 14.97640111605061
0 DELTA 1 DEB
1 12375U 78026ES  13290.18872651  .00053283  00000-0  44697-2 0  3991
2 12375 099.0237 105.9487 0034689 204.9548 154.9995 14.97676428605137
0 DELTA 1 DEB
1 12375U 78026ES  13291.45806480  .00047374  00000-0  39664-2 0  4004
2 12375 099.0241 107.4148 0034588 200.9139 159.0666 14.97791555605324
0 DELTA 1 DEB
1 12375U 78026ES  13292.46010793  .00046580  00000-0  38922-2 0  4015
2 12375 099.0241 108.5722 0034324 197.9644 162.0363 14.97880791605473
0 DELTA 1 DEB
1 12375U 78026ES  13293.46209342  .00049808  00000-0  41509-2 0  4028
2 12375 099.0243 109.7289 0034164 194.8126 165.2094 14.97966248605624
0 DELTA 1 DEB
1 12375U 78026ES  13294.46402256  .00053943  00000-0  44842-2 0  4037
2 12375 099.0241 110.8862 0033975 191.7615 168.2814 14.98041832605773
0 DELTA 1 DEB
1 12375U 78026ES  13295.46589728  .00057634  00000-0  47780-2 0  4044
2 12375 099.0238 112.0434 0033701 188.7218 171.3418 14.98131185605923
