0 METEOR PRIRODA
1 12585U 81065A   13282.47973027  .00002487  00000-0  14851-3 0  6233
2 12585 097.3054 279.2957 0018964 059.6419 099.6874 15.11837904758084
0 METEOR PRIRODA
1 12585U 81065A   13283.78355427  .00003999  00000-0  23658-3 0  6241
2 12585 097.3055 280.5423 0019026 054.6404 356.4046 15.11842046758287
0 METEOR PRIRODA
1 12585U 81065A   13286.18080329  .00003740  00000-0  22144-3 0  6269
2 12585 097.3051 282.8352 0018752 047.0158 083.1310 15.11855696758649
0 METEOR PRIRODA
1 12585U 81065A   13287.50174751  .00003767  00000-0  22296-3 0  6277
2 12585 097.3051 284.0986 0018671 042.9370 072.1323 15.11864533758840
0 METEOR PRIRODA
1 12585U 81065A   13288.74769962  .00004496  00000-0  26528-3 0  6281
2 12585 097.3050 285.2902 0018679 038.8597 013.2892 15.11876796759036
0 METEOR PRIRODA
1 12585U 81065A   13290.06929378  .00004288  00000-0  25315-3 0  6291
2 12585 097.3048 286.5540 0018553 034.7332 005.9821 15.11886646759235
0 METEOR PRIRODA
1 12585U 81065A   13291.47968438  .00003560  00000-0  21077-3 0  6302
2 12585 097.3047 287.9028 0018355 030.0136 122.3127 15.11898462759446
0 METEOR PRIRODA
1 12585U 81065A   13292.78483312  .00003448  00000-0  20423-3 0  6310
2 12585 097.3047 289.1509 0018165 025.3285 026.2119 15.11905114759643
0 METEOR PRIRODA
1 12585U 81065A   13293.84330634  .00004418  00000-0  26060-3 0  6328
2 12585 097.3049 290.1629 0018035 021.4983 027.5161 15.11909597759806
0 METEOR PRIRODA
1 12585U 81065A   13295.09956302  .00005415  00000-0  31850-3 0  6335
2 12585 097.3055 291.3643 0017916 017.1887 025.1538 15.11917740759995
0 METEOR PRIRODA
1 12585U 81065A   13296.17461262  .00005616  00000-0  33014-3 0  6349
2 12585 097.3061 292.3924 0017806 013.6123 116.4259 15.11928860760156
