0 COSMOS 1275 DEB
1 12655U 81053K   13281.87198867  .00000080  00000-0  66000-4 0  9405
2 12655 082.9584 064.8360 0034392 072.4922 039.8690 13.76063414615902
0 COSMOS 1275 DEB
1 12655U 81053K   13283.98604741  .00000055  00000-0  40814-4 0  9410
2 12655 082.9588 063.2704 0034304 066.7692 072.3653 13.76063988616193
0 COSMOS 1275 DEB
1 12655U 81053K   13286.16302207  .00000036  00000-0  20870-4 0  9425
2 12655 082.9594 061.6585 0034206 060.8523 056.5577 13.76064155616497
0 COSMOS 1275 DEB
1 12655U 81053K   13288.47539706  .00000035  00000-0  19592-4 0  9436
2 12655 082.9600 059.9463 0034079 054.5930 351.4654 13.76064108616817
0 COSMOS 1275 DEB
1 12655U 81053K   13291.10814936  .00000069  00000-0  55238-4 0  9446
2 12655 082.9603 057.9972 0033908 047.3616 073.5469 13.76064112617175
0 COSMOS 1275 DEB
1 12655U 81053K   13293.42314072  .00000101  00000-0  88091-4 0  9450
2 12655 082.9605 056.2835 0033774 040.9843 021.5292 13.76064545617491
0 COSMOS 1275 DEB
1 12655U 81053K   13295.46096509  .00000106  00000-0  92590-4 0  9463
2 12655 082.9606 054.7747 0033660 035.3928 036.4645 13.76065154617778
