0 COSMOS 1275 DEB
1 12651U 81053F   13282.80106041  .00075442  00000-0  75567-2 0  6933
2 12651 082.8788 242.9503 0019980 350.7772 054.0233 14.90856913653031
0 COSMOS 1275 DEB
1 12651U 81053F   13283.59811253  .00194177  00000-0  19596-1 0  6956
2 12651 082.8799 242.2314 0020499 347.8153 012.3069 14.90974635653152
0 COSMOS 1275 DEB
1 12651U 81053F   13283.67539793  .00091684  00000-0  91420-2 0  6946
2 12651 082.8783 242.1614 0019602 348.2822 066.4190 14.90954915653164
0 COSMOS 1275 DEB
1 12651U 81053F   13284.15871209  .00081516  00000-0  81253-2 0  6958
2 12651 082.8782 241.7251 0019442 346.5700 140.7475 14.91027568653239
0 COSMOS 1275 DEB
1 12651U 81053F   13285.43700214  .00070892  00000-0  70479-2 0  6972
2 12651 082.8778 240.5712 0019035 342.9207 161.9729 14.91195897653422
0 COSMOS 1275 DEB
1 12651U 81053F   13286.44248404  .00069007  00000-0  68396-2 0  6984
2 12651 082.8778 239.6631 0018574 339.7247 159.7974 14.91334640653570
0 COSMOS 1275 DEB
1 12651U 81053F   13287.11127212  .00074490  00000-0  73608-2 0  6997
2 12651 082.8779 239.0590 0018233 337.2824 150.7221 14.91430335653670
0 COSMOS 1275 DEB
1 12651U 81053F   13287.63527359  .00107816  00000-0  10585-1 0  7006
2 12651 082.8782 238.5852 0017817 334.4731 085.2990 14.91510745653750
0 COSMOS 1275 DEB
1 12651U 81053F   13288.11767432  .00140878  00000-0  13730-1 0  7019
2 12651 082.8777 238.1496 0017452 333.9018 154.5908 14.91622629653823
0 COSMOS 1275 DEB
1 12651U 81053F   13288.64045657  .00109244  00000-0  10665-1 0  7022
2 12651 082.8780 237.6772 0017331 331.7782 082.3603 14.91733936653901
0 COSMOS 1275 DEB
1 12651U 81053F   13289.84891773  .00113615  00000-0  11030-1 0  7038
2 12651 082.8780 236.5844 0016822 327.7206 092.5888 14.91938502654083
0 COSMOS 1275 DEB
1 12651U 81053F   13290.12966450  .00101023  00000-0  98129-2 0  7042
2 12651 082.8786 236.3308 0016802 325.7255 161.5655 14.91987470654124
0 COSMOS 1275 DEB
1 12651U 81053F   13290.57541748  .00086040  00000-0  84572-2 0  7059
2 12651 082.8784 235.9292 0017194 324.5564 035.5015 14.92075123654195
0 COSMOS 1275 DEB
1 12651U 81053F   13290.65181611  .00106570  00000-0  10324-1 0  7051
2 12651 082.8783 235.8589 0016401 324.9770 085.1982 14.92068168654202
0 COSMOS 1275 DEB
1 12651U 81053F   13291.34345069  .00085194  00000-0  82543-2 0  7069
2 12651 082.8788 235.2336 0016498 321.0822 202.0035 14.92180127654303
0 COSMOS 1275 DEB
1 12651U 81053F   13292.41197144  .00078382  00000-0  75722-2 0  7070
2 12651 082.8789 234.2664 0016063 316.5501 183.1931 14.92339146654466
0 COSMOS 1275 DEB
1 12651U 81053F   13293.41777132  .00079592  00000-0  76616-2 0  7080
2 12651 082.8785 233.3567 0015570 313.3368 186.8673 14.92480629654615
0 COSMOS 1275 DEB
1 12651U 81053F   13294.42338157  .00087969  00000-0  84320-2 0  7091
2 12651 082.8784 232.4469 0014962 309.9775 190.1862 14.92610829654763
0 COSMOS 1275 DEB
1 12651U 81053F   13295.02460900  .00090688  00000-0  86678-2 0  7102
2 12651 082.8779 231.9027 0014537 308.8245 180.1096 14.92714073654853
0 COSMOS 1275 DEB
1 12651U 81053F   13295.36366336  .00112069  00000-0  10662-1 0  7115
2 12651 082.8780 231.5962 0014488 306.1249 203.7265 14.92779870654901
0 COSMOS 1275 DEB
1 12651U 81053F   13296.16007424  .00124441  00000-0  11770-1 0  7123
2 12651 082.8774 230.8749 0013892 303.5141 163.8632 14.92949138655023
