0 COSMOS 1275 DEB
1 12666U 81053W   13281.49119565  .00000359  00000-0  37554-3 0  9548
2 12666 082.8719 074.5297 0072348 150.7589 270.4662 13.71448242607513
0 COSMOS 1275 DEB
1 12666U 81053W   13283.75370668  .00000354  00000-0  36964-3 0  9552
2 12666 082.8721 072.8468 0072341 144.6320 280.8352 13.71451085607829
0 COSMOS 1275 DEB
1 12666U 81053W   13285.88728852  .00000356  00000-0  37195-3 0  9560
2 12666 082.8725 071.2599 0072324 138.8372 014.6973 13.71453173608119
0 COSMOS 1275 DEB
1 12666U 81053W   13288.14266324  .00000544  00000-0  57653-3 0  9574
2 12666 082.8731 069.5827 0072291 132.7092 349.8970 13.71456373608424
0 COSMOS 1275 DEB
1 12666U 81053W   13290.38542648  .00000545  00000-0  57788-3 0  9580
2 12666 082.8735 067.9149 0072258 126.6236 262.8465 13.71458989608734
0 COSMOS 1275 DEB
1 12666U 81053W   13292.81783072  .00000662  00000-0  70568-3 0  9590
2 12666 082.8735 066.1061 0072177 120.0314 032.1094 13.71461625609067
0 COSMOS 1275 DEB
1 12666U 81053W   13294.85499804  .00000679  00000-0  72415-3 0  9606
2 12666 082.8735 064.5913 0072080 114.5070 010.0296 13.71464727609341
