0 COSMOS 1275 DEB
1 12710U 81053BE  13281.66740419  .00000561  00000-0  63050-3 0   787
2 12710 083.0157 026.7916 0123214 203.5617 155.9862 13.66079680596074
0 COSMOS 1275 DEB
1 12710U 81053BE  13283.79148228  .00000521  00000-0  58341-3 0   797
2 12710 083.0160 025.2571 0123341 197.7528 161.9297 13.66083440596365
0 COSMOS 1275 DEB
1 12710U 81053BE  13286.35501980  .00000499  00000-0  55769-3 0   807
2 12710 083.0162 023.4052 0123494 190.7543 169.0965 13.66085486596712
0 COSMOS 1275 DEB
1 12710U 81053BE  13288.62557790  .00000611  00000-0  68714-3 0   810
2 12710 083.0161 021.7652 0123599 184.5731 175.4303 13.66088240597027
0 COSMOS 1275 DEB
1 12710U 81053BE  13290.74964509  .00000550  00000-0  61617-3 0   824
2 12710 083.0158 020.2310 0123691 178.7739 181.3741 13.66090857597315
0 COSMOS 1275 DEB
1 12710U 81053BE  13293.16668182  .00000558  00000-0  62568-3 0   836
2 12710 083.0155 018.4850 0123769 172.1933 188.1185 13.66093753597641
0 COSMOS 1275 DEB
1 12710U 81053BE  13295.29073961  .00000564  00000-0  63169-3 0   843
2 12710 083.0154 016.9502 0123830 166.4088 194.0450 13.66096847597933
