0 COSMOS 1275 DEB
1 12748U 81053CR  13281.76753141  .00000160  00000-0  15659-3 0  3707
2 12748 082.9915 178.4612 0043848 268.5429 154.3646 13.72835533610387
0 COSMOS 1275 DEB
1 12748U 81053CR  13284.19347802  .00000196  00000-0  19593-3 0  3711
2 12748 082.9914 176.6832 0043824 261.5631 264.1297 13.72836470610712
0 COSMOS 1275 DEB
1 12748U 81053CR  13286.44401742  .00000199  00000-0  19944-3 0  3729
2 12748 082.9910 175.0340 0043815 255.1069 226.9665 13.72836873611026
0 COSMOS 1275 DEB
1 12748U 81053CR  13288.48359096  .00000253  00000-0  25755-3 0  3738
2 12748 082.9905 173.5392 0043903 249.2648 227.1424 13.72837874611304
0 COSMOS 1275 DEB
1 12748U 81053CR  13290.73163942  .00000217  00000-0  21856-3 0  3741
2 12748 082.9900 171.8916 0043992 242.8335 177.6623 13.72839087611614
0 COSMOS 1275 DEB
1 12748U 81053CR  13293.14842465  .00000203  00000-0  20269-3 0  3756
2 12748 082.9897 170.1202 0044048 235.9022 242.1562 13.72840096611946
0 COSMOS 1275 DEB
1 12748U 81053CR  13295.40846244  .00000198  00000-0  19747-3 0  3769
2 12748 082.9896 168.4635 0044115 229.4337 251.9514 13.72840941612256
