0 COSMOS 1275 DEB
1 12758U 81053DB  13281.12380010  .00000418  00000-0  39752-3 0  4672
2 12758 082.8653 346.1650 0058301 249.2997 182.7430 13.77897454612820
0 COSMOS 1275 DEB
1 12758U 81053DB  13283.22787568  .00000451  00000-0  43020-3 0  4685
2 12758 082.8652 344.5812 0058440 243.3918 179.8892 13.77900095613111
0 COSMOS 1275 DEB
1 12758U 81053DB  13285.63581391  .00000472  00000-0  45127-3 0  4692
2 12758 082.8648 342.7687 0058580 236.5901 244.3920 13.77901822613442
0 COSMOS 1275 DEB
1 12758U 81053DB  13289.11000785  .00000526  00000-0  50409-3 0  4703
2 12758 082.8639 340.1538 0058833 226.8462 197.9856 13.77906233613929
0 COSMOS 1275 DEB
1 12758U 81053DB  13292.15766965  .00000508  00000-0  48588-3 0  4716
2 12758 082.8636 337.8595 0059066 218.3529 195.7733 13.77909340614340
0 COSMOS 1275 DEB
1 12758U 81053DB  13294.19260359  .00000498  00000-0  47625-3 0  4728
2 12758 082.8637 336.3274 0059198 212.7063 209.9654 13.77911548614620
