0 SL-8 DEB
1 01335U 65020E   13281.38388152  .00000345  00000-0  17114-3 0  6567
2 01335 056.0846 338.7155 0546264 158.4611 204.0329 13.76998457370298
0 SL-8 DEB
1 01335U 65020E   13283.63430519  .00000300  00000-0  15624-3 0  6578
2 01335 056.0845 331.0645 0545909 162.2767 199.8101 13.77003813370605
0 SL-8 DEB
1 01335U 65020E   13286.10249997  .00000201  00000-0  12378-3 0  6585
2 01335 056.0843 322.6732 0545523 166.4598 195.1700 13.77006856370947
0 SL-8 DEB
1 01335U 65020E   13288.13512788  .00000459  00000-0  20910-3 0  6598
2 01335 056.0842 315.7625 0545213 169.9015 191.3456 13.77009527371224
0 SL-8 DEB
1 01335U 65020E   13290.45812222  .00000252  00000-0  14055-3 0  6608
2 01335 056.0844 307.8647 0544884 173.8325 186.9726 13.77013096371544
0 SL-8 DEB
1 01335U 65020E   13292.49073862  .00000253  00000-0  14096-3 0  6610
2 01335 056.0845 300.9541 0544557 177.2727 183.1428 13.77012712371826
0 SL-8 DEB
1 01335U 65020E   13295.17669251  .00000263  00000-0  14434-3 0  6629
2 01335 056.0845 291.8225 0544205 181.8184 178.0813 13.77015599372199
