0 COSMOS 1392
1 13379U 82073E   13282.74624483 -.00000039  00000-0 -15362-3 0  4514
2 13379 074.0187 018.7673 0010285 292.4177 167.3791 12.49322788110127
0 COSMOS 1392
1 13379U 82073E   13287.14552087  .00000007  00000-0  15363-3 0  4539
2 13379 074.0187 012.9244 0010296 286.2459 152.9696 12.49322461110675
0 COSMOS 1392
1 13379U 82073E   13289.14725508  .00000015  00000-0  20564-3 0  4540
2 13379 074.0183 010.2658 0010341 283.4314 155.7037 12.49322433110928
0 COSMOS 1392
1 13379U 82073E   13291.14972090  .00000012  00000-0  18810-3 0  4552
2 13379 074.0179 007.6061 0010354 280.6084 161.7358 12.49322686111179
0 COSMOS 1392
1 13379U 82073E   13293.15198272 -.00000012  00000-0  28645-4 0  4567
2 13379 074.0177 004.9465 0010349 277.7771 166.8595 12.49322876111427
0 COSMOS 1392
1 13379U 82073E   13295.15440238 -.00000025  00000-0 -56811-4 0  4573
2 13379 074.0176 002.2866 0010355 274.9574 172.6827 12.49323016111676
