0 DELTA 1 DEB
1 13569U 78026FG  13282.53735168  .00001090  00000-0  67042-3 0  4134
2 13569 099.0909 228.9041 0115976 231.8730 181.3981 14.04495428629796
0 DELTA 1 DEB
1 13569U 78026FG  13286.80681253  .00001653  00000-0  10024-2 0  4157
2 13569 099.0922 233.1791 0116102 219.9004 168.7676 14.04504274630392
0 DELTA 1 DEB
1 13569U 78026FG  13287.80911559  .00001824  00000-0  11029-2 0  4160
2 13569 099.0926 234.1828 0116134 217.0945 196.6552 14.04508649630535
0 DELTA 1 DEB
1 13569U 78026FG  13289.10645007  .00001914  00000-0  11560-2 0  4178
2 13569 099.0930 235.4820 0116125 213.4403 276.3408 14.04514939630710
0 DELTA 1 DEB
1 13569U 78026FG  13290.51795512  .00001935  00000-0  11684-2 0  4183
2 13569 099.0932 236.8960 0116103 209.4762 213.3196 14.04520469630913
0 DELTA 1 DEB
1 13569U 78026FG  13292.09873640  .00001855  00000-0  11211-2 0  4195
2 13569 099.0935 238.4793 0116110 205.0267 286.2539 14.04526219631132
0 DELTA 1 DEB
1 13569U 78026FG  13293.16648039  .00001871  00000-0  11301-2 0  4206
2 13569 099.0936 239.5489 0116109 202.0052 285.1432 14.04530933631288
0 DELTA 1 DEB
1 13569U 78026FG  13294.50749166  .00001736  00000-0  10505-2 0  4214
2 13569 099.0937 240.8922 0116118 198.2164 225.7848 14.04537938631470
0 DELTA 1 DEB
1 13569U 78026FG  13296.15668301  .00001720  00000-0  10405-2 0  4221
2 13569 099.0937 242.5442 0116165 193.5681 284.7271 14.04544985631701
