0 RADUGA 12
1 13974U 83028A   13281.05473503 -.00000088  00000-0  00000+0 0  2648
2 13974 014.8043 352.1818 0003043 129.0992 348.1395 01.00249881122894
0 RADUGA 12
1 13974U 83028A   13282.72495189  .00000000  00000-0  10000-3 0  2678
2 13974 014.8038 352.1642 0002797 125.2881 234.7520 01.00246219122918
0 RADUGA 12
1 13974U 83028A   13283.07675890 -.00000091  00000-0  00000+0 0  2650
2 13974 014.8042 352.1612 0002910 131.1671 355.8428 01.00250227122916
0 RADUGA 12
1 13974U 83028A   13286.05180735 -.00000095  00000-0  00000+0 0  2665
2 13974 014.8040 352.1305 0002668 132.7352 348.0067 01.00250716122945
0 RADUGA 12
1 13974U 83028A   13289.02971883 -.00000096  00000-0  00000+0 0  2679
2 13974 014.8039 352.0997 0002441 131.6137 343.9008 01.00251120122979
0 RADUGA 12
1 13974U 83028A   13291.05143059 -.00000093  00000-0  00000+0 0  2689
2 13974 014.8038 352.0787 0002340 129.2997 355.8857 01.00251271122993
0 RADUGA 12
1 13974U 83028A   13293.75385833 -.00000087  00000-0  00000+0 0  2690
2 13974 014.8037 352.0507 0002314 125.2862 255.2575 01.00251334123025
