0 SL-12 R/B(2)
1 14193U 80060F   13279.69401524 -.00000272  00000-0  10000-3 0  7999
2 14193 013.6329 337.8211 0021941 149.4035 210.7283 01.01609076 73139
0 SL-12 R/B(2)
1 14193U 80060F   13282.64637951 -.00000312  00000-0  10000-3 0  8001
2 14193 013.6312 337.7903 0021819 149.4169 210.7082 01.01608813 73168
0 SL-12 R/B(2)
1 14193U 80060F   13282.64640322  .00000000  00000-0  10000-3 0  8022
2 14193 013.6312 337.7902 0021543 150.8467 209.2753 01.01604700 73178
0 SL-12 R/B(2)
1 14193U 80060F   13285.59877193 -.00000305  00000-0  10000-3 0  8015
2 14193 013.6295 337.7593 0021861 149.1995 210.9226 01.01607780 73191
0 SL-12 R/B(2)
1 14193U 80060F   13289.53531565 -.00000222  00000-0  10000-3 0  8022
2 14193 013.6272 337.7163 0021589 149.3369 210.7683 01.01605673 73232
0 SL-12 R/B(2)
1 14193U 80060F   13292.48779847 -.00000127  00000-0  10000-3 0  8032
2 14193 013.6255 337.6857 0021238 151.0199 209.0695 01.01604085 73267
