0 DELTA 1 DEB
1 14904U 76077ES  13283.09334933 -.00000033  00000-0  10000-3 0  4565
2 14904 102.7185 005.0425 0015100 171.0296 189.1239 12.68830039363570
0 DELTA 1 DEB
1 14904U 76077ES  13284.43372036 -.00000033  00000-0  10000-3 0  4571
2 14904 102.7167 006.5121 0014097 171.2737 188.8684 12.68830431363740
0 DELTA 1 DEB
1 14904U 76077ES  13285.45870817 -.00000033  00000-0  10000-3 0  4585
2 14904 102.7175 007.6418 0014805 167.9926 192.1500 12.68830672363875
0 DELTA 1 DEB
1 14904U 76077ES  13291.13558756 -.00000033  00000-0  10000-3 0  4593
2 14904 102.7208 013.8962 0016728 158.8812 201.4191 12.68833897364596
0 DELTA 1 DEB
1 14904U 76077ES  13294.05283451 -.00000033  00000-0  10000-3 0  4606
2 14904 102.7231 017.1104 0016414 153.3124 206.9109 12.68835467364960
0 DELTA 1 DEB
1 14904U 76077ES  13296.10280256 -.00000033  00000-0  10000-3 0  4615
2 14904 102.7203 019.3611 0015156 153.6474 206.5659 12.68836368365226
