0 SL-8 R/B
1 15056U 84062B   13281.83462545  .00000097  00000-0  84681-4 0  3934
2 15056 082.9569 235.9806 0023533 258.2357 161.5274 13.76090053471067
0 SL-8 R/B
1 15056U 84062B   13283.87003250  .00000078  00000-0  64214-4 0  3944
2 15056 082.9571 234.4729 0023576 252.2302 165.0943 13.76090807471349
0 SL-8 R/B
1 15056U 84062B   13286.20220481  .00000076  00000-0  62256-4 0  3954
2 15056 082.9576 232.7454 0023679 245.3747 198.8406 13.76091067471662
0 SL-8 R/B
1 15056U 84062B   13288.46117259  .00000114  00000-0  10146-3 0  3966
2 15056 082.9580 231.0722 0023808 238.7769 229.8868 13.76091341471977
0 SL-8 R/B
1 15056U 84062B   13290.49907069  .00000123  00000-0  11072-3 0  3978
2 15056 082.9582 229.5629 0023917 232.7935 245.7760 13.76091549472257
0 SL-8 R/B
1 15056U 84062B   13292.53533699  .00000123  00000-0  11079-3 0  3987
2 15056 082.9582 228.0552 0023986 226.8310 253.5661 13.76091849472534
0 SL-8 R/B
1 15056U 84062B   13294.85373454  .00000114  00000-0  10140-3 0  3994
2 15056 082.9582 226.3388 0024138 220.1703 218.9257 13.76092520472853
