0 COSMOS 1610
1 15398U 84118A   13282.27327253  .00000051  00000-0  38380-4 0  7131
2 15398 082.9479 315.8208 0033192 081.5088 326.6127 13.73592023448932
0 COSMOS 1610
1 15398U 84118A   13283.45641009  .00000064  00000-0  52192-4 0  7142
2 15398 082.9477 314.9471 0033173 078.3510 057.0118 13.73591909449090
0 COSMOS 1610
1 15398U 84118A   13285.71511880  .00000065  00000-0  53428-4 0  7162
2 15398 082.9472 313.2790 0033104 072.2921 065.9429 13.73592187449401
0 COSMOS 1610
1 15398U 84118A   13287.15034902  .00000051  00000-0  38046-4 0  7172
2 15398 082.9469 312.2190 0033050 068.4498 322.9053 13.73592439449607
0 COSMOS 1610
1 15398U 84118A   13288.17711674  .00000045  00000-0  31536-4 0  7184
2 15398 082.9467 311.4605 0032992 065.6577 000.1360 13.73592662449747
0 COSMOS 1610
1 15398U 84118A   13289.19785035  .00000036  00000-0  21755-4 0  7192
2 15398 082.9466 310.7065 0032947 062.8689 007.5432 13.73592766449882
0 COSMOS 1610
1 15398U 84118A   13290.52580706  .00000037  00000-0  23175-4 0  7200
2 15398 082.9467 309.7254 0032894 059.3287 094.0450 13.73592950450065
0 COSMOS 1610
1 15398U 84118A   13291.53686503  .00000044  00000-0  30806-4 0  7212
2 15398 082.9467 308.9784 0032845 056.5720 053.6031 13.73593080450208
0 COSMOS 1610
1 15398U 84118A   13292.63538228  .00000044  00000-0  30271-4 0  7221
2 15398 082.9468 308.1669 0032788 053.6263 085.5877 13.73593073450359
0 COSMOS 1610
1 15398U 84118A   13293.65334264  .00000052  00000-0  39327-4 0  7239
2 15398 082.9469 307.4149 0032732 050.8551 079.2736 13.73593097450498
0 COSMOS 1610
1 15398U 84118A   13294.67469037  .00000067  00000-0  54813-4 0  7243
2 15398 082.9469 306.6605 0032681 048.0729 089.7118 13.73593113450630
0 COSMOS 1610
1 15398U 84118A   13296.11621685  .00000063  00000-0  51146-4 0  7256
2 15398 082.9468 305.5957 0032595 044.1502 017.8771 13.73593107450839
