0 COSMOS 1637
1 15619U 85023C   13282.81752240  .00000023  00000-0  26043-3 0  4409
2 15619 074.0526 105.1186 0014999 030.7845 072.5568 12.47178057300287
0 COSMOS 1637
1 15619U 85023C   13286.82813486 -.00000018  00000-0 -15433-4 0  4424
2 15619 074.0529 099.8241 0015071 024.6782 079.6707 12.47178714300783
0 COSMOS 1637
1 15619U 85023C   13288.83359728 -.00000035  00000-0 -13396-3 0  4436
2 15619 074.0533 097.1767 0015081 021.5796 083.9771 12.47178793301039
0 COSMOS 1637
1 15619U 85023C   13290.93290656 -.00000023  00000-0 -51446-4 0  4441
2 15619 074.0539 094.4057 0015108 018.3293 149.6537 12.47178675301290
0 COSMOS 1637
1 15619U 85023C   13293.16652904  .00000003  00000-0  12670-3 0  4459
2 15619 074.0543 091.4574 0015163 014.9946 098.2584 12.47178437301572
0 COSMOS 1637
1 15619U 85023C   13295.17119495  .00000015  00000-0  20723-3 0  4467
2 15619 074.0545 088.8114 0015214 011.8764 099.0082 12.47178360301820
