0 COSMOS 81
1 01571U 65070B   13282.79950150 -.00000081  00000-0  89647-4 0  1466
2 01571 056.0603 078.4554 0088884 338.8870 133.9399 12.48811583194251
0 COSMOS 81
1 01571U 65070B   13286.81021579 -.00000117  00000-0 -14567-3 0  1488
2 01571 056.0612 067.6551 0089074 344.2749 164.9952 12.48811857194754
0 COSMOS 81
1 01571U 65070B   13288.81526524 -.00000110  00000-0 -99045-4 0  1499
2 01571 056.0618 062.2561 0089173 346.9834 179.1262 12.48811634195000
0 COSMOS 81
1 01571U 65070B   13291.27602940 -.00000087  00000-0  55614-4 0  1508
2 01571 056.0622 055.6304 0089310 350.3124 082.0137 12.48811452195315
0 COSMOS 81
1 01571U 65070B   13293.43958486 -.00000089  00000-0  39779-4 0  1514
2 01571 056.0624 049.8049 0089411 353.2129 088.7608 12.48811435195583
0 COSMOS 81
1 01571U 65070B   13295.60304169 -.00000089  00000-0  42759-4 0  1521
2 01571 056.0625 043.9794 0089525 356.1114 095.0666 12.48811637195857
