0 COSMOS 86
1 01584U 65073A   13284.50589355 -.00000088  00000-0  52269-4 0  8328
2 01584 056.0571 093.4083 0213534 132.5815 335.9475 12.51845334197890
0 COSMOS 86
1 01584U 65073A   13286.82328625 -.00000114  00000-0 -10307-3 0  8334
2 01584 056.0577 087.1271 0213442 135.6999 339.6246 12.51845553198183
0 COSMOS 86
1 01584U 65073A   13288.82702510 -.00000119  00000-0 -13339-3 0  8349
2 01584 056.0583 081.6962 0213360 138.4076 009.7642 12.51845519198437
0 COSMOS 86
1 01584U 65073A   13291.45440794 -.00000098  00000-0 -67155-5 0  8359
2 01584 056.0590 074.5754 0213239 141.9441 330.4594 12.51845282198768
0 COSMOS 86
1 01584U 65073A   13293.77827267 -.00000079  00000-0  10609-3 0  8369
2 01584 056.0593 068.2774 0213121 145.0821 003.2932 12.51845149199056
0 COSMOS 86
1 01584U 65073A   13296.15648206 -.00000093  00000-0  23100-4 0  8376
2 01584 056.0596 061.8321 0213001 148.2900 281.0402 12.51845310199357
