0 COSMOS 1677
1 15986U 85075A   13282.51615249 -.00000079  00000-0  10365-4 0  5445
2 15986 064.6833 260.7831 0062960 188.5629 305.2958 13.86499367415514
0 COSMOS 1677
1 15986U 85075A   13283.52724235 -.00000092  00000-0 -60227-6 0  5454
2 15986 064.6834 258.1224 0062819 188.2692 312.0685 13.86499644415658
0 COSMOS 1677
1 15986U 85075A   13286.48433211 -.00000106  00000-0 -12210-4 0  5478
2 15986 064.6837 250.3407 0062575 187.5305 312.0275 13.86499761416061
0 COSMOS 1677
1 15986U 85075A   13288.20659645 -.00000084  00000-0  68093-5 0  5487
2 15986 064.6840 245.8086 0062405 187.0784 268.5263 13.86499584416307
0 COSMOS 1677
1 15986U 85075A   13289.44050270 -.00000065  00000-0  22143-4 0  5498
2 15986 064.6841 242.5617 0062298 186.7825 307.4102 13.86499478416479
0 COSMOS 1677
1 15986U 85075A   13290.45163755 -.00000054  00000-0  31661-4 0  5509
2 15986 064.6842 239.9011 0062194 186.5128 314.3855 13.86499481416619
0 COSMOS 1677
1 15986U 85075A   13292.17232899 -.00000047  00000-0  37984-4 0  5513
2 15986 064.6842 235.3735 0062025 186.0645 263.0283 13.86499456416857
0 COSMOS 1677
1 15986U 85075A   13293.18423389 -.00000044  00000-0  40724-4 0  5525
2 15986 064.6842 232.7109 0061927 185.7982 273.8439 13.86499595416994
0 COSMOS 1677
1 15986U 85075A   13294.19370760 -.00000056  00000-0  30138-4 0  5533
2 15986 064.6841 230.0548 0061825 185.5208 272.5353 13.86499831417138
0 COSMOS 1677
1 15986U 85075A   13295.20373844 -.00000068  00000-0  19617-4 0  5545
2 15986 064.6841 227.3971 0061735 185.2753 273.9760 13.86500002417274
0 COSMOS 1677
1 15986U 85075A   13296.21445575 -.00000079  00000-0  10924-4 0  5553
2 15986 064.6841 224.7377 0061643 185.0150 278.8592 13.86500092417414
