0 SL-14 R/B
1 16144U 85094G   13282.51155749  .00000034  00000-0  14567-3 0  2193
2 16144 082.6062 077.9981 0036612 019.8136 039.3940 12.54853444282773
0 SL-14 R/B
1 16144U 85094G   13286.84165652 -.00000006  00000-0 -98503-4 0  2214
2 16144 082.6072 075.2829 0036421 010.1305 160.4984 12.54853895283311
0 SL-14 R/B
1 16144U 85094G   13289.06627065 -.00000004  00000-0 -86717-4 0  2225
2 16144 082.6078 073.8882 0036326 005.1242 130.1663 12.54853741283596
0 SL-14 R/B
1 16144U 85094G   13291.52261187  .00000020  00000-0  62485-4 0  2231
2 16144 082.6082 072.3484 0036229 359.5992 066.6550 12.54853490283907
0 SL-14 R/B
1 16144U 85094G   13293.53186170  .00000031  00000-0  12530-3 0  2240
2 16144 082.6085 071.0889 0036143 355.0835 143.4091 12.54853376284152
0 SL-14 R/B
1 16144U 85094G   13296.14592957  .00000022  00000-0  72533-4 0  2255
2 16144 082.6087 069.4503 0036040 349.1715 072.4544 12.54853471284481
