0 COSMOS 1691 DEB
1 16271U 85094Q   13283.51650646  .00000025  00000-0  81384-4 0  7839
2 16271 082.6100 342.4505 0006007 200.9370 223.4710 12.62942145290953
0 COSMOS 1691 DEB
1 16271U 85094Q   13285.59631319  .00000051  00000-0  22600-3 0  7840
2 16271 082.6096 341.1275 0006098 196.2101 319.5104 12.62942048291212
0 COSMOS 1691 DEB
1 16271U 85094Q   13289.13310898  .00000033  00000-0  12157-3 0  7857
2 16271 082.6085 338.8773 0006249 188.2932 199.7651 12.62942484291665
0 COSMOS 1691 DEB
1 16271U 85094Q   13291.43776888  .00000013  00000-0  12467-4 0  7862
2 16271 082.6082 337.4108 0006345 183.2586 237.9182 12.62942729291954
0 COSMOS 1691 DEB
1 16271U 85094Q   13293.59736756  .00000006  00000-0 -26552-4 0  7875
2 16271 082.6081 336.0364 0006436 178.5296 336.5625 12.62942910292229
0 COSMOS 1691 DEB
1 16271U 85094Q   13296.10465006  .00000015  00000-0  26457-4 0  7886
2 16271 082.6080 334.4408 0006537 173.1268 215.8700 12.62942811292549
