0 COSMOS 1375 DEB
1 16384U 82055Y   13281.63388167  .00000084  00000-0  18819-3 0  8226
2 16384 065.8326 279.6475 0037784 167.8691 288.9456 13.68960393396379
0 COSMOS 1375 DEB
1 16384U 82055Y   13283.82213480  .00000074  00000-0  17605-3 0  8236
2 16384 065.8326 274.2964 0037611 166.6932 273.3309 13.68961533396672
0 COSMOS 1375 DEB
1 16384U 82055Y   13286.31297527  .00000023  00000-0  11749-3 0  8245
2 16384 065.8328 268.2051 0037356 165.2829 309.0374 13.68961997397012
0 COSMOS 1375 DEB
1 16384U 82055Y   13288.35990941  .00000046  00000-0  14399-3 0  8251
2 16384 065.8333 263.1994 0037222 164.2955 316.8570 13.68962387397297
0 COSMOS 1375 DEB
1 16384U 82055Y   13290.68447183  .00000052  00000-0  15160-3 0  8260
2 16384 065.8335 257.5151 0036994 162.9673 253.1119 13.68962680397612
0 COSMOS 1375 DEB
1 16384U 82055Y   13292.80788166  .00000068  00000-0  17001-3 0  8279
2 16384 065.8335 252.3228 0036819 161.7774 277.9949 13.68962949397900
0 COSMOS 1375 DEB
1 16384U 82055Y   13295.07381877  .00000045  00000-0  14291-3 0  8283
2 16384 065.8335 246.7820 0036634 160.5225 285.2878 13.68963616398218
