0 COSMOS 1753
1 16763U 86042F   13283.48639351 -.00000041  00000-0 -16873-3 0  4517
2 16763 074.0214 029.5105 0010550 335.8962 148.5505 12.48837820246892
0 COSMOS 1753
1 16763U 86042F   13285.48949104 -.00000025  00000-0 -62357-4 0  4521
2 16763 074.0217 026.8528 0010589 332.9328 154.0702 12.48837697247142
0 COSMOS 1753
1 16763U 86042F   13287.49218097  .00000003  00000-0  12584-3 0  4535
2 16763 074.0217 024.1958 0010625 330.0331 157.6940 12.48837519247397
0 COSMOS 1753
1 16763U 86042F   13289.49692605  .00000014  00000-0  19737-3 0  4548
2 16763 074.0216 021.5362 0010668 327.1029 170.5831 12.48837452247641
0 COSMOS 1753
1 16763U 86042F   13291.49739711  .00000007  00000-0  15413-3 0  4551
2 16763 074.0213 018.8821 0010703 324.1353 164.2998 12.48837558247892
0 COSMOS 1753
1 16763U 86042F   13293.50025240 -.00000010  00000-0  42577-4 0  4568
2 16763 074.0211 016.2248 0010730 321.2790 168.6215 12.48837761248143
0 COSMOS 1753
1 16763U 86042F   13296.20101556 -.00000028  00000-0 -81955-4 0  4577
2 16763 074.0210 012.6412 0010774 317.3559 070.6299 12.48837997248484
