0 COSMOS 1755
1 16765U 86042H   13282.39216595  .00000009  00000-0  15432-3 0  3576
2 16765 074.0171 256.3012 0028390 109.6119 058.0059 12.54272132252178
0 COSMOS 1755
1 16765U 86042H   13287.16904477 -.00000041  00000-0 -15434-3 0  3591
2 16765 074.0180 249.8971 0028406 102.1449 027.6651 12.54272412252778
0 COSMOS 1755
1 16765U 86042H   13289.33080876 -.00000016  00000-0 -26835-5 0  3603
2 16765 074.0184 246.9991 0028413 098.7992 068.9263 12.54272140253049
0 COSMOS 1755
1 16765U 86042H   13292.18756441  .00000020  00000-0  22174-3 0  3612
2 16765 074.0187 243.1699 0028447 094.3532 008.3862 12.54272021253406
0 COSMOS 1755
1 16765U 86042H   13294.35596487  .00000010  00000-0  15982-3 0  3624
2 16765 074.0188 240.2634 0028427 090.9905 079.6169 12.54272153253674
