0 SL-8 DEB
1 16867U 86052E   13280.80385996  .00001304  00000-0  23203-3 0  2300
2 16867 074.0263 347.0025 0018894 342.1507 017.8997 14.68079560443519
0 SL-8 DEB
1 16867U 86052E   13282.50746595  .00001735  00000-0  30686-3 0  2317
2 16867 074.0262 343.7076 0018980 338.5287 021.5085 14.68094132443766
0 SL-8 DEB
1 16867U 86052E   13283.52962264  .00001699  00000-0  30052-3 0  2320
2 16867 074.0260 341.7306 0019036 336.3616 023.6677 14.68096713443917
0 SL-8 DEB
1 16867U 86052E   13285.50578439  .00001628  00000-0  28818-3 0  2337
2 16867 074.0257 337.9084 0019144 332.2086 027.8060 14.68102129444203
0 SL-8 DEB
1 16867U 86052E   13288.43593691  .00002986  00000-0  52351-3 0  2347
2 16867 074.0250 332.2408 0019269 326.0659 033.9277 14.68116511444634
0 SL-8 DEB
1 16867U 86052E   13289.45807472  .00002882  00000-0  50539-3 0  2357
2 16867 074.0258 330.2660 0019223 323.7115 036.2750 14.68120053444785
0 SL-8 DEB
1 16867U 86052E   13290.48020983  .00002958  00000-0  51859-3 0  2367
2 16867 074.0255 328.2888 0019275 321.5593 038.4202 14.68125136444934
0 SL-8 DEB
1 16867U 86052E   13291.77490893  .00002683  00000-0  47081-3 0  2379
2 16867 074.0252 325.7839 0019316 318.8618 041.1094 14.68131125445129
0 SL-8 DEB
1 16867U 86052E   13292.79703564  .00002972  00000-0  52079-3 0  2389
2 16867 074.0252 323.8067 0019351 316.7631 043.2019 14.68135186445279
0 SL-8 DEB
1 16867U 86052E   13294.50057321  .00003494  00000-0  61119-3 0  2399
2 16867 074.0253 320.5109 0019399 313.2283 046.7266 14.68143063445521
