0 SL-12 R/B(2)
1 17125U 86090D   13281.76711269  .00000084  00000-0  00000+0 0  7880
2 17125 014.6314 005.5016 0011438 069.0838 237.7914 01.00274025 98422
0 SL-12 R/B(2)
1 17125U 86090D   13285.90350057  .00000075  00000-0  00000+0 0  7895
2 17125 014.6327 005.4568 0011250 068.1301 291.9956 01.00275794 98471
0 SL-12 R/B(2)
1 17125U 86090D   13285.99843963  .00000075  00000-0  00000+0 0  7909
2 17125 014.6334 005.4574 0011169 068.5416 325.8466 01.00276179 98477
0 SL-12 R/B(2)
1 17125U 86090D   13291.00801178  .00000074  00000-0  00000+0 0  7910
2 17125 014.6357 005.4047 0011123 067.0581 335.8395 01.00278520 98524
