0 ARIANE 1 DEB
1 17121U 86019R   13282.41084615  .00000533  00000-0  22754-3 0  8512
2 17121 098.7154 336.9910 0060654 080.4362 346.6465 14.28145599395282
0 ARIANE 1 DEB
1 17121U 86019R   13283.75569858  .00000520  00000-0  22249-3 0  8523
2 17121 098.7153 338.3334 0060597 076.5610 060.9147 14.28146952395473
0 ARIANE 1 DEB
1 17121U 86019R   13286.12131829  .00000533  00000-0  22765-3 0  8549
2 17121 098.7148 340.6948 0060484 069.7323 343.2701 14.28149119395813
0 ARIANE 1 DEB
1 17121U 86019R   13287.38377435  .00000608  00000-0  25697-3 0  8554
2 17121 098.7145 341.9548 0060420 066.0898 353.9402 14.28150484395999
0 ARIANE 1 DEB
1 17121U 86019R   13288.79571432  .00000744  00000-0  31069-3 0  8565
2 17121 098.7140 343.3642 0060337 061.9797 053.1997 14.28153375396197
0 ARIANE 1 DEB
1 17121U 86019R   13290.39695840  .00000684  00000-0  28700-3 0  8576
2 17121 098.7136 344.9624 0060266 057.3700 005.6981 14.28156427396425
0 ARIANE 1 DEB
1 17121U 86019R   13291.66851668  .00000698  00000-0  29247-3 0  8582
2 17121 098.7134 346.2313 0060198 053.6869 063.2135 14.28157886396603
0 ARIANE 1 DEB
1 17121U 86019R   13292.71891285  .00000740  00000-0  30924-3 0  8591
2 17121 098.7133 347.2796 0060119 050.6268 063.6820 14.28159174396754
0 ARIANE 1 DEB
1 17121U 86019R   13293.76986700  .00000734  00000-0  30697-3 0  8606
2 17121 098.7133 348.3284 0060048 047.5593 067.0300 14.28160771396908
0 ARIANE 1 DEB
1 17121U 86019R   13295.16203213  .00000734  00000-0  30669-3 0  8613
2 17121 098.7133 349.7176 0059984 043.5243 024.6519 14.28163035397108
