0 COSMOS 1796
1 17140U 86092C   13283.36541447 -.00000032  00000-0 -10820-3 0  3602
2 17140 074.0174 007.3126 0015354 193.9005 211.3460 12.49575940226645
0 COSMOS 1796
1 17140U 86092C   13285.54018310 -.00000002  00000-0  90404-4 0  3616
2 17140 074.0173 004.4226 0015309 190.7033 274.4196 12.49575657226910
0 COSMOS 1796
1 17140U 86092C   13287.54142237  .00000013  00000-0  19112-3 0  3622
2 17140 074.0169 001.7632 0015273 187.7682 276.8725 12.49575555227161
0 COSMOS 1796
1 17140U 86092C   13289.54261713  .00000014  00000-0  19861-3 0  3638
2 17140 074.0164 359.1037 0015232 184.8186 279.1388 12.49575694227410
0 COSMOS 1796
1 17140U 86092C   13291.71335833 -.00000005  00000-0  73158-4 0  3647
2 17140 074.0160 356.2187 0015201 181.5562 324.1636 12.49575968227688
0 COSMOS 1796
1 17140U 86092C   13293.86901860 -.00000020  00000-0 -26205-4 0  3654
2 17140 074.0158 353.3535 0015161 178.3110 301.3550 12.49576129227950
0 COSMOS 1796
1 17140U 86092C   13296.17754829 -.00000024  00000-0 -54552-4 0  3663
2 17140 074.0156 350.2852 0015115 174.8588 246.2041 12.49576084228240
