0 SL-12 R/B(2)
1 17939U 79087C   13281.42210979 -.00000034  00000-0  10000-3 0  1386
2 17939 013.9899 337.2467 0043477 208.0766 151.6897 01.00459269 77621
0 SL-12 R/B(2)
1 17939U 79087C   13283.41287113  .00000000  00000-0  10000-3 0  1406
2 17939 013.9881 337.2250 0044515 212.2155 147.5135 01.00455088 77641
0 SL-12 R/B(2)
1 17939U 79087C   13287.39439917 -.00000017  00000-0  10000-3 0  1407
2 17939 013.9863 337.1850 0043541 208.9487 150.7984 01.00459986 77687
0 SL-12 R/B(2)
1 17939U 79087C   13289.38513618 -.00000009  00000-0  10000-3 0  1411
2 17939 013.9854 337.1639 0043967 209.3884 150.3434 01.00460299 77708
0 SL-12 R/B(2)
1 17939U 79087C   13293.36661065  .00000014  00000-0  10000-3 0  1420
2 17939 013.9829 337.1225 0043957 209.5524 150.1709 01.00461114 77747
