0 SL-14 R/B
1 18215U 87062B   13282.48726534  .00000359  00000-0  41958-4 0  1603
2 18215 082.5100 105.1820 0019812 237.2927 144.8917 14.82247980416409
0 SL-14 R/B
1 18215U 87062B   13283.49977497  .00000353  00000-0  41208-4 0  1614
2 18215 082.5099 104.2340 0019891 233.8164 147.8796 14.82248897416557
0 SL-14 R/B
1 18215U 87062B   13286.08718100  .00000376  00000-0  44038-4 0  1637
2 18215 082.5100 101.8115 0020109 225.1334 274.6978 14.82250479416932
0 SL-14 R/B
1 18215U 87062B   13287.09965519  .00000405  00000-0  47696-4 0  1644
2 18215 082.5102 100.8636 0020176 221.7321 277.4315 14.82251234417086
0 SL-14 R/B
1 18215U 87062B   13288.50099955  .00000589  00000-0  70669-4 0  1653
2 18215 082.5105 099.5516 0020284 217.0117 195.2631 14.82253202417299
0 SL-14 R/B
1 18215U 87062B   13289.50874874  .00000451  00000-0  53374-4 0  1668
2 18215 082.5107 098.6081 0020376 213.6434 172.7769 14.82254493417446
0 SL-14 R/B
1 18215U 87062B   13290.52679126  .00000496  00000-0  59064-4 0  1677
2 18215 082.5108 097.6550 0020436 210.0795 205.3827 14.82255277417590
0 SL-14 R/B
1 18215U 87062B   13291.60507104  .00000492  00000-0  58578-4 0  1689
2 18215 082.5111 096.6455 0020527 206.3669 199.3765 14.82256021417755
0 SL-14 R/B
1 18215U 87062B   13292.83386103  .00000618  00000-0  74225-4 0  1697
2 18215 082.5112 095.4951 0020630 202.2656 276.4119 14.82256646417933
0 SL-14 R/B
1 18215U 87062B   13293.84572087  .00000629  00000-0  75687-4 0  1704
2 18215 082.5112 094.5479 0020717 198.9031 275.8563 14.82257791418087
0 SL-14 R/B
1 18215U 87062B   13295.11592682  .00000622  00000-0  74708-4 0  1716
2 18215 082.5112 093.3588 0020824 194.7349 213.8267 14.82259411418275
0 SL-14 R/B
1 18215U 87062B   13296.19671425  .00000611  00000-0  73413-4 0  1729
2 18215 082.5112 092.3471 0020922 191.2895 220.9428 14.82260829418433
