0 SL-12 R/B(2)
1 18331U 87073D   13280.76072045 -.00000271  00000-0  10000-3 0  6112
2 18331 014.2602 003.3796 0017510 039.6384 320.4986 01.01386178 83501
0 SL-12 R/B(2)
1 18331U 87073D   13282.73333131  .00000000  00000-0  10000-3 0  6138
2 18331 014.2619 003.3601 0017010 040.0166 320.1197 01.01381848 83525
0 SL-12 R/B(2)
1 18331U 87073D   13286.67847265 -.00000340  00000-0  10000-3 0  6131
2 18331 014.2630 003.3175 0017311 040.8278 319.3016 01.01384997 83562
0 SL-12 R/B(2)
1 18331U 87073D   13288.65106302 -.00000326  00000-0  10000-3 0  6146
2 18331 014.2638 003.2969 0017021 040.6241 319.4940 01.01384098 83587
0 SL-12 R/B(2)
1 18331U 87073D   13292.59632003 -.00000249  00000-0  10000-3 0  6151
2 18331 014.2653 003.2552 0016790 040.5623 319.5459 01.01381995 83621
