0 SL-12 R/B(2)
1 18446U 87091D   13281.60462510 -.00000175  00000-0  00000+0 0   542
2 18446 014.5718 008.2859 0023561 132.1806 250.6735 01.00252774 83604
0 SL-12 R/B(2)
1 18446U 87091D   13287.31228372 -.00000190  00000-0  00000+0 0   561
2 18446 014.5750 008.2255 0023257 132.8568 150.0127 01.00252938 83659
0 SL-12 R/B(2)
1 18446U 87091D   13289.76689593 -.00000192  00000-0  00000+0 0   571
2 18446 014.5763 008.1994 0023089 132.8296 315.9633 01.00252645 83685
0 SL-12 R/B(2)
1 18446U 87091D   13290.51879694  .00000000  00000-0  10000-3 0   582
2 18446 014.5749 008.1873 0024159 128.8654 231.3368 01.00248073 83683
0 SL-12 R/B(2)
1 18446U 87091D   13292.44885207 -.00000191  00000-0  00000+0 0   580
2 18446 014.5778 008.1709 0022935 132.6761 204.0965 01.00252391 83706
0 SL-12 R/B(2)
1 18446U 87091D   13294.51186412 -.00000189  00000-0  00000+0 0   590
2 18446 014.5790 008.1491 0022909 132.4523 228.9099 01.00252001 83737
