0 WESTFORD NEEDLES
1 18543U 63014DJ  13283.29842310 -.00002403  00000-0 -74809+0 0  6862
2 18543 087.2016 221.5565 0873834 225.3215 302.6681 08.67943464718470
0 WESTFORD NEEDLES
1 18543U 63014DJ  13286.29467977 -.00002659  00000-0 -83294+0 0  6879
2 18543 087.1934 221.2532 0867015 221.8887 304.9640 08.67923001718733
0 WESTFORD NEEDLES
1 18543U 63014DJ  13289.28780863 -.00002912  00000-0 -92282+0 0  6883
2 18543 087.1620 220.9430 0853571 218.0326 297.6193 08.67901684718998
0 WESTFORD NEEDLES
1 18543U 63014DJ  13292.28829183 -.00002364  00000-0 -74686+0 0  6896
2 18543 087.1971 220.6407 0857681 215.0884 312.3354 08.67887536719253
0 WESTFORD NEEDLES
1 18543U 63014DJ  13294.76918314 -.00002427  00000-0 -76947+0 0  6900
2 18543 087.2069 220.3849 0853406 212.1778 143.9447 08.67879564719466
0 WESTFORD NEEDLES
1 18543U 63014DJ  13295.28497436 -.00002526  00000-0 -80018+0 0  6910
2 18543 087.2329 220.3382 0855186 211.8686 315.1773 08.67840265719515
