0 COSMOS 1823 DEB
1 18733U 87020L   13281.43813780 -.00000392  00000-0 -72864-3 0  3651
2 18733 073.4625 185.1684 0033558 109.9624 007.8616 13.35106351218949
0 COSMOS 1823 DEB
1 18733U 87020L   13282.85162023  .00000295  00000-0  62795-3 0  3668
2 18733 073.4646 182.9020 0037403 106.2343 322.9739 13.35110997219132
0 COSMOS 1823 DEB
1 18733U 87020L   13283.73643042 -.00000385  00000-0  10000-3 0  3686
2 18733 073.4543 181.4871 0027028 109.6209 250.8310 13.35105513219251
0 COSMOS 1823 DEB
1 18733U 87020L   13286.16590546  .00001439  00000-0  28829-2 0  3683
2 18733 073.4664 177.5878 0040253 100.1996 053.2983 13.35129184219578
0 COSMOS 1823 DEB
1 18733U 87020L   13287.13985782  .00001351  00000-0  27087-2 0  3690
2 18733 073.4661 176.0286 0039970 097.5625 055.5495 13.35125441219704
0 COSMOS 1823 DEB
1 18733U 87020L   13288.10582581  .00003141  00000-0  62359-2 0  3700
2 18733 073.4670 174.4791 0040988 096.1253 018.2535 13.35133720219834
0 COSMOS 1823 DEB
1 18733U 87020L   13290.62957973  .00002389  00000-0  10000-3 0  3723
2 18733 073.4633 170.4383 0038124 091.6005 268.9995 13.35145731220178
0 COSMOS 1823 DEB
1 18733U 87020L   13290.63629898  .00001850  00000-0  36871-2 0  3710
2 18733 073.4703 170.4230 0045295 091.5820 301.3004 13.35150938220176
0 COSMOS 1823 DEB
1 18733U 87020L   13291.11324285  .00003786  00000-0  74942-2 0  3728
2 18733 073.4697 169.6589 0045029 090.7324 073.7998 13.35164314220232
0 COSMOS 1823 DEB
1 18733U 87020L   13292.07759781  .00003097  00000-0  61442-2 0  3734
2 18733 073.4676 168.1155 0042894 088.3333 029.8194 13.35160522220363
0 COSMOS 1823 DEB
1 18733U 87020L   13293.79327691  .00002822  00000-0  55954-2 0  3742
2 18733 073.4707 165.3642 0046758 085.9000 355.9725 13.35173560220599
0 COSMOS 1823 DEB
1 18733U 87020L   13295.08147178  .00003443  00000-0  68131-2 0  3758
2 18733 073.4717 163.2994 0047817 083.9061 067.7055 13.35188897220761
