0 COSMOS 1823 DEB
1 18800U 87020AL  13283.47454986 -.00000088  00000-0 -53581-3 0  5739
2 18800 073.5932 196.8332 0048039 125.8764 348.9099 12.38695991167163
0 COSMOS 1823 DEB
1 18800U 87020AL  13285.71607912 -.00000072  00000-0 -41434-3 0  5745
2 18800 073.5930 193.8394 0048078 122.6067 264.6555 12.38695735167448
0 COSMOS 1823 DEB
1 18800U 87020AL  13288.16734788 -.00000083  00000-0 -50259-3 0  5757
2 18800 073.5928 190.5658 0048111 119.0319 035.6957 12.38695331167747
0 COSMOS 1823 DEB
1 18800U 87020AL  13290.18640977 -.00000072  00000-0 -41946-3 0  5760
2 18800 073.5926 187.8693 0048151 116.0876 039.3754 12.38695506167999
0 COSMOS 1823 DEB
1 18800U 87020AL  13292.43722784 -.00000081  00000-0 -48599-3 0  5779
2 18800 073.5920 184.8632 0048187 112.8406 356.4994 12.38695565168271
0 COSMOS 1823 DEB
1 18800U 87020AL  13295.09330044 -.00000064  00000-0 -35701-3 0  5781
2 18800 073.5915 181.3161 0048228 108.9755 320.8178 12.38695107168601
