0 ARIANE 3 R/B
1 18953U 88018C   13282.38286066  .00000333  00000-0  90106-3 0  2324
2 18953 006.9119 070.3475 7140338 225.5720 099.1708 02.37706442214038
0 ARIANE 3 R/B
1 18953U 88018C   13283.58298191  .00000508  00000-0  12290-2 0  2342
2 18953 006.9050 069.7957 7141189 226.6182 046.1702 02.37708804214050
0 ARIANE 3 R/B
1 18953U 88018C   13285.22515472  .00000344  00000-0  85287-3 0  2333
2 18953 006.9173 069.2102 7140140 227.8623 011.4414 02.37708371214102
0 ARIANE 3 R/B
1 18953U 88018C   13287.80591731  .00000431  00000-0  10307-2 0  2349
2 18953 006.9221 068.1817 7139856 229.9380 059.9258 02.37711669214165
0 ARIANE 3 R/B
1 18953U 88018C   13289.64233563  .00000362  00000-0  91770-3 0  2357
2 18953 006.9253 067.4505 7139700 231.4116 191.4514 02.37713308214203
0 ARIANE 3 R/B
1 18953U 88018C   13291.11262012  .00000282  00000-0  80343-3 0  2369
2 18953 006.9280 066.8643 7139684 232.5924 009.6626 02.37714707214241
0 ARIANE 3 R/B
1 18953U 88018C   13294.98520911  .00000284  00000-0  94328-3 0  2373
2 18953 006.9345 065.3238 7139576 235.6996 083.7148 02.37717024214337
