0 ARIANE 2 R/B
1 19122U 88040B   13281.74815234  .00000008  00000-0  69758-3 0  8977
2 19122 007.5264 356.8894 7153536 148.7379 096.7393 02.32057680165533
0 ARIANE 2 R/B
1 19122U 88040B   13283.69605734  .00000518  00000-0  27388-2 0  8995
2 19122 007.4994 356.2253 7154922 150.1575 284.0221 02.32059598165576
0 ARIANE 2 R/B
1 19122U 88040B   13283.76357278  .00000022  00000-0  90846-3 0  8989
2 19122 007.5260 356.1051 7153125 150.3048 340.4277 02.32059506165587
0 ARIANE 2 R/B
1 19122U 88040B   13285.78828272  .00000022  00000-0  87577-3 0  8998
2 19122 007.5255 355.3158 7152625 151.8806 231.8798 02.32060389165630
0 ARIANE 2 R/B
1 19122U 88040B   13290.34780000  .00000024  00000-0  57862-3 0  9001
2 19122 007.5248 353.5348 7151292 155.4312 080.9519 02.32064668165733
0 ARIANE 2 R/B
1 19122U 88040B   13292.52122030 -.00000035  00000-0  36038-3 0  9012
2 19122 007.5245 352.6864 7150858 157.1182 096.6798 02.32065668165783
0 ARIANE 2 R/B
1 19122U 88040B   13294.54681812 -.00000140  00000-0 -28266-4 0  9028
2 19122 007.5245 351.8955 7150322 158.6906 348.9167 02.32067037165832
