0 SL-16 DEB
1 19127U 88039E   13281.66550946  .00000132  00000-0  16578-3 0  6346
2 19127 070.9887 310.5063 0211871 303.2954 170.9918 13.71704245271161
0 SL-16 DEB
1 19127U 88039E   13284.05430387  .00000135  00000-0  16841-3 0  6355
2 19127 070.9885 305.8331 0211941 299.9563 087.1490 13.71705251271497
0 SL-16 DEB
1 19127U 88039E   13286.17644282  .00000101  00000-0  13621-3 0  6368
2 19127 070.9882 301.6815 0211964 296.9836 126.5414 13.71706112271783
0 SL-16 DEB
1 19127U 88039E   13288.45538125  .00000124  00000-0  15876-3 0  6379
2 19127 070.9883 297.2230 0212008 293.8010 220.2259 13.71706962272092
0 SL-16 DEB
1 19127U 88039E   13290.48647944  .00000089  00000-0  12511-3 0  6389
2 19127 070.9885 293.2492 0212033 290.9661 170.0495 13.71707566272374
0 SL-16 DEB
1 19127U 88039E   13292.60472634  .00000117  00000-0  15146-3 0  6397
2 19127 070.9887 289.1052 0212040 288.0112 190.2287 13.71707943272663
0 SL-16 DEB
1 19127U 88039E   13295.14893406  .00000131  00000-0  16543-3 0  6403
2 19127 070.9888 284.1280 0212036 284.4513 153.8732 13.71708755273014
