0 SL-14 DEB
1 19143U 78100P   13282.46425124  .00003565  00000-0  14971-1 0  2601
2 19143 081.6973 178.2381 0339907 008.4334 108.0181 12.66482610170662
0 SL-14 DEB
1 19143U 78100P   13285.77032839  .00002827  00000-0  11867-1 0  2628
2 19143 081.6981 175.8554 0339683 001.2407 061.4274 12.66500147171087
0 SL-14 DEB
1 19143U 78100P   13287.13337038  .00002917  00000-0  12249-1 0  2635
2 19143 081.6983 174.8736 0339542 358.2891 156.0018 12.66505983171255
0 SL-14 DEB
1 19143U 78100P   13288.16004255  .00003401  00000-0  14284-1 0  2642
2 19143 081.6982 174.1340 0339461 356.0469 156.9866 12.66512023171382
0 SL-14 DEB
1 19143U 78100P   13290.13533457  .00002825  00000-0  11862-1 0  2652
2 19143 081.6986 172.7116 0339239 351.7669 163.1213 12.66522601171635
0 SL-14 DEB
1 19143U 78100P   13291.16369954  .00002700  00000-0  11339-1 0  2667
2 19143 081.6983 171.9710 0339097 349.5315 171.8799 12.66528472171769
0 SL-14 DEB
1 19143U 78100P   13292.71988943  .00002617  00000-0  10992-1 0  2676
2 19143 081.6976 170.8500 0338848 346.1201 067.2818 12.66537201171968
0 SL-14 DEB
1 19143U 78100P   13294.08506196  .00002593  00000-0  10893-1 0  2688
2 19143 081.6973 169.8661 0338607 343.1495 171.7608 12.66542318172139
0 SL-14 DEB
1 19143U 78100P   13295.11502350  .00002388  00000-0  10035-1 0  2692
2 19143 081.6971 169.1236 0338400 340.9084 187.8701 12.66545786172266
0 SL-14 DEB
1 19143U 78100P   13296.13180839  .00002531  00000-0  10637-1 0  2709
2 19143 081.6973 168.3910 0338257 338.6847 143.9291 12.66551676172395
