0 COSMOS 886 DEB
1 19244U 76126CA  13283.86397175  .00000682  00000-0  17020-2 0  5405
2 19244 066.0509 202.3359 0722582 051.3558 007.5625 12.55137447945805
0 COSMOS 886 DEB
1 19244U 76126CA  13287.14140457  .00000742  00000-0  18386-2 0  5413
2 19244 066.0507 195.7791 0722895 049.9224 056.6458 12.55141726946218
0 COSMOS 886 DEB
1 19244U 76126CA  13290.07973615  .00000724  00000-0  17963-2 0  5420
2 19244 066.0501 189.9006 0723145 048.6379 013.5487 12.55147372946589
0 COSMOS 886 DEB
1 19244U 76126CA  13292.08244774  .00000679  00000-0  16910-2 0  5431
2 19244 066.0499 185.8941 0723320 047.7616 062.8677 12.55150565946831
0 COSMOS 886 DEB
1 19244U 76126CA  13294.77999515  .00000587  00000-0  14783-2 0  5444
2 19244 066.0496 180.4969 0723521 046.5807 011.8609 12.55154932947170
