0 COSMOS 839 DEB
1 20014U 76067BT  13279.71436593  .00000342  00000-0  12753-2 0  6191
2 20014 065.9009 046.1442 0673801 168.9636 312.1670 12.43462623903424
0 COSMOS 839 DEB
1 20014U 76067BT  13282.45074683  .00000280  00000-0  10758-2 0  6200
2 20014 065.9011 040.7625 0673518 167.8915 321.4541 12.43466855903761
0 COSMOS 839 DEB
1 20014U 76067BT  13285.42635175  .00000154  00000-0  67242-3 0  6211
2 20014 065.9016 034.9108 0673153 166.7291 321.6553 12.43469665904136
0 COSMOS 839 DEB
1 20014U 76067BT  13288.30212277  .00000245  00000-0  96713-3 0  6222
2 20014 065.9019 029.2560 0672774 165.6007 234.9854 12.43471705904496
0 COSMOS 839 DEB
1 20014U 76067BT  13291.37793581  .00000073  00000-0  41429-3 0  6239
2 20014 065.9016 023.2079 0672271 164.3944 323.8286 12.43474574904876
