0 COSMOS 2024 (ETALON 2)
1 20026U 89039C   13281.63954427  .00000066  00000-0  10000-3 0  6481
2 20026 064.4984 108.9194 0016277 220.2396 260.5793 02.13204844189699
0 COSMOS 2024 (ETALON 2)
1 20026U 89039C   13282.71864078  .00000066  00000-0  10000-3 0  6494
2 20026 064.4988 108.8822 0016284 220.2390 008.8261 02.13204849189713
0 COSMOS 2024 (ETALON 2)
1 20026U 89039C   13283.77541098  .00000071  00000-0  10000-3 0  6503
2 20026 064.4986 108.8459 0016260 220.1776 099.9979 02.13204865189735
0 COSMOS 2024 (ETALON 2)
1 20026U 89039C   13286.17485894  .00000085  00000-0  10000-3 0  6528
2 20026 064.4994 108.7635 0016246 220.2053 141.6337 02.13204865189791
0 COSMOS 2024 (ETALON 2)
1 20026U 89039C   13287.38456378  .00000087  00000-0  10000-3 0  6530
2 20026 064.4997 108.7219 0016230 220.1699 350.1615 02.13204870189815
0 COSMOS 2024 (ETALON 2)
1 20026U 89039C   13288.56368828  .00000083  00000-0  10000-3 0  6540
2 20026 064.5000 108.6814 0016225 220.1220 175.2298 02.13204866189846
0 COSMOS 2024 (ETALON 2)
1 20026U 89039C   13289.90871478  .00000070  00000-0  10000-3 0  6556
2 20026 064.5004 108.6352 0016218 220.1101 127.5979 02.13204859189867
0 COSMOS 2024 (ETALON 2)
1 20026U 89039C   13291.09846894  .00000056  00000-0  10000-3 0  6568
2 20026 064.5007 108.5942 0016236 220.1100 320.7763 02.13204839189892
0 COSMOS 2024 (ETALON 2)
1 20026U 89039C   13292.12183721  .00000044  00000-0  10000-3 0  6574
2 20026 064.5010 108.5590 0016236 220.1080 026.2503 02.13204831189917
0 COSMOS 2024 (ETALON 2)
1 20026U 89039C   13293.13860598  .00000035  00000-0  10000-3 0  6581
2 20026 064.5012 108.5241 0016237 220.1018 086.6628 02.13204820189932
0 COSMOS 2024 (ETALON 2)
1 20026U 89039C   13294.33127627  .00000031  00000-0  10000-3 0  6590
2 20026 064.5016 108.4831 0016240 220.1257 282.0559 02.13204802189967
0 COSMOS 2024 (ETALON 2)
1 20026U 89039C   13295.60089641  .00000036  00000-0  10000-3 0  6601
2 20026 064.5020 108.4395 0016240 220.1490 176.5108 02.13204777189997
