0 SL-14 R/B
1 20262U 89080C   13282.33402152  .00000293  00000-0  79480-4 0  6705
2 20262 082.5973 198.3899 1240550 086.1001 288.0651 12.48232562 93634
0 SL-14 R/B
1 20262U 89080C   13283.37599933  .00000279  00000-0  75227-4 0  6714
2 20262 082.5974 197.7241 1240567 083.7281 290.3318 12.48232871 93763
0 SL-14 R/B
1 20262U 89080C   13286.18129649  .00000330  00000-0  90994-4 0  6737
2 20262 082.5974 195.9314 1240569 077.3425 296.3217 12.48233913 94117
0 SL-14 R/B
1 20262U 89080C   13287.30340473  .00000383  00000-0  10731-3 0  6741
2 20262 082.5973 195.2143 1240563 074.7887 298.6732 12.48234357 94251
0 SL-14 R/B
1 20262U 89080C   13288.82625603  .00000480  00000-0  13698-3 0  6754
2 20262 082.5971 194.2412 1240536 071.3222 301.8264 12.48235887 94440
0 SL-14 R/B
1 20262U 89080C   13290.34909650  .00000469  00000-0  13380-3 0  6767
2 20262 082.5969 193.2681 1240525 067.8553 304.9374 12.48237379 94634
0 SL-14 R/B
1 20262U 89080C   13292.11237205  .00000464  00000-0  13240-3 0  6775
2 20262 082.5966 192.1412 1240508 063.8418 308.4876 12.48238695 94850
0 SL-14 R/B
1 20262U 89080C   13293.15430121  .00000477  00000-0  13654-3 0  6786
2 20262 082.5965 191.4753 1240474 061.4701 310.5606 12.48239609 94985
0 SL-14 R/B
1 20262U 89080C   13294.27637367  .00000430  00000-0  12227-3 0  6796
2 20262 082.5964 190.7581 1240453 058.9164 312.7733 12.48240916 95121
0 SL-14 R/B
1 20262U 89080C   13295.31829316  .00000449  00000-0  12836-3 0  6807
2 20262 082.5964 190.0922 1240431 056.5443 314.8110 12.48241858 95255
