0 OSCAR 16 (PACSAT)
1 20439U 90005D   13281.81868087  .00000117  00000-0  59226-4 0  8584
2 20439 098.4804 219.2512 0011131 176.7004 237.0884 14.32210905238504
0 OSCAR 16 (PACSAT)
1 20439U 90005D   13283.07820957  .00000110  00000-0  56801-4 0  8598
2 20439 098.4806 220.4828 0011209 173.1163 251.0252 14.32211917238681
0 OSCAR 16 (PACSAT)
1 20439U 90005D   13286.08239852  .00000102  00000-0  53898-4 0  8617
2 20439 098.4813 223.4204 0011388 164.4935 260.2500 14.32212836239116
0 OSCAR 16 (PACSAT)
1 20439U 90005D   13287.42410994  .00000118  00000-0  59824-4 0  8627
2 20439 098.4816 224.7324 0011476 160.5712 338.0223 14.32213279239303
0 OSCAR 16 (PACSAT)
1 20439U 90005D   13288.80611149  .00000178  00000-0  82085-4 0  8637
2 20439 098.4819 226.0839 0011552 156.8743 263.1890 14.32213994239503
0 OSCAR 16 (PACSAT)
1 20439U 90005D   13289.85576584  .00000174  00000-0  80428-4 0  8642
2 20439 098.4821 227.1103 0011602 154.0221 274.9232 14.32214755239651
0 OSCAR 16 (PACSAT)
1 20439U 90005D   13291.40802848  .00000187  00000-0  85413-4 0  8655
2 20439 098.4823 228.6285 0011673 149.8609 357.9181 14.32215316239873
0 OSCAR 16 (PACSAT)
1 20439U 90005D   13292.45398271  .00000202  00000-0  90922-4 0  8661
2 20439 098.4824 229.6516 0011719 146.9630 350.6360 14.32215752240027
0 OSCAR 16 (PACSAT)
1 20439U 90005D   13293.83609174  .00000225  00000-0  99423-4 0  8672
2 20439 098.4823 231.0035 0011787 143.1694 276.4644 14.32216384240227
0 OSCAR 16 (PACSAT)
1 20439U 90005D   13294.87952248  .00000229  00000-0  10069-3 0  8683
2 20439 098.4824 232.0242 0011831 140.3445 256.1099 14.32216893240372
