0 DEBUT (ORIZURU)
1 20479U 90013B   13283.04796955  .00000026  00000-0  13030-3 0  6813
2 20479 099.0213 291.0428 0539321 193.4905 235.1522 12.83753363109234
0 DEBUT (ORIZURU)
1 20479U 90013B   13285.86585773 -.00000001  00000-0  68659-4 0  6833
2 20479 099.0208 293.3263 0539442 187.0992 298.0558 12.83753961109599
0 DEBUT (ORIZURU)
1 20479U 90013B   13287.17838353 -.00000001  00000-0  69314-4 0  6844
2 20479 099.0207 294.3900 0539481 184.1222 243.9114 12.83754030109768
0 DEBUT (ORIZURU)
1 20479U 90013B   13288.52455564  .00000010  00000-0  92153-4 0  6850
2 20479 099.0206 295.4807 0539526 181.0698 345.2657 12.83754192109934
0 DEBUT (ORIZURU)
1 20479U 90013B   13289.52490904 -.00000011  00000-0  45028-4 0  6860
2 20479 099.0206 296.2912 0539560 178.8031 288.4119 12.83754360110067
0 DEBUT (ORIZURU)
1 20479U 90013B   13290.69624072 -.00000023  00000-0  18210-4 0  6872
2 20479 099.0208 297.2402 0539598 176.1460 301.7383 12.83754583110218
0 DEBUT (ORIZURU)
1 20479U 90013B   13292.16633759 -.00000017  00000-0  29926-4 0  6888
2 20479 099.0210 298.4312 0539647 172.8129 255.8116 12.83754625110405
0 DEBUT (ORIZURU)
1 20479U 90013B   13293.51193670  .00000001  00000-0  69796-4 0  6893
2 20479 099.0210 299.5211 0539678 169.7615 354.5201 12.83754453110573
0 DEBUT (ORIZURU)
1 20479U 90013B   13294.51534229  .00000007  00000-0  82637-4 0  6900
2 20479 099.0211 300.3340 0539710 167.4876 311.7748 12.83754371110704
0 DEBUT (ORIZURU)
1 20479U 90013B   13296.14120133  .00000009  00000-0  86570-4 0  6919
2 20479 099.0211 301.6514 0539759 163.8035 265.7046 12.83754568110911
