0 SL-8 R/B
1 20578U 90036B   13281.51716682  .00000181  00000-0  17019-3 0  3862
2 20578 082.9405 280.3194 0014059 140.8083 016.5768 13.76256210178587
0 SL-8 R/B
1 20578U 90036B   13282.60190770  .00000180  00000-0  16943-3 0  3872
2 20578 082.9405 279.5139 0014111 138.1351 350.5911 13.76256869178731
0 SL-8 R/B
1 20578U 90036B   13283.62158400  .00000175  00000-0  16369-3 0  3886
2 20578 082.9405 278.7566 0014149 135.5085 002.3780 13.76257263178872
0 SL-8 R/B
1 20578U 90036B   13286.14785113  .00000135  00000-0  12274-3 0  3903
2 20578 082.9406 276.8804 0014236 128.9399 278.3405 13.76258089179224
0 SL-8 R/B
1 20578U 90036B   13287.48205199  .00000136  00000-0  12424-3 0  3911
2 20578 082.9408 275.8894 0014271 125.6056 048.2815 13.76258528179404
0 SL-8 R/B
1 20578U 90036B   13288.49527205  .00000170  00000-0  15897-3 0  3924
2 20578 082.9410 275.1368 0014298 123.0017 028.0828 13.76258974179544
0 SL-8 R/B
1 20578U 90036B   13289.51278209  .00000147  00000-0  13536-3 0  3938
2 20578 082.9412 274.3811 0014331 120.2956 029.2305 13.76259371179689
0 SL-8 R/B
1 20578U 90036B   13290.52442494  .00000156  00000-0  14445-3 0  3941
2 20578 082.9414 273.6297 0014346 117.7894 001.1270 13.76259471179826
0 SL-8 R/B
1 20578U 90036B   13292.55803317  .00000174  00000-0  16293-3 0  3955
2 20578 082.9417 272.1194 0014374 112.7739 356.0402 13.76259704180104
0 SL-8 R/B
1 20578U 90036B   13294.66858332  .00000189  00000-0  17828-3 0  3968
2 20578 082.9418 270.5523 0014388 107.4742 012.2363 13.76260209180393
