0 SMS 2 AKM
1 20835U 75011F   13281.08684706 -.00000074  00000-0  10000-3 0  2557
2 20835 013.2692 329.3563 0093654 003.7243 356.3415 00.98585961 71017
0 SMS 2 AKM
1 20835U 75011F   13285.14407903 -.00000014  00000-0  10000-3 0  2565
2 20835 013.2655 329.3161 0093566 003.8570 356.1981 00.98585182 71051
0 SMS 2 AKM
1 20835U 75011F   13287.17272719 -.00000007  00000-0  10000-3 0  2578
2 20835 013.2635 329.2966 0093352 004.0276 356.0316 00.98585239 71076
0 SMS 2 AKM
1 20835U 75011F   13290.21563009 -.00000031  00000-0  10000-3 0  2580
2 20835 013.2608 329.2688 0093340 004.0986 355.9492 00.98585935 71102
0 SMS 2 AKM
1 20835U 75011F   13290.21566459  .00000000  00000-0  10000-3 0  2587
2 20835 013.2607 329.2693 0093531 003.8225 356.2264 00.98581842 71106
0 SMS 2 AKM
1 20835U 75011F   13291.22993034 -.00000047  00000-0  10000-3 0  2595
2 20835 013.2598 329.2576 0093569 003.8957 356.1448 00.98586242 71111
0 SMS 2 AKM
1 20835U 75011F   13293.25852493 -.00000090  00000-0  10000-3 0  2603
2 20835 013.2579 329.2379 0093556 003.9633 356.0761 00.98587043 71138
