0 RADUGA 26
1 21016U 90112A   13281.86064486  .00000060  00000-0  00000+0 0  2134
2 21016 014.3075 020.7185 0004378 034.5361 326.2263 01.00287901 83787
0 RADUGA 26
1 21016U 90112A   13283.72887484  .00000055  00000-0  00000+0 0  2147
2 21016 014.3095 020.6980 0004269 033.7008 281.5849 01.00288742 83809
0 RADUGA 26
1 21016U 90112A   13285.73380792  .00000050  00000-0  00000+0 0  2156
2 21016 014.3115 020.6760 0004190 032.2247 286.9479 01.00289736 83824
0 RADUGA 26
1 21016U 90112A   13287.99241031  .00000047  00000-0  00000+0 0  2165
2 21016 014.3138 020.6510 0004174 030.1174 024.5394 01.00290714 83842
0 RADUGA 26
1 21016U 90112A   13290.87880453  .00000047  00000-0  00000+0 0  2174
2 21016 014.3167 020.6190 0004252 027.7868 349.0381 01.00291851 83874
0 RADUGA 26
1 21016U 90112A   13292.92358748  .00000048  00000-0  00000+0 0  2181
2 21016 014.3187 020.5965 0004352 026.9389 008.1896 01.00292492 83893
0 RADUGA 26
1 21016U 90112A   13295.82212712  .00000052  00000-0  00000+0 0  2199
2 21016 014.3217 020.5648 0004500 026.9806 334.7267 01.00293250 83921
