0 RADUGA 27
1 21132U 91014A   13279.95071798  .00000106  00000-0  10000-3 0  6888
2 21132 014.8298 021.4785 0003448 071.7831 288.2583 01.00235125 82821
0 RADUGA 27
1 21132U 91014A   13282.94353948  .00000098  00000-0  10000-3 0  6892
2 21132 014.8328 021.4443 0003623 071.8385 288.2034 01.00236401 82858
0 RADUGA 27
1 21132U 91014A   13287.93145139  .00000089  00000-0  10000-3 0  6909
2 21132 014.8378 021.3879 0003629 071.4881 288.5398 01.00238533 82908
0 RADUGA 27
1 21132U 91014A   13289.92659190  .00000088  00000-0  10000-3 0  6917
2 21132 014.8401 021.3649 0003438 075.1963 284.8222 01.00239339 82922
0 RADUGA 27
1 21132U 91014A   13292.91927647  .00000089  00000-0  10000-3 0  6927
2 21132 014.8432 021.3309 0003440 076.2034 283.8100 01.00240603 82956
