0 SL-8 DEB
1 21163U 91009AA  13281.16452194  .00000019  00000-0  28249-3 0  4273
2 21163 073.9456 340.0107 0139546 226.5262 162.8491 12.30527906 14817
0 SL-8 DEB
1 21163U 91009AA  13283.86670380  .00000043  00000-0  48591-3 0  4281
2 21163 073.9453 336.5294 0139538 222.6881 253.1969 12.30527981 15140
0 SL-8 DEB
1 21163U 91009AA  13286.12301252  .00000037  00000-0  43280-3 0  4296
2 21163 073.9447 333.6228 0139527 219.4989 168.3587 12.30528309 15428
0 SL-8 DEB
1 21163U 91009AA  13288.50143512  .00000057  00000-0  59672-3 0  4309
2 21163 073.9442 330.5585 0139487 216.1178 264.4947 12.30528622 15712
0 SL-8 DEB
1 21163U 91009AA  13290.54163331  .00000015  00000-0  25121-3 0  4314
2 21163 073.9439 327.9299 0139440 213.2199 302.3340 12.30529227 15968
0 SL-8 DEB
1 21163U 91009AA  13292.80889014  .00000040  00000-0  45330-3 0  4321
2 21163 073.9438 325.0084 0139361 209.9906 266.0311 12.30529390 16245
0 SL-8 DEB
1 21163U 91009AA  13295.15751200  .00000027  00000-0  34894-3 0  4336
2 21163 073.9437 321.9822 0139268 206.6480 230.1636 12.30529547 16534
