0 SL-8 DEB
1 21176U 91009AP  13280.79051227 -.00000009  00000-0  42466-4 0  1272
2 21176 074.0613 294.5370 0205855 048.3205 060.1053 12.17993964  4704
0 SL-8 DEB
1 21176U 91009AP  13283.07806260 -.00000145  00000-0 -12163-2 0  1283
2 21176 074.0611 291.6785 0205883 045.0677 010.5062 12.17995097  4986
0 SL-8 DEB
1 21176U 91009AP  13287.18860054  .00000117  00000-0  12129-2 0  1302
2 21176 074.0610 286.5417 0205942 039.2198 034.3323 12.17992369  5488
0 SL-8 DEB
1 21176U 91009AP  13289.42413127  .00000070  00000-0  77839-3 0  1315
2 21176 074.0613 283.7478 0206012 036.0394 116.6359 12.17993299  5755
0 SL-8 DEB
1 21176U 91009AP  13291.48181604 -.00000121  00000-0 -99718-3 0  1326
2 21176 074.0617 281.1763 0206041 033.1149 139.1200 12.17995116  6000
0 SL-8 DEB
1 21176U 91009AP  13294.17514542 -.00000099  00000-0 -78654-3 0  1337
2 21176 074.0619 277.8109 0206090 029.2869 068.7862 12.17994511  6332
