0 COSMOS 2142
1 21230U 91029A   13282.80282631  .00000043  00000-0  29931-4 0  5840
2 21230 082.9569 054.1318 0039197 136.5204 331.2342 13.73010682126717
0 COSMOS 2142
1 21230U 91029A   13283.81936515  .00000041  00000-0  27406-4 0  5853
2 21230 082.9572 053.3827 0039227 133.7781 315.7359 13.73010950126858
0 COSMOS 2142
1 21230U 91029A   13286.43771418  .00000023  00000-0  81833-5 0  5870
2 21230 082.9579 051.4533 0039333 126.6973 297.6112 13.73011073127213
0 COSMOS 2142
1 21230U 91029A   13287.46052887  .00000027  00000-0  12717-4 0  5885
2 21230 082.9581 050.6996 0039361 123.9420 313.1310 13.73011021127350
0 COSMOS 2142
1 21230U 91029A   13288.47996873  .00000056  00000-0  43173-4 0  5892
2 21230 082.9583 049.9485 0039347 121.2220 311.9440 13.73011015127497
0 COSMOS 2142
1 21230U 91029A   13289.79556639  .00000058  00000-0  45728-4 0  5902
2 21230 082.9584 048.9794 0039341 117.6848 334.6102 13.73010924127674
0 COSMOS 2142
1 21230U 91029A   13290.89414850  .00000064  00000-0  52616-4 0  5915
2 21230 082.9585 048.1701 0039365 114.7287 004.6260 13.73010991127826
0 COSMOS 2142
1 21230U 91029A   13292.05966203  .00000077  00000-0  66164-4 0  5927
2 21230 082.9584 047.3116 0039384 111.5936 005.4665 13.73011093127982
0 COSMOS 2142
1 21230U 91029A   13293.50775131  .00000076  00000-0  65235-4 0  5934
2 21230 082.9584 046.2448 0039380 107.7006 323.0055 13.73011335128183
0 COSMOS 2142
1 21230U 91029A   13294.82843532  .00000065  00000-0  53173-4 0  5948
2 21230 082.9584 045.2717 0039403 104.1655 010.7974 13.73011526128360
0 COSMOS 2142
1 21230U 91029A   13295.84882397  .00000042  00000-0  28788-4 0  5953
2 21230 082.9585 044.5200 0039346 101.4345 014.3086 13.73011607128502
