0 DELTA 1 DEB
1 21268U 75052D   13284.00205002  .00000555  00000-0  16443-2 0  8427
2 21268 099.8065 276.6740 0201194 090.8501 336.3939 13.05763898 69304
0 DELTA 1 DEB
1 21268U 75052D   13286.54044834  .00000259  00000-0  82314-3 0  8435
2 21268 099.8067 278.9871 0201180 085.0547 028.7584 13.05769167 69636
0 DELTA 1 DEB
1 21268U 75052D   13288.60956410 -.00000043  00000-0 -15525-4 0  8441
2 21268 099.8069 280.8725 0201138 080.3326 035.1706 13.05773116 69901
0 DELTA 1 DEB
1 21268U 75052D   13291.20282587 -.00000384  00000-0 -96059-3 0  8457
2 21268 099.8072 283.2356 0201067 074.4057 345.5093 13.05775313 70245
0 DELTA 1 DEB
1 21268U 75052D   13293.51232480 -.00000432  00000-0 -10924-2 0  8461
2 21268 099.8072 285.3401 0201031 069.1309 041.9586 13.05774163 70540
0 DELTA 1 DEB
1 21268U 75052D   13295.95198330 -.00000208  00000-0 -47074-3 0  8475
2 21268 099.8070 287.5634 0201035 063.5662 350.2513 13.05770703 70861
