0 DELTA 1 DEB
1 21290U 75052AB  13287.64937487 -.00000047  00000-0 -74157-4 0  3504
2 21290 099.5457 356.9447 0513437 025.6789 132.5803 12.42840786 18039
0 DELTA 1 DEB
1 21290U 75052AB  13289.87892731 -.00000056  00000-0 -11377-3 0  3518
2 21290 099.5455 358.7155 0513377 021.0698 028.1029 12.42840538 18311
0 DELTA 1 DEB
1 21290U 75052AB  13292.13616289 -.00000053  00000-0 -99061-4 0  3528
2 21290 099.5453 000.5083 0513319 016.3975 047.4908 12.42840524 18597
0 DELTA 1 DEB
1 21290U 75052AB  13294.14593279 -.00000044  00000-0 -55736-4 0  3536
2 21290 099.5451 002.1046 0513262 012.2350 039.6628 12.42840285 18845
0 DELTA 1 DEB
1 21290U 75052AB  13296.15840287 -.00000031  00000-0  33765-5 0  3548
2 21290 099.5447 003.7028 0513205 008.0698 043.9123 12.42839912 19093
