0 DELTA 1 DEB
1 21333U 75052BB  13280.84185308 -.00000001  00000-0  75074-4 0  4378
2 21333 099.9731 141.9458 0003727 004.0295 056.5971 13.44914560101218
0 DELTA 1 DEB
1 21333U 75052BB  13283.09291664  .00000013  00000-0  98352-4 0  4388
2 21333 099.9728 144.1790 0003650 358.4247 155.6754 13.44914769101510
0 DELTA 1 DEB
1 21333U 75052BB  13285.52984610  .00000030  00000-0  12757-3 0  4392
2 21333 099.9722 146.5966 0003567 352.3021 074.7279 13.44915097101849
0 DELTA 1 DEB
1 21333U 75052BB  13287.60482093  .00000035  00000-0  13626-3 0  4404
2 21333 099.9716 148.6551 0003496 346.8656 041.5027 13.44915404102125
0 DELTA 1 DEB
1 21333U 75052BB  13289.62056041  .00000018  00000-0  10721-3 0  4413
2 21333 099.9712 150.6548 0003427 341.4096 081.6438 13.44915779102398
0 DELTA 1 DEB
1 21333U 75052BB  13292.45932935  .00000018  00000-0  10618-3 0  4429
2 21333 099.9708 153.4707 0003349 334.4320 146.1651 13.44916224102778
0 DELTA 1 DEB
1 21333U 75052BB  13294.60319532  .00000024  00000-0  11659-3 0  4434
2 21333 099.9708 155.5971 0003310 328.7123 086.6140 13.44916571103068
