0 SL-12 R/B(2)
1 21536U 91046D   13279.14749635 -.00000225  00000-0  10000-3 0  2793
2 21536 014.0754 022.2829 0020782 117.4747 242.7407 01.00928788 77019
0 SL-12 R/B(2)
1 21536U 91046D   13284.10131373 -.00000168  00000-0  10000-3 0  2807
2 21536 014.0807 022.2269 0020730 117.6102 242.6014 01.00927120 77063
0 SL-12 R/B(2)
1 21536U 91046D   13290.04594137 -.00000075  00000-0  10000-3 0  2827
2 21536 014.0869 022.1591 0020649 116.7371 243.4504 01.00925804 77122
0 SL-12 R/B(2)
1 21536U 91046D   13293.01830449 -.00000024  00000-0  10000-3 0  2831
2 21536 014.0904 022.1255 0021019 117.0154 243.1702 01.00925473 77156
