0 COSMOS 2160
1 21731U 91068D   13281.48635762  .00000009  00000-0 -69513-5 0  8914
2 21731 082.5904 031.0273 0009188 115.4755 299.4560 12.64584024 16923
0 COSMOS 2160
1 21731U 91068D   13283.72177105 -.00000001  00000-0 -65296-4 0  8922
2 21731 082.5908 029.5969 0009149 111.0648 035.5042 12.64584211 17205
0 COSMOS 2160
1 21731U 91068D   13285.78373153  .00000001  00000-0 -51487-4 0  8938
2 21731 082.5911 028.2777 0009166 106.8821 062.0753 12.64584103 17468
0 COSMOS 2160
1 21731U 91068D   13288.13480277  .00000025  00000-0  79141-4 0  8949
2 21731 082.5912 026.7738 0009165 102.0725 324.7930 12.64583805 17765
0 COSMOS 2160
1 21731U 91068D   13290.42479970  .00000041  00000-0  16530-3 0  8953
2 21731 082.5909 025.3089 0009119 097.4421 309.4279 12.64583906 18055
0 COSMOS 2160
1 21731U 91068D   13292.74580287  .00000037  00000-0  14248-3 0  8964
2 21731 082.5906 023.8240 0009098 092.7345 075.2246 12.64584148 18346
0 COSMOS 2160
1 21731U 91068D   13294.80180207  .00000013  00000-0  10978-4 0  8973
2 21731 082.5905 022.5085 0009101 088.6254 074.5960 12.64584439 18603
