0 SL-14 DEB
1 21827U 91086D   13282.49979343  .00024641  00000-0  26059-2 0  5221
2 21827 082.4641 198.8520 0887611 084.0555 036.2526 13.50074830  8573
0 SL-14 DEB
1 21827U 91086D   13283.73697134  .00036962  00000-0  39133-2 0  5242
2 21827 082.4628 197.9072 0887638 080.6308 289.4449 13.50122733  8748
0 SL-14 DEB
1 21827U 91086D   13283.82172947  .00024734  00000-0  26160-2 0  5231
2 21827 082.4641 197.8351 0887393 080.5121 341.3104 13.50117057  8752
0 SL-14 DEB
1 21827U 91086D   13285.74888623  .00020369  00000-0  21517-2 0  5252
2 21827 082.4644 196.3525 0887189 075.3324 348.3700 13.50189135  9017
0 SL-14 DEB
1 21827U 91086D   13286.78472505  .00022119  00000-0  23368-2 0  5267
2 21827 082.4653 195.5565 0886999 072.5512 343.3373 13.50227317  9159
0 SL-14 DEB
1 21827U 91086D   13288.20472458  .00034584  00000-0  36510-2 0  5276
2 21827 082.4647 194.4637 0886711 068.7548 045.8678 13.50306396  9346
0 SL-14 DEB
1 21827U 91086D   13288.50076568  .00032998  00000-0  34836-2 0  5288
2 21827 082.4646 194.2358 0886654 067.9628 044.9632 13.50318354  9380
0 SL-14 DEB
1 21827U 91086D   13290.70217248  .00027030  00000-0  28543-2 0  5295
2 21827 082.4633 192.5347 0886433 062.0291 306.8160 13.50438353  9683
0 SL-14 DEB
1 21827U 91086D   13290.78701759  .00032146  00000-0  33927-2 0  5294
2 21827 082.4645 192.4762 0886126 061.8308 359.2665 13.50434979  9694
0 SL-14 DEB
1 21827U 91086D   13292.21198015  .00027609  00000-0  29099-2 0  5304
2 21827 082.4643 191.3790 0885923 058.0092 087.0343 13.50515300  9881
0 SL-14 DEB
1 21827U 91086D   13293.52657462  .00033185  00000-0  34970-2 0  5316
2 21827 082.4638 190.3671 0885619 054.4852 358.5759 13.50580791 10063
0 SL-14 DEB
1 21827U 91086D   13294.86369823  .00038925  00000-0  41000-2 0  5325
2 21827 082.4635 189.3376 0885292 050.8973 019.9994 13.50655991 10245
0 SL-14 DEB
1 21827U 91086D   13295.53209854  .00038949  00000-0  41021-2 0  5337
2 21827 082.4633 188.8229 0885119 049.1036 030.0617 13.50693733 10335
