0 DELTA 2 R/B(1)
1 22176U 92066B   13281.16789867  .00000092  00000-0  64197-3 0  9584
2 22176 025.0789 177.6233 0965747 094.6011 061.6695 10.85549763833307
0 DELTA 2 R/B(1)
1 22176U 92066B   13285.21418289  .00000123  00000-0  11841-2 0  9594
2 22176 025.0795 164.6068 0965623 116.8796 034.4670 10.85549786833740
0 DELTA 2 R/B(1)
1 22176U 92066B   13289.60313406  .00000101  00000-0  69559-3 0  9604
2 22176 025.0803 150.4884 0965623 141.0419 266.4025 10.85550358834223
0 DELTA 2 R/B(1)
1 22176U 92066B   13293.84557753  .00000104  00000-0  67310-3 0  9617
2 22176 025.0823 136.8421 0965658 164.4047 285.7913 10.85550982834687
