0 MOLNIYA 3-42
1 22178U 92067A   13282.91549508  .00000258  00000-0  55675-3 0  5982
2 22178 062.7450 291.1104 7291792 285.5893 329.9862 02.20392900154580
0 MOLNIYA 3-42
1 22178U 92067A   13286.54554902  .00000163  00000-0  52885-3 0  5995
2 22178 062.7477 290.4513 7290006 285.6319 330.1358 02.20395071154661
0 MOLNIYA 3-42
1 22178U 92067A   13289.22964949  .00000100  00000-0  55780-3 0  6000
2 22178 062.7496 289.9642 7288792 285.6623 299.7658 02.20397453154721
0 MOLNIYA 3-42
1 22178U 92067A   13292.04483588  .00000078  00000-0  51482-3 0  6019
2 22178 062.7520 289.4533 7287564 285.6930 013.4311 02.20399070154791
0 MOLNIYA 3-42
1 22178U 92067A   13295.40285453  .00000076  00000-0  39201-3 0  6027
2 22178 062.7547 288.8453 7286057 285.7300 157.8135 02.20402447154860
