0 LAGEOS 2
1 22195U 92070B   13281.46151412 -.00000009  00000-0  00000+0 0  7555
2 22195 052.6660 315.8935 0137326 321.0808 155.1138 06.47294029495571
0 LAGEOS 2
1 22195U 92070B   13283.78506065 -.00000009  00000-0  00000+0 0  7561
2 22195 052.6655 314.4247 0137324 322.0965 169.5762 06.47294070495724
0 LAGEOS 2
1 22195U 92070B   13285.78662213 -.00000009  00000-0  00000+0 0  7572
2 22195 052.6651 313.1595 0137325 322.9717 153.7306 06.47294082495853
0 LAGEOS 2
1 22195U 92070B   13288.09813527 -.00000009  00000-0  00000+0 0  7586
2 22195 052.6646 311.6983 0137327 323.9829 140.1529 06.47294064496003
0 LAGEOS 2
1 22195U 92070B   13290.11404191 -.00000009  00000-0  00000+0 0  7596
2 22195 052.6642 310.4238 0137330 324.8651 157.7360 06.47294041496132
0 LAGEOS 2
1 22195U 92070B   13292.42557865 -.00000009  00000-0  00000+0 0  7601
2 22195 052.6639 308.9624 0137344 325.8780 144.2116 06.47294041496284
0 LAGEOS 2
1 22195U 92070B   13294.59271050 -.00000009  00000-0  00000+0 0  7611
2 22195 052.6636 307.5923 0137353 326.8276 154.1860 06.47294070496423
