0 OPS 9315 (IDSCS 5)
1 02219U 66053F   13281.60494797 -.00000087  00000-0  00000+0 0  8113
2 02219 000.7518 007.2561 0053306 128.9914 224.2016 01.07398585 89616
0 OPS 9315 (IDSCS 5)
1 02219U 66053F   13283.47782495  .00000000  00000-0  10000-3 0  8125
2 02219 000.7514 004.7837 0053411 131.5685 228.2325 01.07394882 89794
0 OPS 9315 (IDSCS 5)
1 02219U 66053F   13285.32929971 -.00000117  00000-0  00000+0 0  8128
2 02219 000.7520 007.7610 0053405 128.4973 224.1843 01.07398970 89658
0 OPS 9315 (IDSCS 5)
1 02219U 66053F   13289.05363215 -.00000095  00000-0  00000+0 0  8131
2 02219 000.7537 008.0950 0053013 128.9342 223.4019 01.07398430 89699
0 OPS 9315 (IDSCS 5)
1 02219U 66053F   13292.77799865 -.00000128  00000-0  00000+0 0  8146
2 02219 000.7562 008.1068 0052983 129.0292 223.2953 01.07399191 89734
0 OPS 9315 (IDSCS 5)
1 02219U 66053F   13295.57126154 -.00000091  00000-0  00000+0 0  8152
2 02219 000.7603 008.5088 0053042 128.6394 223.2876 01.07398517 89769
