0 SL-16 DEB
1 22224U 92076F   13282.68427466  .00000056  00000-0  91013-4 0  9455
2 22224 070.9922 011.4199 0193776 083.3455 028.8931 13.74126074 47804
0 SL-16 DEB
1 22224U 92076F   13287.18649009  .00000093  00000-0  12540-3 0  9474
2 22224 070.9918 002.5796 0193852 076.8828 340.7719 13.74126559 48426
0 SL-16 DEB
1 22224U 92076F   13289.38353778  .00000093  00000-0  12550-3 0  9485
2 22224 070.9913 358.2657 0193869 073.7217 049.2954 13.74127452 48722
0 SL-16 DEB
1 22224U 92076F   13291.41375103  .00000083  00000-0  11561-3 0  9499
2 22224 070.9910 354.2790 0193919 070.8089 012.5063 13.74128019 49000
0 SL-16 DEB
1 22224U 92076F   13293.52921536  .00000080  00000-0  11271-3 0  9507
2 22224 070.9907 350.1248 0193989 067.7798 037.4427 13.74128584 49296
0 SL-16 DEB
1 22224U 92076F   13296.07203044  .00000096  00000-0  12829-3 0  9515
2 22224 070.9906 345.1314 0194052 064.1318 016.4428 13.74129285 49640
