0 SL-14 R/B
1 22237U 92080B   13282.47225605  .00000244  00000-0  30922-4 0  1400
2 22237 082.5098 289.9985 0018449 287.7221 225.2039 14.77633637124507
0 SL-14 R/B
1 22237U 92080B   13283.55512234  .00000236  00000-0  29763-4 0  1410
2 22237 082.5097 288.9920 0018442 283.8511 225.8232 14.77634032124664
0 SL-14 R/B
1 22237U 92080B   13285.83982291  .00000253  00000-0  32173-4 0  1437
2 22237 082.5096 286.8682 0018461 275.7737 139.8649 14.77635118125007
0 SL-14 R/B
1 22237U 92080B   13287.13802794  .00000291  00000-0  37481-4 0  1441
2 22237 082.5096 285.6613 0018461 271.3627 205.8195 14.77636066125191
0 SL-14 R/B
1 22237U 92080B   13288.14003255  .00000412  00000-0  54363-4 0  1452
2 22237 082.5097 284.7297 0018504 267.7143 136.3478 14.77637506125349
0 SL-14 R/B
1 22237U 92080B   13289.15631644  .00000358  00000-0  46894-4 0  1463
2 22237 082.5099 283.7848 0018548 264.0738 142.7862 14.77638560125495
0 SL-14 R/B
1 22237U 92080B   13290.46446480  .00000389  00000-0  51136-4 0  1471
2 22237 082.5101 282.5686 0018590 259.4630 261.8171 14.77639417125681
0 SL-14 R/B
1 22237U 92080B   13291.47131359  .00000383  00000-0  50358-4 0  1489
2 22237 082.5103 281.6325 0018635 255.9343 217.9908 14.77640030125835
0 SL-14 R/B
1 22237U 92080B   13292.49452535  .00000427  00000-0  56437-4 0  1498
2 22237 082.5105 280.6813 0018686 252.3422 261.2210 14.77640549125982
0 SL-14 R/B
1 22237U 92080B   13293.50911845  .00000457  00000-0  60612-4 0  1500
2 22237 082.5106 279.7382 0018737 248.8021 258.5810 14.77641323126139
0 SL-14 R/B
1 22237U 92080B   13294.78110410  .00000476  00000-0  63281-4 0  1517
2 22237 082.5107 278.5559 0018814 244.3364 185.2315 14.77642295126326
0 SL-14 R/B
1 22237U 92080B   13296.06272130  .00000430  00000-0  56830-4 0  1521
2 22237 082.5107 277.3647 0018897 239.8930 163.0658 14.77643185126514
