0 SL-16 DEB
1 22425U 92093DS  13283.13574117  .00000140  00000-0  13460-3 0   537
2 22425 071.1761 160.8276 0115935 330.2640 193.1104 13.92738186 53254
0 SL-16 DEB
1 22425U 92093DS  13285.84985500  .00000173  00000-0  15866-3 0   548
2 22425 071.1755 155.3825 0116031 326.2598 121.2453 13.92739023 53633
0 SL-16 DEB
1 22425U 92093DS  13288.08960221  .00000225  00000-0  19662-3 0   557
2 22425 071.1750 150.8893 0116113 322.9506 190.9892 13.92740314 53945
0 SL-16 DEB
1 22425U 92093DS  13290.72934951  .00000133  00000-0  12947-3 0   560
2 22425 071.1748 145.5932 0116189 319.0586 106.2760 13.92741669 54315
0 SL-16 DEB
1 22425U 92093DS  13292.74248013  .00000165  00000-0  15289-3 0   579
2 22425 071.1748 141.5541 0116253 316.0981 119.8070 13.92742440 54597
0 SL-16 DEB
1 22425U 92093DS  13295.53367684  .00000189  00000-0  17080-3 0   583
2 22425 071.1749 135.9541 0116340 311.9969 074.4483 13.92743763 54988
