0 SL-16 DEB
1 22443U 92093EL  13282.14375266  .00004451  00000-0  18926-2 0  4962
2 22443 071.1054 084.0651 0080484 106.6922 006.9682 14.23998296 64014
0 SL-16 DEB
1 22443U 92093EL  13283.62086999  .00004871  00000-0  20689-2 0  4974
2 22443 071.1057 080.9345 0080409 104.3628 019.3035 14.24010321 64225
0 SL-16 DEB
1 22443U 92093EL  13285.87408369  .00004136  00000-0  17599-2 0  4994
2 22443 071.1051 076.1571 0080205 100.8460 050.3130 14.24023573 64545
0 SL-16 DEB
1 22443U 92093EL  13287.19040554  .00004391  00000-0  18668-2 0  5003
2 22443 071.1052 073.3657 0080105 098.7414 318.4925 14.24031768 64739
0 SL-16 DEB
1 22443U 92093EL  13288.24626678  .00006352  00000-0  26908-2 0  5013
2 22443 071.1054 071.1267 0079961 097.0471 331.4512 14.24043533 64883
0 SL-16 DEB
1 22443U 92093EL  13289.79213201  .00005948  00000-0  25205-2 0  5028
2 22443 071.1058 067.8484 0079695 094.5610 336.5410 14.24058731 65106
0 SL-16 DEB
1 22443U 92093EL  13291.19595293  .00004670  00000-0  19836-2 0  5034
2 22443 071.1062 064.8716 0079517 092.2874 333.5051 14.24072848 65301
0 SL-16 DEB
1 22443U 92093EL  13292.82897064  .00004513  00000-0  19175-2 0  5049
2 22443 071.1065 061.4094 0079320 089.6679 065.5472 14.24085517 65532
0 SL-16 DEB
1 22443U 92093EL  13294.14483336  .00005210  00000-0  22101-2 0  5058
2 22443 071.1063 058.6193 0079176 087.5584 331.6781 14.24095039 65720
0 SL-16 DEB
1 22443U 92093EL  13295.48600297  .00005934  00000-0  25138-2 0  5060
2 22443 071.1063 055.7754 0079064 085.3760 007.6315 14.24106681 65919
