0 SL-16 DEB
1 22442U 92093EK  13281.01874241  .00002079  00000-0  10147-2 0  3468
2 22442 071.1108 246.8990 0147998 092.6625 020.5517 14.13572005 59417
0 SL-16 DEB
1 22442U 92093EK  13283.07300199  .00002874  00000-0  13938-2 0  3477
2 22442 071.1113 242.6194 0147962 089.5010 034.4350 14.13584737 59703
0 SL-16 DEB
1 22442U 92093EK  13285.68062108  .00002634  00000-0  12786-2 0  3486
2 22442 071.1108 237.1847 0148177 085.3983 344.5166 14.13597732 60074
0 SL-16 DEB
1 22442U 92093EK  13287.95325922  .00004350  00000-0  20960-2 0  3495
2 22442 071.1109 232.4477 0148359 081.8545 029.9629 14.13611325 60397
0 SL-16 DEB
1 22442U 92093EK  13290.29643270  .00003844  00000-0  18534-2 0  3508
2 22442 071.1111 227.5637 0148629 078.1987 074.4999 14.13627048 60723
0 SL-16 DEB
1 22442U 92093EK  13292.61385692  .00003599  00000-0  17358-2 0  3518
2 22442 071.1112 222.7344 0148775 074.6242 348.0864 14.13641480 61057
0 SL-16 DEB
1 22442U 92093EK  13294.80133566  .00004418  00000-0  21245-2 0  3524
2 22442 071.1105 218.1752 0149057 071.2379 320.4940 14.13656310 61360
