0 OXP 1
1 22489U 93009A   13282.48344222  .00000464  00000-0  79970-4 0  9418
2 22489 024.9660 323.8054 0041344 156.0267 359.4800 14.44128335 90599
0 OXP 1
1 22489U 93009A   13283.51314341  .00000451  00000-0  76256-4 0  9423
2 22489 024.9659 317.4678 0041301 166.9384 312.7046 14.44128721 90741
0 OXP 1
1 22489U 93009A   13286.12814326  .00000445  00000-0  74241-4 0  9448
2 22489 024.9659 301.3732 0041219 194.6745 227.5882 14.44129973 91125
0 OXP 1
1 22489U 93009A   13287.16602397  .00000487  00000-0  86347-4 0  9453
2 22489 024.9658 294.9854 0041196 205.6903 223.3279 14.44130538 91278
0 OXP 1
1 22489U 93009A   13288.41997610  .00000621  00000-0  12439-3 0  9468
2 22489 024.9658 287.2679 0041133 219.0628 262.3204 14.44131806 91452
0 OXP 1
1 22489U 93009A   13289.45974662  .00000505  00000-0  91327-4 0  9471
2 22489 024.9656 280.8685 0041091 230.1726 267.8168 14.44132831 91607
0 OXP 1
1 22489U 93009A   13291.17973274  .00000534  00000-0  99820-4 0  9480
2 22489 024.9655 270.2823 0041119 248.4478 209.6884 14.44133723 91857
0 OXP 1
1 22489U 93009A   13292.36131869  .00000572  00000-0  11061-3 0  9491
2 22489 024.9654 263.0100 0041169 260.9853 232.5443 14.44134593 92027
0 OXP 1
1 22489U 93009A   13294.15541826  .00000577  00000-0  11194-3 0  9502
2 22489 024.9652 251.9677 0041261 279.9309 199.8473 14.44136464 92284
0 OXP 1
1 22489U 93009A   13295.33326917  .00000608  00000-0  12081-3 0  9517
2 22489 024.9650 244.7184 0041322 292.3945 203.3296 14.44137701 92456
