0 SL-8 R/B
1 22488U 93008B   13282.84620019  .00000043  00000-0  28064-4 0  7157
2 22488 082.9463 000.2532 0025844 041.0561 096.9375 13.77586438 38888
0 SL-8 R/B
1 22488U 93008B   13284.20966604  .00000077  00000-0  61292-4 0  7160
2 22488 082.9462 359.2391 0025766 037.3541 018.6710 13.77586551 39078
0 SL-8 R/B
1 22488U 93008B   13285.36976913  .00000084  00000-0  68237-4 0  7177
2 22488 082.9462 358.3764 0025690 034.1426 011.9448 13.77586595 39235
0 SL-8 R/B
1 22488U 93008B   13286.38729253  .00000093  00000-0  77355-4 0  7185
2 22488 082.9460 357.6198 0025628 031.3362 018.1162 13.77586610 39370
0 SL-8 R/B
1 22488U 93008B   13287.78542512  .00000105  00000-0  90036-4 0  7197
2 22488 082.9456 356.5800 0025536 027.4330 111.8772 13.77586805 39567
0 SL-8 R/B
1 22488U 93008B   13289.14912211  .00000113  00000-0  97387-4 0  7203
2 22488 082.9453 355.5658 0025435 023.5744 034.9141 13.77587193 39755
0 SL-8 R/B
1 22488U 93008B   13290.30825571  .00000102  00000-0  86720-4 0  7213
2 22488 082.9450 354.7036 0025361 020.3502 023.3977 13.77587448 39918
0 SL-8 R/B
1 22488U 93008B   13291.33023473  .00000095  00000-0  80320-4 0  7220
2 22488 082.9448 353.9435 0025294 017.4715 051.7281 13.77587718 40057
0 SL-8 R/B
1 22488U 93008B   13292.34256559  .00000101  00000-0  85361-4 0  7234
2 22488 082.9446 353.1904 0025227 014.6512 032.1800 13.77588049 40191
0 SL-8 R/B
1 22488U 93008B   13293.52178696  .00000102  00000-0  86483-4 0  7248
2 22488 082.9445 352.3131 0025141 011.3796 120.2798 13.77588288 40354
0 SL-8 R/B
1 22488U 93008B   13294.53952413  .00000095  00000-0  79969-4 0  7250
2 22488 082.9445 351.5559 0025059 008.5732 127.5164 13.77588504 40498
0 SL-8 R/B
1 22488U 93008B   13296.18747199  .00000098  00000-0  83365-4 0  7265
2 22488 082.9445 350.3300 0024955 003.8014 020.3685 13.77588879 40723
