0 SL-16 DEB
1 22543U 92093HD  13282.66293074  .00005251  00000-0  23179-2 0  2206
2 22543 071.3669 003.2599 0105688 214.5459 268.1513 14.20752663 58405
0 SL-16 DEB
1 22543U 92093HD  13284.19352567  .00005478  00000-0  24164-2 0  2216
2 22543 071.3670 000.0739 0105662 212.2580 176.5837 14.20767798 58620
0 SL-16 DEB
1 22543U 92093HD  13285.62555618  .00004597  00000-0  20308-2 0  2225
2 22543 071.3675 357.0932 0105627 210.1203 300.9664 14.20780178 58825
0 SL-16 DEB
1 22543U 92093HD  13287.14982984  .00004309  00000-0  19045-2 0  2232
2 22543 071.3679 353.9211 0105543 207.8437 177.2127 14.20794264 59048
0 SL-16 DEB
1 22543U 92093HD  13288.20728274  .00006747  00000-0  29693-2 0  2249
2 22543 071.3679 351.7207 0105470 206.2640 185.8452 14.20808196 59199
0 SL-16 DEB
1 22543U 92093HD  13289.64228389  .00005851  00000-0  25775-2 0  2253
2 22543 071.3677 348.7344 0105353 204.1336 325.6209 14.20820242 59396
0 SL-16 DEB
1 22543U 92093HD  13291.16417726  .00004541  00000-0  20048-2 0  2262
2 22543 071.3670 345.5669 0105248 201.7727 190.0053 14.20836064 59619
0 SL-16 DEB
1 22543U 92093HD  13292.59590897  .00004567  00000-0  20163-2 0  2278
2 22543 071.3664 342.5867 0105129 199.5624 313.2830 14.20846981 59810
0 SL-16 DEB
1 22543U 92093HD  13294.12078390  .00005043  00000-0  22238-2 0  2284
2 22543 071.3659 339.4125 0105042 197.1375 193.1231 14.20859545 60033
0 SL-16 DEB
1 22543U 92093HD  13295.47601979  .00005778  00000-0  25447-2 0  2299
2 22543 071.3661 336.5912 0104841 195.1465 285.1401 14.20869809 60228
