0 SL-16 DEB
1 22544U 92093HE  13282.54114824  .00004504  00000-0  20756-2 0  7785
2 22544 071.2482 119.0880 0151902 120.2533 270.5152 14.15596966 52050
0 SL-16 DEB
1 22544U 92093HE  13285.95621042  .00004922  00000-0  22656-2 0  7806
2 22544 071.2479 111.9968 0151856 114.8781 034.3399 14.15619715 52536
0 SL-16 DEB
1 22544U 92093HE  13287.63689444  .00006683  00000-0  30672-2 0  7817
2 22544 071.2479 108.5058 0151767 112.2343 319.5611 14.15636325 52772
0 SL-16 DEB
1 22544U 92093HE  13289.61483889  .00007321  00000-0  33571-2 0  7824
2 22544 071.2484 104.3983 0151666 109.0885 319.8888 14.15660031 53054
0 SL-16 DEB
1 22544U 92093HE  13291.52255259  .00006302  00000-0  28937-2 0  7834
2 22544 071.2495 100.4370 0151188 106.4550 322.0623 14.15683956 53326
0 SL-16 DEB
1 22544U 92093HE  13292.88080612  .00005977  00000-0  27448-2 0  7847
2 22544 071.2502 097.6154 0151122 104.0674 044.6625 14.15700003 53514
0 SL-16 DEB
1 22544U 92093HE  13294.85293744  .00007848  00000-0  35972-2 0  7859
2 22544 071.2503 093.5185 0150750 100.7362 015.9992 14.15721906 53790
0 SL-16 DEB
1 22544U 92093HE  13296.12398309  .00007203  00000-0  33036-2 0  7869
2 22544 071.2508 090.8805 0150584 098.8223 013.9788 14.15737991 53974
