0 SL-14 R/B
1 23005U 94011G   13282.82710516  .00000055  00000-0  27568-3 0  3569
2 23005 082.5732 101.1473 0041809 035.2065 093.3243 12.55175875900671
0 SL-14 R/B
1 23005U 94011G   13287.51330069  .00000009  00000-0 -66241-5 0  3586
2 23005 082.5735 098.1943 0041623 024.7997 028.4550 12.55176634901262
0 SL-14 R/B
1 23005U 94011G   13289.84282199 -.00000003  00000-0 -79977-4 0  3599
2 23005 082.5740 096.7265 0041522 019.5443 114.7597 12.55176526901557
0 SL-14 R/B
1 23005U 94011G   13292.07524958  .00000021  00000-0  65003-4 0  3605
2 23005 082.5745 095.3199 0041442 014.6242 122.2161 12.55176463901839
0 SL-14 R/B
1 23005U 94011G   13294.87217851  .00000036  00000-0  15726-3 0  3619
2 23005 082.5747 093.5578 0041316 008.3839 160.5051 12.55176159902188
