0 SL-16 R/B
1 23088U 94023B   13282.86204603 -.00000280  00000-0 -12083-3 0  7632
2 23088 071.0006 227.6048 0004867 317.2357 106.7220 14.14537834  5158
0 SL-16 R/B
1 23088U 94023B   13284.06674109 -.00000270  00000-0 -11570-3 0  7648
2 23088 071.0006 225.0768 0004844 316.6686 120.1704 14.14536861  5327
0 SL-16 R/B
1 23088U 94023B   13286.41205934 -.00000177  00000-0 -67484-4 0  7669
2 23088 071.0006 220.1555 0004846 314.2574 182.1586 14.14535183  5657
0 SL-16 R/B
1 23088U 94023B   13288.18210884 -.00000074  00000-0 -13858-4 0  7678
2 23088 071.0006 216.4414 0004847 312.6253 194.7751 14.14533876  5904
0 SL-16 R/B
1 23088U 94023B   13289.38140619 -.00000014  00000-0  17547-4 0  7682
2 23088 071.0005 213.9250 0004852 311.6308 181.1596 14.14533351  6073
0 SL-16 R/B
1 23088U 94023B   13290.78238149  .00000067  00000-0  59788-4 0  7695
2 23088 071.0004 210.9855 0004857 310.4300 114.4509 14.14532997  6274
0 SL-16 R/B
1 23088U 94023B   13292.21385492  .00000142  00000-0  98867-4 0  7706
2 23088 071.0002 207.9819 0004871 309.0911 203.1394 14.14532786  6472
0 SL-16 R/B
1 23088U 94023B   13293.34108280  .00000187  00000-0  12242-3 0  7711
2 23088 071.0003 205.6167 0004887 308.1995 182.5248 14.14532984  6639
0 SL-16 R/B
1 23088U 94023B   13294.81488079  .00000244  00000-0  15197-3 0  7728
2 23088 071.0003 202.5242 0004901 306.9964 126.5426 14.14533458  6844
0 SL-16 R/B
1 23088U 94023B   13296.17581844  .00000286  00000-0  17402-3 0  7731
2 23088 071.0004 199.6685 0004952 305.7342 216.0720 14.14533845  7039
