0 ETS 6
1 23230U 94056A   13282.44410813 -.00000066  00000-0  10000-3 0  4672
2 23230 013.4205 256.4935 5076678 188.5419 157.6423 01.67092955116804
0 ETS 6
1 23230U 94056A   13285.43449126 -.00000072  00000-0  10000-3 0  4681
2 23230 013.4126 256.2518 5077066 189.0009 156.4403 01.67092878116858
0 ETS 6
1 23230U 94056A   13289.62108777 -.00000111  00000-0  10000-3 0  4695
2 23230 013.3982 255.9062 5076986 189.6490 154.7807 01.67092663116926
0 ETS 6
1 23230U 94056A   13292.01352644 -.00000123  00000-0  10000-3 0  4701
2 23230 013.3910 255.7090 5077273 190.0204 153.8978 01.67092635116967
0 ETS 6
1 23230U 94056A   13295.00398136 -.00000112  00000-0  10000-3 0  4718
2 23230 013.3813 255.4579 5077829 190.4899 152.7339 01.67092548117018
