0 EXPRESS 1
1 23319U 94067A   13282.53481750  .00000038  00000-0  10000-3 0  3611
2 23319 011.3892 043.6473 0007355 105.4015 254.6834 00.99830501 69346
0 EXPRESS 1
1 23319U 94067A   13283.53648436  .00000000  00000-0  10000-3 0  3639
2 23319 011.3928 043.6348 0007247 111.3409 248.7465 00.99826875 69354
0 EXPRESS 1
1 23319U 94067A   13284.53812198  .00000015  00000-0  10000-3 0  3623
2 23319 011.3927 043.6236 0007395 105.0328 255.0550 00.99831262 69366
0 EXPRESS 1
1 23319U 94067A   13286.54139835 -.00000009  00000-0  10000-3 0  3631
2 23319 011.3961 043.6000 0007414 105.2799 254.8055 00.99831981 69386
0 EXPRESS 1
1 23319U 94067A   13288.54463384 -.00000032  00000-0  10000-3 0  3649
2 23319 011.3998 043.5758 0007592 104.6662 255.4137 00.99832735 69403
0 EXPRESS 1
1 23319U 94067A   13290.54782684 -.00000054  00000-0  10000-3 0  3654
2 23319 011.4032 043.5526 0007595 105.7426 254.3121 00.99833298 69427
0 EXPRESS 1
1 23319U 94067A   13292.55103913 -.00000077  00000-0  10000-3 0  3665
2 23319 011.4068 043.5290 0007567 107.3526 252.6899 00.99833819 69446
0 EXPRESS 1
1 23319U 94067A   13294.55426563 -.00000100  00000-0  10000-3 0  3674
2 23319 011.4102 043.5060 0007495 109.8098 250.2268 00.99834235 69460
