0 SL-8 R/B
1 23466U 95002D   13281.75825867  .00000047  00000-0  33785-4 0  6516
2 23466 082.9280 185.1887 0034502 355.0899 057.0409 13.74270559938214
0 SL-8 R/B
1 23466U 95002D   13283.87316201  .00000056  00000-0  43237-4 0  6522
2 23466 082.9280 183.6209 0034365 349.1690 080.2892 13.74270678938503
0 SL-8 R/B
1 23466U 95002D   13286.14948664  .00000077  00000-0  66121-4 0  6530
2 23466 082.9278 181.9336 0034212 342.7610 182.1874 13.74270550938819
0 SL-8 R/B
1 23466U 95002D   13288.25429701  .00000073  00000-0  61246-4 0  6540
2 23466 082.9273 180.3734 0034102 336.7054 155.6641 13.74270597939103
0 SL-8 R/B
1 23466U 95002D   13290.29431102  .00000073  00000-0  61236-4 0  6555
2 23466 082.9269 178.8613 0033988 330.8852 168.5154 13.74271018939389
0 SL-8 R/B
1 23466U 95002D   13292.33234051  .00000050  00000-0  36825-4 0  6568
2 23466 082.9267 177.3504 0033881 325.0829 171.5377 13.74271293939669
0 SL-8 R/B
1 23466U 95002D   13294.78878806  .00000018  00000-0  35416-5 0  6572
2 23466 082.9265 175.5293 0033756 318.0576 084.6907 13.74271461940004
