0 H-2 R/B(2)
1 23523U 95011C   13281.42051480  .00012229  00000-0  24216-2 0   691
2 23523 025.4181 033.3135 6741156 193.7211 346.5675 02.99041855187296
0 H-2 R/B(2)
1 23523U 95011C   13282.42369623  .00013474  00000-0  26433-2 0   701
2 23523 025.4209 032.7900 6741035 194.6164 346.5837 02.99070649187320
0 H-2 R/B(2)
1 23523U 95011C   13283.42754603  .00013349  00000-0  26030-2 0   713
2 23523 025.4241 032.2666 6740926 195.5127 347.4223 02.99096712187358
0 H-2 R/B(2)
1 23523U 95011C   13283.55399269  .00012789  00000-0  23780-2 0   716
2 23523 025.4123 032.1977 6742017 195.6229 123.5758 02.99098350187354
0 H-2 R/B(2)
1 23523U 95011C   13285.84888821  .00011364  00000-0  22137-2 0   732
2 23523 025.4306 031.0040 6740689 197.6740 074.8226 02.99151512187425
0 H-2 R/B(2)
1 23523U 95011C   13287.14097931  .00011808  00000-0  23111-2 0   748
2 23523 025.4336 030.3301 6740556 198.8286 026.3976 02.99180554187467
0 H-2 R/B(2)
1 23523U 95011C   13288.14346454  .00014455  00000-0  28285-2 0   755
2 23523 025.4361 029.8071 6740436 199.7241 026.1681 02.99207021187493
0 H-2 R/B(2)
1 23523U 95011C   13289.42977287  .00014227  00000-0  27722-2 0   764
2 23523 025.4384 029.1355 6740432 200.8733 331.7893 02.99242600187539
0 H-2 R/B(2)
1 23523U 95011C   13290.59949220  .00015281  00000-0  29495-2 0   771
2 23523 025.4407 028.5245 6740458 201.9177 151.9609 02.99274263187579
0 H-2 R/B(2)
1 23523U 95011C   13291.78710119  .00014658  00000-0  28117-2 0   784
2 23523 025.4428 027.9034 6740406 202.9839 351.5391 02.99306028187605
0 H-2 R/B(2)
1 23523U 95011C   13292.78994638  .00013735  00000-0  26214-2 0   797
2 23523 025.4449 027.3796 6740336 203.8824 352.1489 02.99331744187634
0 H-2 R/B(2)
1 23523U 95011C   13293.83552588  .00013342  00000-0  25293-2 0   800
2 23523 025.4467 026.8330 6740241 204.8192 038.9043 02.99357226187667
0 H-2 R/B(2)
1 23523U 95011C   13295.37276619  .00013745  00000-0  25801-2 0   812
2 23523 025.4489 026.0288 6739994 206.1956 255.6723 02.99399596187716
