0 PAKSAT 1 (ANATOLIA 1)
1 23779U 96006A   13279.37350982 -.00000183  00000-0  10000-3 0   312
2 23779 001.5716 075.5015 0010674 060.6887 300.1133 00.99590838 64659
0 PAKSAT 1 (ANATOLIA 1)
1 23779U 96006A   13281.38124172 -.00000161  00000-0  10000-3 0   323
2 23779 001.5758 075.4810 0010541 061.2634 299.3943 00.99590217 64678
0 PAKSAT 1 (ANATOLIA 1)
1 23779U 96006A   13283.38920060 -.00000140  00000-0  10000-3 0   333
2 23779 001.5801 075.4640 0010309 062.4271 298.1584 00.99589673 64694
0 PAKSAT 1 (ANATOLIA 1)
1 23779U 96006A   13285.39745532 -.00000117  00000-0  10000-3 0   340
2 23779 001.5844 075.4445 0010118 063.0532 297.5643 00.99589210 64718
0 PAKSAT 1 (ANATOLIA 1)
1 23779U 96006A   13287.40578099 -.00000090  00000-0  10000-3 0   357
2 23779 001.5888 075.4267 0010161 062.9021 297.7701 00.99588847 64731
0 PAKSAT 1 (ANATOLIA 1)
1 23779U 96006A   13289.41391680 -.00000059  00000-0  10000-3 0   365
2 23779 001.5939 075.4489 0009959 063.6070 297.0003 00.99588280 64750
0 PAKSAT 1 (ANATOLIA 1)
1 23779U 96006A   13290.41800014 -.00000043  00000-0  10000-3 0   377
2 23779 001.5955 075.4023 0010259 062.9923 297.6606 00.99588541 64762
0 PAKSAT 1 (ANATOLIA 1)
1 23779U 96006A   13292.42562760 -.00000011  00000-0  10000-3 0   389
2 23779 001.5998 075.3807 0010317 062.9420 297.5164 00.99588489 64786
