0 COSMOS 985 DEB
1 23836U 78007D   13282.44924407  .00000893  00000-0  64461-3 0  2474
2 23836 082.9318 094.0341 0043737 057.2560 331.7332 13.95206250282901
0 COSMOS 985 DEB
1 23836U 78007D   13283.45363855  .00000900  00000-0  64922-3 0  2482
2 23836 082.9318 093.2631 0043682 054.4199 336.4840 13.95207596283046
0 COSMOS 985 DEB
1 23836U 78007D   13286.19701451  .00000921  00000-0  66534-3 0  2499
2 23836 082.9322 091.1574 0043410 046.4680 075.8142 13.95211776283425
0 COSMOS 985 DEB
1 23836U 78007D   13287.20117049  .00000955  00000-0  69006-3 0  2502
2 23836 082.9324 090.3866 0043331 043.5640 079.4569 13.95213487283567
0 COSMOS 985 DEB
1 23836U 78007D   13288.20472402  .00001155  00000-0  83687-3 0  2515
2 23836 082.9326 089.6162 0043252 040.6534 080.0891 13.95216998283703
0 COSMOS 985 DEB
1 23836U 78007D   13289.20928420  .00000940  00000-0  67893-3 0  2525
2 23836 082.9328 088.8452 0043172 037.7467 085.7811 13.95219366283842
0 COSMOS 985 DEB
1 23836U 78007D   13290.77430910  .00001026  00000-0  74204-3 0  2532
2 23836 082.9331 087.6440 0043058 033.2097 026.5966 13.95222272284062
0 COSMOS 985 DEB
1 23836U 78007D   13292.14925034  .00001092  00000-0  79105-3 0  2540
2 23836 082.9332 086.5887 0042955 029.2217 092.6783 13.95223932284256
0 COSMOS 985 DEB
1 23836U 78007D   13293.15348762  .00001186  00000-0  85982-3 0  2554
2 23836 082.9333 085.8180 0042882 026.2840 096.8121 13.95225738284396
0 COSMOS 985 DEB
1 23836U 78007D   13294.15782584  .00001188  00000-0  86154-3 0  2564
2 23836 082.9332 085.0472 0042802 023.3377 101.4660 13.95228421284535
0 COSMOS 985 DEB
1 23836U 78007D   13296.16576567  .00001206  00000-0  87440-3 0  2570
2 23836 082.9332 083.5062 0042665 017.4138 107.1303 13.95233730284816
