0 PEGASUS DEB
1 23986U 94029AG  13282.42850793  .00004188  00000-0  41001-3 0  3035
2 23986 082.0508 047.7943 0081422 224.4892 171.4239 14.89580705935264
0 PEGASUS DEB
1 23986U 94029AG  13286.81035383  .00004626  00000-0  45268-3 0  3050
2 23986 082.0514 043.3900 0081565 209.9853 269.3166 14.89607115935912
0 PEGASUS DEB
1 23986U 94029AG  13289.08313877  .00005381  00000-0  52653-3 0  3065
2 23986 082.0521 041.1060 0081704 202.4825 217.4471 14.89631761936250
0 PEGASUS DEB
1 23986U 94029AG  13291.09755943  .00005559  00000-0  54362-3 0  3070
2 23986 082.0525 039.0817 0081794 195.8302 220.2189 14.89648037936559
0 PEGASUS DEB
1 23986U 94029AG  13293.11279227  .00004919  00000-0  48041-3 0  3088
2 23986 082.0526 037.0568 0081965 189.2301 227.4207 14.89668361936852
0 PEGASUS DEB
1 23986U 94029AG  13295.32963116  .00005472  00000-0  53434-3 0  3098
2 23986 082.0520 034.8291 0082093 181.8866 236.0290 14.89686560937187
