0 AMC-1 (GE-1)
1 24315U 96054A   13282.38178582 -.00000116  00000-0  10000-3 0  1891
2 24315 000.0592 037.3352 0003225 154.4657 220.8297 01.00272236 62573
0 AMC-1 (GE-1)
1 24315U 96054A   13286.08735016 -.00000126  00000-0  10000-3 0  1917
2 24315 000.0557 053.3106 0003238 137.1651 119.7925 01.00271156 62603
0 AMC-1 (GE-1)
1 24315U 96054A   13287.45237409 -.00000127  00000-0  10000-3 0  1924
2 24315 000.0579 054.4041 0003106 144.3955 244.2183 01.00271389 62628
0 AMC-1 (GE-1)
1 24315U 96054A   13288.54496859 -.00000127  00000-0  10000-3 0  1932
2 24315 000.0604 054.5580 0003114 142.4784 280.3920 01.00271403 62632
0 AMC-1 (GE-1)
1 24315U 96054A   13290.15283698 -.00000124  00000-0  10000-3 0  1945
2 24315 000.0638 054.7548 0003214 143.3631 139.7269 01.00271458 62641
0 AMC-1 (GE-1)
1 24315U 96054A   13291.35696609 -.00000122  00000-0  10000-3 0  1957
2 24315 000.0663 055.6707 0003193 146.7212 210.1255 01.00271571 62661
0 AMC-1 (GE-1)
1 24315U 96054A   13292.49374959 -.00000120  00000-0  10000-3 0  1963
2 24315 000.0730 053.0492 0003089 139.5027 270.3317 01.00271540 62671
0 AMC-1 (GE-1)
1 24315U 96054A   13293.56419330 -.00000118  00000-0  10000-3 0  1973
2 24315 000.0745 053.5551 0003152 140.3110 295.4313 01.00271524 62689
0 AMC-1 (GE-1)
1 24315U 96054A   13294.62612441 -.00000116  00000-0  10000-3 0  1988
2 24315 000.0763 054.5298 0003107 138.1357 319.9705 01.00271438 62698
