0 EXPRESS 2
1 24435U 96058A   13280.87889920 -.00000192  00000-0  00000+0 0  8600
2 24435 012.7722 037.6606 0004504 198.6937 182.6604 01.00214276 62373
0 EXPRESS 2
1 24435U 96058A   13283.08213812 -.00000194  00000-0  00000+0 0  8610
2 24435 012.7757 037.6348 0004656 199.8742 256.3751 01.00214098 62395
0 EXPRESS 2
1 24435U 96058A   13285.49179826 -.00000194  00000-0  00000+0 0  8624
2 24435 012.7793 037.6066 0004809 201.8452 043.7696 01.00213913 62418
0 EXPRESS 2
1 24435U 96058A   13287.85855381 -.00000191  00000-0  00000+0 0  8631
2 24435 012.7829 037.5786 0004892 204.2685 175.2328 01.00213650 62447
0 EXPRESS 2
1 24435U 96058A   13289.80001351  .00000000  00000-0  10000-3 0  8664
2 24435 012.7850 037.5550 0004402 202.9586 157.0041 01.00209508 62450
0 EXPRESS 2
1 24435U 96058A   13289.87253196 -.00000186  00000-0  00000+0 0  8646
2 24435 012.7859 037.5547 0004905 206.2693 179.8426 01.00213410 62466
0 EXPRESS 2
1 24435U 96058A   13291.94970087 -.00000180  00000-0  00000+0 0  8657
2 24435 012.7890 037.5302 0004867 207.9120 207.6090 01.00213057 62486
0 EXPRESS 2
1 24435U 96058A   13294.57432786 -.00000171  00000-0  00000+0 0  8669
2 24435 012.7930 037.4995 0004796 209.7170 072.7269 01.00212534 62505
