0 THAICOM 3
1 24768U 97016A   13282.15317661 -.00000227  00000-0  10000-3 0  7923
2 24768 006.2964 058.9831 0080514 294.4733 064.7462 00.98755097 60195
0 THAICOM 3
1 24768U 97016A   13284.17830892 -.00000239  00000-0  10000-3 0  7937
2 24768 006.3005 058.9617 0080575 294.6178 064.6020 00.98754791 60218
0 THAICOM 3
1 24768U 97016A   13290.25367920 -.00000161  00000-0  10000-3 0  7945
2 24768 006.3126 058.8989 0080587 294.7642 064.4309 00.98752860 60272
0 THAICOM 3
1 24768U 97016A   13294.30387647 -.00000061  00000-0  10000-3 0  7953
2 24768 006.3210 058.8560 0080563 294.6595 064.4716 00.98751525 60315
