0 IRIDIUM 920
1 24871U 97034C   13281.34394218  .00000328  00000-0  10036-3 0  1341
2 24871 086.4019 214.0323 0014037 093.8488 059.9051 14.38693741852495
0 IRIDIUM 920
1 24871U 97034C   13282.45336360  .00000356  00000-0  10958-3 0  1353
2 24871 086.4020 213.5659 0013986 090.7777 045.3517 14.38696256852650
0 IRIDIUM 920
1 24871U 97034C   13282.45336360  .00000356  00000-0  10958-3 0  1364
2 24871 086.4020 213.5659 0013986 090.7777 045.3517 14.38696256852650
0 IRIDIUM 920
1 24871U 97034C   13283.42751764  .00000335  00000-0  10265-3 0  1370
2 24871 086.4022 213.1564 0013973 088.0640 050.3018 14.38696843852797
0 IRIDIUM 920
1 24871U 97034C   13284.40137207  .00000344  00000-0  10567-3 0  1385
2 24871 086.4023 212.7470 0013964 085.3411 053.7136 14.38697248852939
0 IRIDIUM 920
1 24871U 97034C   13285.44403084  .00000306  00000-0  93270-4 0  1391
2 24871 086.4024 212.3086 0013902 082.4695 053.4102 14.38697832853089
0 IRIDIUM 920
1 24871U 97034C   13286.41808949  .00000331  00000-0  10151-3 0  1404
2 24871 086.4026 211.8992 0013853 079.7376 057.8939 14.38698306853220
0 IRIDIUM 920
1 24871U 97034C   13287.39203834  .00000378  00000-0  11677-3 0  1410
2 24871 086.4027 211.4897 0013790 076.9868 061.8297 14.38698938853364
0 IRIDIUM 920
1 24871U 97034C   13288.50060416  .00000518  00000-0  16239-3 0  1427
2 24871 086.4027 211.0238 0013713 073.8327 042.9539 14.38700323853529
0 IRIDIUM 920
1 24871U 97034C   13289.40703383  .00000399  00000-0  12353-3 0  1435
2 24871 086.4027 210.6428 0013644 071.2954 057.2008 14.38701503853651
0 IRIDIUM 920
1 24871U 97034C   13290.38275321  .00000443  00000-0  13794-3 0  1441
2 24871 086.4026 210.2328 0013594 068.5421 070.3137 14.38702128853795
0 IRIDIUM 920
1 24871U 97034C   13291.35654757  .00000424  00000-0  13173-3 0  1454
2 24871 086.4024 209.8235 0013532 065.8099 073.4440 14.38702794853933
0 IRIDIUM 920
1 24871U 97034C   13292.39807870  .00000435  00000-0  13539-3 0  1464
2 24871 086.4024 209.3859 0013462 062.8290 067.4346 14.38703588854089
0 IRIDIUM 920
1 24871U 97034C   13293.37339867  .00000448  00000-0  13953-3 0  1474
2 24871 086.4023 208.9760 0013375 060.0106 078.5532 14.38704500854224
0 IRIDIUM 920
1 24871U 97034C   13294.34724890  .00000436  00000-0  13549-3 0  1485
2 24871 086.4023 208.5668 0013270 057.1084 082.1510 14.38705669854362
0 IRIDIUM 920
1 24871U 97034C   13295.32063844  .00000442  00000-0  13739-3 0  1498
2 24871 086.4023 208.1577 0013171 054.2930 083.2806 14.38706498854502
