0 PEGASUS R/B
1 24921U 97047B   13280.88613558 -.00000039  00000-0  76496-5 0  4864
2 24921 069.9745 033.7152 0018295 086.3673 052.4793 14.25158842837816
0 PEGASUS R/B
1 24921U 97047B   13282.48358179  .00000022  00000-0  33658-4 0  4871
2 24921 069.9747 030.1269 0018314 083.8506 328.6351 14.25159104838043
0 PEGASUS R/B
1 24921U 97047B   13283.83578885  .00000111  00000-0  71462-4 0  4884
2 24921 069.9748 027.0894 0018343 081.6984 066.5471 14.25158608838231
0 PEGASUS R/B
1 24921U 97047B   13286.78272988  .00000094  00000-0  64234-4 0  4908
2 24921 069.9748 020.4699 0018367 077.0216 066.7053 14.25159588838656
0 PEGASUS R/B
1 24921U 97047B   13287.83446201  .00000038  00000-0  40652-4 0  4913
2 24921 069.9746 018.1075 0018406 075.3667 062.9147 14.25160688838803
0 PEGASUS R/B
1 24921U 97047B   13289.43256536  .00000006  00000-0  26826-4 0  4924
2 24921 069.9744 014.5178 0018424 072.8205 342.4780 14.25161498839030
0 PEGASUS R/B
1 24921U 97047B   13290.49735890  .00000073  00000-0  55275-4 0  4932
2 24921 069.9742 012.1261 0018460 071.1681 045.6930 14.25161258839184
0 PEGASUS R/B
1 24921U 97047B   13291.76675877  .00000148  00000-0  87288-4 0  4944
2 24921 069.9740 009.2746 0018507 069.1823 078.7133 14.25160846839368
0 PEGASUS R/B
1 24921U 97047B   13293.51735947  .00000186  00000-0  10336-3 0  4956
2 24921 069.9738 005.3423 0018553 066.4864 060.6274 14.25161365839611
0 PEGASUS R/B
1 24921U 97047B   13294.78216382  .00000121  00000-0  75727-4 0  4969
2 24921 069.9738 002.5012 0018595 064.5442 070.0275 14.25162596839793
