0 AMC-3 (GE-3)
1 24936U 97050A   13281.38700396 -.00000283  00000-0  10000-3 0  7048
2 24936 000.0320 277.9337 0002076 314.3740 217.2166 01.00271341 58979
0 AMC-3 (GE-3)
1 24936U 97050A   13282.85325123 -.00000288  00000-0  10000-3 0  7058
2 24936 000.0283 278.0578 0002264 310.0447 030.7185 01.00271382 58987
0 AMC-3 (GE-3)
1 24936U 97050A   13283.25015030 -.00000289  00000-0  10000-3 0  7068
2 24936 000.0247 286.0150 0002322 300.4482 175.6289 01.00270949 58992
0 AMC-3 (GE-3)
1 24936U 97050A   13284.25906132 -.00000292  00000-0  10000-3 0  7076
2 24936 000.0217 286.9666 0002353 298.8539 180.4688 01.00270470 59006
0 AMC-3 (GE-3)
1 24936U 97050A   13285.27359485 -.00000295  00000-0  10000-3 0  7086
2 24936 000.0201 294.7225 0002385 291.7105 186.0831 01.00270154 59015
0 AMC-3 (GE-3)
1 24936U 97050A   13286.08826492 -.00000297  00000-0  10000-3 0  7096
2 24936 000.0187 295.3847 0002403 289.2768 121.9390 01.00270348 59016
0 AMC-3 (GE-3)
1 24936U 97050A   13288.24862575 -.00000298  00000-0  10000-3 0  7101
2 24936 000.0184 290.5579 0002331 283.5693 192.3358 01.00270740 59041
0 AMC-3 (GE-3)
1 24936U 97050A   13289.25848466 -.00000297  00000-0  10000-3 0  7116
2 24936 000.0170 291.4865 0002347 274.4631 205.0594 01.00270737 59053
0 AMC-3 (GE-3)
1 24936U 97050A   13290.55233282 -.00000294  00000-0  10000-3 0  7123
2 24936 000.0148 272.0271 0002000 301.0522 304.9779 01.00269779 59065
0 AMC-3 (GE-3)
1 24936U 97050A   13291.34322061 -.00000293  00000-0  10000-3 0  7135
2 24936 000.0167 271.9442 0002498 308.2640 223.3506 01.00270587 59077
0 AMC-3 (GE-3)
1 24936U 97050A   13293.24861751 -.00000289  00000-0  10000-3 0  7146
2 24936 000.0207 277.0788 0002520 304.1422 190.1619 01.00271300 59093
0 AMC-3 (GE-3)
1 24936U 97050A   13294.33533806 -.00000287  00000-0  10000-3 0  7153
2 24936 000.0208 279.5954 0002396 301.0657 223.0148 01.00271377 59102
