0 PAGEOS 1 DEB
1 02511U 66056D   13283.68852125  .00000002  00000-0  00000+0 0  7018
2 02511 086.9853 269.3953 0012047 049.4580 003.6976 07.93360881370298
0 PAGEOS 1 DEB
1 02511U 66056D   13288.39196242  .00000002  00000-0  00000+0 0  7023
2 02511 086.9902 268.9823 0012174 044.0498 118.7178 07.93360775370669
0 PAGEOS 1 DEB
1 02511U 66056D   13291.41713128  .00000002  00000-0  00000+0 0  7039
2 02511 086.9906 268.7163 0012109 041.4247 119.0298 07.93360774370902
0 PAGEOS 1 DEB
1 02511U 66056D   13293.43435994  .00000002  00000-0  00000+0 0  7046
2 02511 086.9984 268.5390 0012010 039.8844 120.3123 07.93360893371065
