0 ORBCOMM FM 12
1 25115U 97084D   13281.04748183  .00000523  00000-0  22620-3 0  1685
2 25115 045.0158 134.5928 0005744 014.4951 345.6061 14.36110198826303
0 ORBCOMM FM 12
1 25115U 97084D   13282.16052652  .00000575  00000-0  24388-3 0  1699
2 25115 045.0159 129.3329 0005670 020.6208 339.4868 14.36113478826460
0 ORBCOMM FM 12
1 25115U 97084D   13283.20400400  .00000541  00000-0  23239-3 0  1702
2 25115 045.0160 124.4017 0005599 026.5281 333.5852 14.36115423826615
0 ORBCOMM FM 12
1 25115U 97084D   13284.52574002  .00000538  00000-0  23129-3 0  1713
2 25115 045.0161 118.1555 0005511 034.1341 325.9860 14.36117385826803
0 ORBCOMM FM 12
1 25115U 97084D   13285.77790859  .00000539  00000-0  23177-3 0  1726
2 25115 045.0164 112.2382 0005465 041.3201 318.8059 14.36118463826980
0 ORBCOMM FM 12
1 25115U 97084D   13286.96051068  .00000685  00000-0  28139-3 0  1736
2 25115 045.0165 106.6496 0005391 048.4160 311.7149 14.36119839827154
0 ORBCOMM FM 12
1 25115U 97084D   13288.14311156  .00001007  00000-0  39080-3 0  1742
2 25115 045.0168 101.0611 0005343 055.2868 304.8482 14.36123335827321
0 ORBCOMM FM 12
1 25115U 97084D   13289.46483969  .00000677  00000-0  27858-3 0  1753
2 25115 045.0170 094.8150 0005326 063.1804 296.9588 14.36126431827519
0 ORBCOMM FM 12
1 25115U 97084D   13290.57787161  .00000761  00000-0  30722-3 0  1767
2 25115 045.0173 089.5552 0005363 069.3704 290.7718 14.36128684827673
0 ORBCOMM FM 12
1 25115U 97084D   13291.76046469  .00000860  00000-0  34063-3 0  1771
2 25115 045.0175 083.9669 0005298 076.7511 283.3927 14.36130745827847
0 ORBCOMM FM 12
1 25115U 97084D   13292.80392705  .00001021  00000-0  39536-3 0  1785
2 25115 045.0177 079.0358 0005256 083.2161 276.9285 14.36132493827991
0 ORBCOMM FM 12
1 25115U 97084D   13293.84738831  .00001109  00000-0  42551-3 0  1793
2 25115 045.0178 074.1048 0005258 089.4351 270.7100 14.36135271828148
0 ORBCOMM FM 12
1 25115U 97084D   13294.96041149  .00001205  00000-0  45806-3 0  1801
2 25115 045.0177 068.8452 0005240 095.9687 264.1758 14.36137755828304
