0 IRIDIUM 66
1 25289U 98021E   13282.51029336  .00000177  00000-0  56297-4 0  4095
2 25289 086.3951 066.6931 0002250 110.0037 317.0901 14.34216859811994
0 IRIDIUM 66
1 25289U 98021E   13282.51923669  .00000179  00000-0  56752-4 0  4107
2 25289 086.3951 066.6893 0002251 110.0196 003.2211 14.34216881811991
0 IRIDIUM 66
1 25289U 98021E   13283.55265353  .00000198  00000-0  63732-4 0  4119
2 25289 086.3953 066.2571 0002267 110.0141 295.5718 14.34217632812140
0 IRIDIUM 66
1 25289U 98021E   13284.46250880  .00000235  00000-0  76878-4 0  4127
2 25289 086.3954 065.8765 0002278 110.1120 310.2537 14.34218281812270
0 IRIDIUM 66
1 25289U 98021E   13285.43849659  .00000226  00000-0  73710-4 0  4136
2 25289 086.3957 065.4683 0002276 109.9606 306.4261 14.34218916812413
0 IRIDIUM 66
1 25289U 98021E   13286.48692072  .00000258  00000-0  85158-4 0  4142
2 25289 086.3960 065.0298 0002274 109.6713 316.5056 14.34219539812561
0 IRIDIUM 66
1 25289U 98021E   13287.46311297  .00000313  00000-0  10486-3 0  4152
2 25289 086.3962 064.6216 0002281 109.5075 313.7504 14.34220300812707
0 IRIDIUM 66
1 25289U 98021E   13288.43904479  .00000445  00000-0  15178-3 0  4160
2 25289 086.3965 064.2135 0002287 109.2984 309.6997 14.34221367812847
0 IRIDIUM 66
1 25289U 98021E   13288.93843631  .00000379  00000-0  12809-3 0  4172
2 25289 086.3966 064.0047 0002285 109.3340 006.4900 14.34221922812914
0 IRIDIUM 66
1 25289U 98021E   13289.91473053  .00000383  00000-0  12968-3 0  4180
2 25289 086.3966 063.5965 0002243 109.4261 003.9883 14.34214104813056
0 IRIDIUM 66
1 25289U 98021E   13290.45895807  .00000412  00000-0  14008-3 0  4197
2 25289 086.3966 063.3689 0002223 109.1955 292.3832 14.34214873813132
0 IRIDIUM 66
1 25289U 98021E   13291.43447079  .00000399  00000-0  13544-3 0  4200
2 25289 086.3968 062.9613 0002229 109.0772 286.0595 14.34215418813275
0 IRIDIUM 66
1 25289U 98021E   13292.49513638  .00000447  00000-0  15261-3 0  4215
2 25289 086.3968 062.5179 0002254 109.2553 358.8245 14.34216272813421
0 IRIDIUM 66
1 25289U 98021E   13293.47288718  .00000466  00000-0  15924-3 0  4220
2 25289 086.3969 062.1093 0002261 109.2434 003.9479 14.34217146813562
0 IRIDIUM 66
1 25289U 98021E   13294.44914770  .00000448  00000-0  15292-3 0  4231
2 25289 086.3969 061.7012 0002266 109.1275 001.4878 14.34218228813709
0 IRIDIUM 66
1 25289U 98021E   13295.49123376  .00000490  00000-0  16795-3 0  4248
2 25289 086.3969 061.2656 0002275 108.8538 338.8443 14.34219340813853
