0 SL-12 R/B(2)
1 25318U 98025D   13282.40364524  .00000014  00000-0  10000-3 0  6904
2 25318 010.6506 043.8597 0033905 013.3415 346.7511 01.00036804 56462
0 SL-12 R/B(2)
1 25318U 98025D   13285.40241590  .00000021  00000-0  10000-3 0  6913
2 25318 010.6557 043.8254 0033825 013.3510 346.7447 01.00037380 56496
0 SL-12 R/B(2)
1 25318U 98025D   13287.40156892  .00000028  00000-0  10000-3 0  6923
2 25318 010.6594 043.8020 0033934 013.1490 346.9401 01.00037753 56513
0 SL-12 R/B(2)
1 25318U 98025D   13290.40022630  .00000000  00000-0  10000-3 0  6930
2 25318 010.6621 043.7698 0033312 012.8796 347.1869 01.00035323 56533
0 SL-12 R/B(2)
1 25318U 98025D   13291.39976823  .00000046  00000-0  10000-3 0  6931
2 25318 010.6661 043.7564 0033835 013.2515 346.8014 01.00038726 56553
0 SL-12 R/B(2)
1 25318U 98025D   13291.39977670  .00000046  00000-0  10000-3 0  6943
2 25318 010.6663 043.7570 0033308 012.6622 347.3869 01.00038721 56558
0 SL-12 R/B(2)
1 25318U 98025D   13294.39844452  .00000062  00000-0  10000-3 0  6956
2 25318 010.6715 043.7226 0033280 012.7385 347.2999 01.00039545 56581
