0 IRIDIUM 72
1 25343U 98032B   13281.48834007  .00000137  00000-0  41879-4 0  4920
2 25343 086.3950 067.2081 0002212 109.7735 313.0933 14.34215823805933
0 IRIDIUM 72
1 25343U 98032B   13282.53107894  .00000146  00000-0  45000-4 0  4935
2 25343 086.3953 066.7722 0002209 109.6625 293.6468 14.34216754806082
0 IRIDIUM 72
1 25343U 98032B   13283.50798362  .00000161  00000-0  50443-4 0  4944
2 25343 086.3954 066.3634 0002210 109.7885 294.2679 14.34217446806228
0 IRIDIUM 72
1 25343U 98032B   13284.48895338  .00000198  00000-0  63559-4 0  4956
2 25343 086.3956 065.9532 0002210 109.8470 315.9346 14.34218169806363
0 IRIDIUM 72
1 25343U 98032B   13285.46736260  .00000204  00000-0  65672-4 0  4960
2 25343 086.3958 065.5439 0002223 110.0286 324.2690 14.34218944806502
0 IRIDIUM 72
1 25343U 98032B   13286.44083986  .00000248  00000-0  81536-4 0  4975
2 25343 086.3960 065.1368 0002225 109.9413 307.4265 14.34219550806643
0 IRIDIUM 72
1 25343U 98032B   13287.48921775  .00000290  00000-0  96485-4 0  4984
2 25343 086.3963 064.6983 0002224 109.8673 317.0543 14.34220220806797
0 IRIDIUM 72
1 25343U 98032B   13287.48921775  .00000290  00000-0  96485-4 0  4995
2 25343 086.3963 064.6983 0002224 109.8673 317.0543 14.34220220806797
0 IRIDIUM 72
1 25343U 98032B   13288.46559275  .00000437  00000-0  14910-3 0  5004
2 25343 086.3965 064.2901 0002228 109.4510 315.4980 14.34221459806933
0 IRIDIUM 72
1 25343U 98032B   13289.43571034  .00000343  00000-0  11556-3 0  5019
2 25343 086.3967 063.8846 0002238 109.6729 281.0181 14.34222413807071
0 IRIDIUM 72
1 25343U 98032B   13290.41237571  .00000387  00000-0  13119-3 0  5020
2 25343 086.3968 063.4763 0002235 109.5972 280.6252 14.34222854807211
0 IRIDIUM 72
1 25343U 98032B   13291.46112363  .00000402  00000-0  13649-3 0  5034
2 25343 086.3970 063.0380 0002230 109.6536 292.0450 14.34223642807366
0 IRIDIUM 72
1 25343U 98032B   13291.46112363  .00000402  00000-0  13649-3 0  5045
2 25343 086.3970 063.0380 0002230 109.6536 292.0450 14.34223642807366
0 IRIDIUM 72
1 25343U 98032B   13291.96832431  .00000421  00000-0  14320-3 0  5054
2 25343 086.3970 062.8259 0002221 109.4143 029.4101 14.34223690807436
0 IRIDIUM 72
1 25343U 98032B   13292.81015012  .00000460  00000-0  15705-3 0  5069
2 25343 086.3973 062.4745 0002163 108.9766 053.5890 14.34213891807553
0 IRIDIUM 72
1 25343U 98032B   13293.41786756  .00000418  00000-0  14207-3 0  5076
2 25343 086.3972 062.2203 0002183 109.4593 308.8708 14.34214477807640
0 IRIDIUM 72
1 25343U 98032B   13294.46199808  .00000371  00000-0  12556-3 0  5082
2 25343 086.3970 061.7836 0002207 110.4323 295.5161 14.34215344807799
0 IRIDIUM 72
1 25343U 98032B   13295.44252704  .00000477  00000-0  16324-3 0  5091
2 25343 086.3970 061.3737 0002209 109.9677 315.4236 14.34216604807933
