0 SL-14 DEB
1 25454U 87068CC  13282.15783163  .00003725  00000-0  27045-2 0  7624
2 25454 082.1740 176.9798 0089147 093.2697 069.9174 13.94237670988346
0 SL-14 DEB
1 25454U 87068CC  13283.16044427  .00004192  00000-0  30431-2 0  7632
2 25454 082.1743 176.1296 0089546 090.4651 062.2712 13.94247426988485
0 SL-14 DEB
1 25454U 87068CC  13284.16485848  .00004566  00000-0  33145-2 0  7640
2 25454 082.1745 175.2776 0089921 087.6751 063.6782 13.94253858988620
0 SL-14 DEB
1 25454U 87068CC  13286.65244734  .00004272  00000-0  30973-2 0  7665
2 25454 082.1752 173.1678 0090632 080.7526 309.6379 13.94273184988978
0 SL-14 DEB
1 25454U 87068CC  13287.65704387  .00005001  00000-0  36264-2 0  7672
2 25454 082.1752 172.3155 0090990 077.9940 312.0241 13.94281825989118
0 SL-14 DEB
1 25454U 87068CC  13288.73985247  .00005040  00000-0  36526-2 0  7683
2 25454 082.1754 171.3973 0091395 075.0409 347.0111 13.94296231989263
0 SL-14 DEB
1 25454U 87068CC  13291.12570035  .00005207  00000-0  37705-2 0  7691
2 25454 082.1755 169.3747 0092198 068.4793 082.5896 13.94317278989596
0 SL-14 DEB
1 25454U 87068CC  13292.13043641  .00004949  00000-0  35817-2 0  7707
2 25454 082.1757 168.5229 0092563 065.7507 085.8085 13.94325775989736
0 SL-14 DEB
1 25454U 87068CC  13293.13568007  .00005115  00000-0  37003-2 0  7712
2 25454 082.1756 167.6703 0092840 063.0272 091.6043 13.94335854989873
0 SL-14 DEB
1 25454U 87068CC  13294.14188941  .00005576  00000-0  40329-2 0  7726
2 25454 082.1758 166.8167 0093128 060.3143 102.2682 13.94345749990017
0 SL-14 DEB
1 25454U 87068CC  13295.70133840  .00005300  00000-0  38308-2 0  7737
2 25454 082.1766 165.4946 0093496 056.1168 009.9794 13.94361208990233
