0 INTELSAT 8 (PAS 8)
1 25522U 98065A   13281.85709501 -.00000042  00000-0  00000+0 0  5187
2 25522 000.0194 244.4788 0002752 310.6396 300.1124 01.00273372 54750
0 INTELSAT 8 (PAS 8)
1 25522U 98065A   13283.01781749 -.00000059  00000-0  10000-3 0  5207
2 25522 000.0208 175.1186 0003682 042.7526 336.3855 01.00270535 54771
0 INTELSAT 8 (PAS 8)
1 25522U 98065A   13285.84641476 -.00000054  00000-0  00000+0 0  5202
2 25522 000.0101 232.4531 0003045 311.2634 311.5734 01.00270850 54794
0 INTELSAT 8 (PAS 8)
1 25522U 98065A   13289.82994775 -.00000053  00000-0  00000+0 0  5217
2 25522 000.0255 247.7013 0003228 314.5729 291.0124 01.00272544 54834
0 INTELSAT 8 (PAS 8)
1 25522U 98065A   13290.84810192 -.00000051  00000-0  00000+0 0  5220
2 25522 000.0233 247.4963 0003257 316.6080 296.7215 01.00272462 54849
0 INTELSAT 8 (PAS 8)
1 25522U 98065A   13292.48311302 -.00000048  00000-0  00000+0 0  5238
2 25522 000.0199 246.9620 0003262 317.6427 166.4404 01.00272694 54868
0 INTELSAT 8 (PAS 8)
1 25522U 98065A   13293.70288193 -.00000046  00000-0  00000+0 0  5244
2 25522 000.0174 246.9305 0003234 318.3734 246.0651 01.00272923 54874
0 INTELSAT 8 (PAS 8)
1 25522U 98065A   13295.35912169 -.00000043  00000-0  00000+0 0  5252
2 25522 000.0139 246.7796 0003229 319.2540 123.2220 01.00273200 54884
