0 SKYNET 4E
1 25639U 99009B   13282.07406363  .00000135  00000-0  10000-3 0  4579
2 25639 008.4769 039.9953 0002496 144.3454 252.6066 01.00272942 53579
0 SKYNET 4E
1 25639U 99009B   13282.96902862  .00000000  00000-0  10000-3 0  4595
2 25639 008.4788 039.9888 0002411 147.9138 212.1121 01.00269362 53386
0 SKYNET 4E
1 25639U 99009B   13283.21154060  .00000132  00000-0  10000-3 0  4588
2 25639 008.4788 039.9857 0002503 145.7442 301.8316 01.00273426 53588
0 SKYNET 4E
1 25639U 99009B   13287.08582962  .00000125  00000-0  10000-3 0  4608
2 25639 008.4856 039.9535 0002502 146.3405 259.8414 01.00274585 53625
0 SKYNET 4E
1 25639U 99009B   13288.98765440  .00000125  00000-0  10000-3 0  4613
2 25639 008.4885 039.9366 0002502 146.4715 226.2779 01.00275516 53643
0 SKYNET 4E
1 25639U 99009B   13289.94953678  .00000000  00000-0  10000-3 0  4636
2 25639 008.4899 039.9290 0002587 157.3044 202.6928 01.00272605 53441
0 SKYNET 4E
1 25639U 99009B   13290.00922637  .00000126  00000-0  10000-3 0  4624
2 25639 008.4901 039.9277 0002503 146.4906 235.0539 01.00276030 53651
0 SKYNET 4E
1 25639U 99009B   13291.06897501  .00000127  00000-0  10000-3 0  4634
2 25639 008.4918 039.9180 0002502 146.8715 257.2516 01.00276534 53664
0 SKYNET 4E
1 25639U 99009B   13293.06054758  .00000130  00000-0  10000-3 0  4640
2 25639 008.4944 039.9005 0002593 155.3072 247.8035 01.00277788 53685
0 SKYNET 4E
1 25639U 99009B   13295.00191727  .00000133  00000-0  10000-3 0  4658
2 25639 008.4995 039.8853 0003855 148.4505 235.4621 01.00267833 53704
