0 GLOBALSTAR M045
1 25676U 99019A   13282.02776565 -.00000109  00000-0 -14109-3 0  4061
2 25676 051.9965 231.2545 0001034 034.8335 087.4522 12.26902527669587
0 GLOBALSTAR M045
1 25676U 99019A   13283.41028392 -.00000105  00000-0 -10401-3 0  4071
2 25676 051.9966 227.3151 0001090 037.7724 073.7474 12.26902400669756
0 GLOBALSTAR M045
1 25676U 99019A   13285.83291823 -.00000089  00000-0  41054-4 0  4091
2 25676 051.9966 220.4123 0001159 041.4205 335.5205 12.26902358670059
0 GLOBALSTAR M045
1 25676U 99019A   13287.16562770 -.00000073  00000-0  18526-3 0  4103
2 25676 051.9967 216.6151 0001185 043.1565 102.9174 12.26902378670216
0 GLOBALSTAR M045
1 25676U 99019A   13288.30519965 -.00000056  00000-0  33113-3 0  4119
2 25676 051.9966 213.3682 0001206 044.9415 096.8063 12.26902261670359
0 GLOBALSTAR M045
1 25676U 99019A   13289.36838235 -.00000043  00000-0  44980-3 0  4121
2 25676 051.9964 210.3390 0001259 047.1694 112.6949 12.26902140670482
0 GLOBALSTAR M045
1 25676U 99019A   13291.15828361 -.00000033  00000-0  53612-3 0  4132
2 25676 051.9961 205.2392 0001312 050.2706 099.0194 12.26902167670707
0 GLOBALSTAR M045
1 25676U 99019A   13292.29880667 -.00000056  00000-0  33259-3 0  4146
2 25676 051.9959 201.9894 0001340 052.3684 096.7971 12.26902535670844
0 GLOBALSTAR M045
1 25676U 99019A   13293.82919509 -.00000097  00000-0 -32905-4 0  4159
2 25676 051.9957 197.6289 0001342 054.0611 017.7629 12.26903034671032
0 GLOBALSTAR M045
1 25676U 99019A   13295.15396302 -.00000104  00000-0 -94263-4 0  4162
2 25676 051.9957 193.8543 0001364 055.8003 110.0655 12.26903106671194
