0 ABRIXAS
1 25721U 99022A   13281.13530777  .00007367  00000-0  24991-3 0  7895
2 25721 048.4597 228.3759 0017051 224.4136 207.8623 15.31302797800507
0 ABRIXAS
1 25721U 99022A   13282.32114097  .00010987  00000-0  36649-3 0  7907
2 25721 048.4594 222.2723 0017074 229.5684 265.3894 15.31331063800683
0 ABRIXAS
1 25721U 99022A   13284.13988530  .00009200  00000-0  30857-3 0  7911
2 25721 048.4587 212.9108 0017089 237.5869 212.2804 15.31360622800964
0 ABRIXAS
1 25721U 99022A   13285.32451053  .00007623  00000-0  25757-3 0  7929
2 25721 048.4583 206.8130 0017066 242.8745 263.2581 15.31381040801140
0 ABRIXAS
1 25721U 99022A   13286.73733006  .00008196  00000-0  27587-3 0  7936
2 25721 048.4582 199.5404 0017054 249.0581 132.5253 15.31400329801365
0 ABRIXAS
1 25721U 99022A   13288.13101256  .00012525  00000-0  41490-3 0  7949
2 25721 048.4579 192.3664 0017073 255.1316 256.4059 15.31422625801571
0 ABRIXAS
1 25721U 99022A   13289.23872035  .00010288  00000-0  34275-3 0  7959
2 25721 048.4576 186.6641 0017146 259.9206 243.7411 15.31443219801742
0 ABRIXAS
1 25721U 99022A   13291.12653770  .00010238  00000-0  34073-3 0  7965
2 25721 048.4575 176.9452 0017273 268.1721 212.2977 15.31478697802037
0 ABRIXAS
1 25721U 99022A   13292.17376681  .00009913  00000-0  33009-3 0  7971
2 25721 048.4577 171.5529 0017298 272.7039 226.3897 15.31499632802191
0 ABRIXAS
1 25721U 99022A   13293.78673552  .00010899  00000-0  36139-3 0  7989
2 25721 048.4580 163.2477 0017301 279.6954 119.9346 15.31528605802449
0 ABRIXAS
1 25721U 99022A   13295.10899507  .00010818  00000-0  35853-3 0  7991
2 25721 048.4584 156.4390 0017250 285.6742 210.4580 15.31553501802648
