0 CZ-4B DEB
1 25733U 99025D   13283.05574288  .00000357  00000-0  20679-3 0   949
2 25733 098.8878 259.1505 0016250 060.4055 344.6091 14.15121338744136
0 CZ-4B DEB
1 25733U 99025D   13285.81630725  .00000276  00000-0  16525-3 0   961
2 25733 098.8881 261.9007 0016159 052.9772 007.7159 14.15124265744525
0 CZ-4B DEB
1 25733U 99025D   13286.93831058  .00000337  00000-0  19647-3 0   974
2 25733 098.8883 263.0184 0016137 049.9591 323.5324 14.15124715744687
0 CZ-4B DEB
1 25733U 99025D   13288.14732512  .00000506  00000-0  28318-3 0   988
2 25733 098.8887 264.2228 0016078 046.6443 002.6775 14.15125955744858
0 CZ-4B DEB
1 25733U 99025D   13289.51057944  .00000407  00000-0  23261-3 0   992
2 25733 098.8890 265.5808 0016022 042.9534 107.5314 14.15127455745042
0 CZ-4B DEB
1 25733U 99025D   13290.56844118  .00000432  00000-0  24551-3 0  1000
2 25733 098.8893 266.6347 0015971 040.0692 096.6410 14.15128585745197
0 CZ-4B DEB
1 25733U 99025D   13291.82590988  .00000385  00000-0  22104-3 0  1013
2 25733 098.8896 267.8874 0015907 036.6354 022.6266 14.15129913745377
0 CZ-4B DEB
1 25733U 99025D   13293.02443535  .00000408  00000-0  23279-3 0  1023
2 25733 098.8898 269.0814 0015855 033.3353 008.3688 14.15130932745543
0 CZ-4B DEB
1 25733U 99025D   13294.86561942  .00000528  00000-0  29476-3 0  1038
2 25733 098.8899 270.9160 0015805 028.4338 027.9043 14.15132333745800
0 CZ-4B DEB
1 25733U 99025D   13296.06475788  .00000540  00000-0  30071-3 0  1042
2 25733 098.8899 272.1109 0015711 025.0058 016.9090 14.15133456745970
