0 CXO
1 25867U 99040B   13284.28782675  .00000199  00000-0  00000+0 0  9609
2 25867 076.0620 332.9243 8447292 276.5891 359.8126 00.37802515 10973
0 CXO
1 25867U 99040B   13286.93319692  .00000056  00000-0  00000+0 0  9622
2 25867 076.0766 332.7695 8443361 276.5948 359.8031 00.37807754 10985
0 CXO
1 25867U 99040B   13286.93386196  .00000056  00000-0  00000+0 0  9614
2 25867 076.0764 332.7693 8443413 276.5953 359.8936 00.37805479 10981
0 CXO
1 25867U 99040B   13289.57989570 -.00000219  00000-0  00000+0 0  9636
2 25867 076.0901 332.6189 8437107 276.5855 000.0224 00.37804987 10996
0 CXO
1 25867U 99040B   13292.22382268 -.00000332  00000-0  00000+0 0  9640
2 25867 076.0924 332.5088 8431909 276.5454 359.9525 00.37803107 11003
0 CXO
1 25867U 99040B   13294.86809635 -.00000235  00000-0  00000+0 0  9657
2 25867 076.0956 332.3734 8429721 276.5102 359.9700 00.37803511 11018
0 CXO
1 25867U 99040B   13297.51110186 -.00000114  00000-0  00000+0 0  9665
2 25867 076.1126 332.2053 8426817 276.4878 359.8058 00.37801000 11020
