0 SL-14 DEB
1 25999U 91068J   13279.64687411  .00000063  00000-0  29152-3 0  1484
2 25999 082.6967 136.1855 0059398 137.7104 289.1632 12.61205351643820
0 SL-14 DEB
1 25999U 91068J   13282.04609891  .00000114  00000-0  57862-3 0  1495
2 25999 082.6964 134.6825 0059480 132.2989 022.4304 12.61205506644120
0 SL-14 DEB
1 25999U 91068J   13284.10234237  .00000137  00000-0  71071-3 0  1507
2 25999 082.6961 133.3941 0059575 127.6896 358.4241 12.61205831644383
0 SL-14 DEB
1 25999U 91068J   13286.53722480  .00000128  00000-0  65707-3 0  1518
2 25999 082.6956 131.8686 0059680 122.2064 253.5841 12.61206611644693
0 SL-14 DEB
1 25999U 91068J   13288.61188286  .00000129  00000-0  66228-3 0  1520
2 25999 082.6952 130.5684 0059760 117.5471 313.2002 12.61207351644955
0 SL-14 DEB
1 25999U 91068J   13291.03925985  .00000086  00000-0  42196-3 0  1536
2 25999 082.6952 129.0471 0059789 112.1355 174.2395 12.61207903645252
0 SL-14 DEB
1 25999U 91068J   13293.60810646  .00000110  00000-0  55634-3 0  1548
2 25999 082.6953 127.4371 0059809 106.4138 317.5963 12.61208421645587
