0 SL-14 DEB
1 26014U 91068Z   13282.37382527  .00000040  00000-0  21409-3 0  2839
2 26014 082.7412 249.8201 0042882 276.1778 253.1041 12.44420795635498
0 SL-14 DEB
1 26014U 91068Z   13287.35482571  .00000005  00000-0 -36296-4 0  2857
2 26014 082.7423 246.8124 0042856 264.9348 247.8495 12.44421346636116
0 SL-14 DEB
1 26014U 91068Z   13289.36535887  .00000036  00000-0  18286-3 0  2861
2 26014 082.7428 245.5985 0042884 260.3799 255.0038 12.44421357636366
0 SL-14 DEB
1 26014U 91068Z   13291.91571160  .00000070  00000-0  42281-3 0  2870
2 26014 082.7432 244.0589 0042908 254.6284 160.5139 12.44421374636683
0 SL-14 DEB
1 26014U 91068Z   13294.16813954  .00000076  00000-0  46713-3 0  2881
2 26014 082.7433 242.6996 0042934 249.5735 171.3041 12.44421603636961
0 SL-14 DEB
1 26014U 91068Z   13296.17862394  .00000058  00000-0  34198-3 0  2891
2 26014 082.7434 241.4861 0042976 245.0317 178.2272 12.44421942637210
