0 GALAXY 10R
1 26056U 00002A   13283.72822117 -.00000341  00000-0  10000-3 0  2859
2 26056 004.6947 063.1078 0006442 057.3186 302.8445 00.99646404 50173
0 GALAXY 10R
1 26056U 00002A   13285.73527561 -.00000355  00000-0  10000-3 0  2863
2 26056 004.6987 063.0885 0006424 057.6210 302.5543 00.99645635 50196
0 GALAXY 10R
1 26056U 00002A   13287.74232305 -.00000360  00000-0  10000-3 0  2872
2 26056 004.7028 063.0681 0006149 058.9564 301.2216 00.99644760 50211
0 GALAXY 10R
1 26056U 00002A   13289.74929325  .00000000  00000-0  10000-3 0  2891
2 26056 004.7071 063.0461 0005681 062.8607 297.2935 00.99640344 50235
0 GALAXY 10R
1 26056U 00002A   13289.74930003 -.00000355  00000-0  10000-3 0  2889
2 26056 004.7069 063.0475 0006090 060.9201 299.2332 00.99643834 50231
0 GALAXY 10R
1 26056U 00002A   13291.75622370 -.00000341  00000-0  10000-3 0  2906
2 26056 004.7111 063.0272 0005938 062.5642 297.5358 00.99642833 50250
0 GALAXY 10R
1 26056U 00002A   13293.76319387 -.00000321  00000-0  10000-3 0  2919
2 26056 004.7150 063.0080 0005617 064.0915 295.9615 00.99641778 50271
0 GALAXY 10R
1 26056U 00002A   13295.77025168 -.00000295  00000-0  10000-3 0  2924
2 26056 004.7190 062.9887 0005611 064.1657 295.8668 00.99640710 50290
