0 CZ-4 DEB
1 26218U 99057DG  13281.53863789  .00002852  00000-0  71815-3 0  6374
2 26218 098.7516 132.4959 0090869 181.8406 208.7987 14.49542574713647
0 CZ-4 DEB
1 26218U 99057DG  13283.54042097  .00003678  00000-0  92159-3 0  6380
2 26218 098.7517 134.5736 0090942 175.7787 214.8955 14.49563550713932
0 CZ-4 DEB
1 26218U 99057DG  13285.82448213  .00003465  00000-0  86885-3 0  6397
2 26218 098.7517 136.9439 0091011 168.8507 254.1792 14.49574685714263
0 CZ-4 DEB
1 26218U 99057DG  13288.18599792  .00005561  00000-0  13852-2 0  6402
2 26218 098.7507 139.3951 0091123 161.6863 337.7785 14.49594984714600
0 CZ-4 DEB
1 26218U 99057DG  13290.17952951  .00004779  00000-0  11919-2 0  6417
2 26218 098.7503 141.4639 0091173 155.6619 301.1675 14.49608697714891
0 CZ-4 DEB
1 26218U 99057DG  13292.18624394  .00003822  00000-0  95551-3 0  6421
2 26218 098.7497 143.5469 0091247 149.6194 333.4380 14.49624446715184
0 CZ-4 DEB
1 26218U 99057DG  13294.19128810  .00004605  00000-0  11481-2 0  6436
2 26218 098.7496 145.6281 0091328 143.5564 357.1260 14.49638223715472
