0 INTELSAT 2-F2
1 02639U 67001A   13280.36807724 -.00000133  00000-0  10000-3 0  7782
2 02639 006.9944 308.9918 0014236 233.3393 126.3930 01.00265258 72781
0 INTELSAT 2-F2
1 02639U 67001A   13282.36275024 -.00000137  00000-0  10000-3 0  7791
2 02639 006.9915 308.9794 0013935 236.8991 122.8375 01.00265177 72805
0 INTELSAT 2-F2
1 02639U 67001A   13288.34661253 -.00000155  00000-0  10000-3 0  7811
2 02639 006.9805 308.9374 0014215 234.2359 125.4772 01.00264908 72866
0 INTELSAT 2-F2
1 02639U 67001A   13288.34663485 -.00000155  00000-0  10000-3 0  7809
2 02639 006.9811 308.9378 0014253 233.1277 126.6010 01.00264987 72861
0 INTELSAT 2-F2
1 02639U 67001A   13289.34392459 -.00000155  00000-0  10000-3 0  7822
2 02639 006.9810 308.9364 0014131 235.0157 124.6807 01.00264773 72874
0 INTELSAT 2-F2
1 02639U 67001A   13292.33591281 -.00000149  00000-0  10000-3 0  7833
2 02639 006.9763 308.9206 0013993 237.1723 122.5158 01.00264512 72904
