0 CZ-4 DEB
1 26454U 99057KZ  13280.83156395  .00002175  00000-0  57274-3 0  4746
2 26454 098.2167 249.9241 0082435 018.5328 050.7112 14.48022246697265
0 CZ-4 DEB
1 26454U 99057KZ  13283.19076766  .00003254  00000-0  85062-3 0  4757
2 26454 098.2168 252.2182 0082254 011.3548 108.9858 14.48039701697606
0 CZ-4 DEB
1 26454U 99057KZ  13285.40340128  .00003043  00000-0  79629-3 0  4768
2 26454 098.2164 254.3700 0082047 004.6295 123.3252 14.48052871697922
0 CZ-4 DEB
1 26454U 99057KZ  13287.47610491  .00003665  00000-0  95657-3 0  4770
2 26454 098.2164 256.3856 0081858 358.2966 128.3504 14.48064533698225
0 CZ-4 DEB
1 26454U 99057KZ  13290.17078021  .00004415  00000-0  11494-2 0  4789
2 26454 098.2167 259.0057 0081676 350.0472 135.9074 14.48085394698618
0 CZ-4 DEB
1 26454U 99057KZ  13292.17449003  .00003712  00000-0  96830-3 0  4791
2 26454 098.2177 260.9542 0081498 343.9058 141.5383 14.48100601698909
0 CZ-4 DEB
1 26454U 99057KZ  13294.57868884  .00004414  00000-0  11488-2 0  4806
2 26454 098.2185 263.2924 0081288 336.5212 075.1253 14.48116407699253
