0 COSMOS 1249 COOLANT
1 26509U 81021L   13282.46022136  .00000070  00000-0  12712-3 0  5588
2 26509 064.9649 225.6612 0061260 305.0946 054.4375 13.90525747689811
0 COSMOS 1249 COOLANT
1 26509U 81021L   13287.20693500  .00000077  00000-0  13209-3 0  5606
2 26509 064.9647 213.2181 0061634 303.8462 055.6749 13.90527435690475
0 COSMOS 1249 COOLANT
1 26509U 81021L   13290.15564662  .00000083  00000-0  13737-3 0  5614
2 26509 064.9650 205.4898 0061619 302.8370 056.6764 13.90528642690881
0 COSMOS 1249 COOLANT
1 26509U 81021L   13292.38515975  .00000085  00000-0  13915-3 0  5625
2 26509 064.9642 199.6450 0061459 302.2367 057.2760 13.90529456691194
0 COSMOS 1249 COOLANT
1 26509U 81021L   13295.11810844  .00000090  00000-0  14253-3 0  5635
2 26509 064.9644 192.4790 0061690 301.5394 057.9656 13.90530586691572
