0 MUNIN
1 26621U 00075C   13282.45474800  .00000766  00000-0  72077-3 0  7631
2 26621 095.3978 262.7067 0712446 303.4009 234.3787 13.03877507612973
0 MUNIN
1 26621U 00075C   13283.82272264  .00000797  00000-0  74977-3 0  7649
2 26621 095.3982 263.3992 0712376 299.8749 175.6070 13.03879303613152
0 MUNIN
1 26621U 00075C   13286.11213603  .00000821  00000-0  77171-3 0  7665
2 26621 095.3991 264.5583 0712297 293.9706 122.0617 13.03883019613456
0 MUNIN
1 26621U 00075C   13287.50674941  .00000825  00000-0  77523-3 0  7671
2 26621 095.3998 265.2643 0712262 290.3736 188.3596 13.03885384613632
0 MUNIN
1 26621U 00075C   13288.73606721  .00000861  00000-0  80860-3 0  7687
2 26621 095.4005 265.8867 0712246 287.2021 198.7744 13.03887814613797
0 MUNIN
1 26621U 00075C   13289.94732830  .00000834  00000-0  78365-3 0  7690
2 26621 095.4012 266.5000 0712242 284.0775 124.4395 13.03890005613951
0 MUNIN
1 26621U 00075C   13291.49708510  .00000824  00000-0  77417-3 0  7709
2 26621 095.4021 267.2848 0712246 280.0791 199.0200 13.03892760614153
0 MUNIN
1 26621U 00075C   13292.79642958  .00000829  00000-0  77854-3 0  7717
2 26621 095.4027 267.9431 0712257 276.7275 178.1731 13.03894973614329
0 MUNIN
1 26621U 00075C   13293.93778020  .00000806  00000-0  75731-3 0  7722
2 26621 095.4032 268.5214 0712277 273.7836 135.7066 13.03897095614477
0 MUNIN
1 26621U 00075C   13295.09103260  .00000789  00000-0  74214-3 0  7735
2 26621 095.4036 269.1058 0712284 270.8091 149.1162 13.03899111614627
