0 CZ-4 DEB
1 26661U 99057LT  13282.14508221  .00005021  00000-0  12058-2 0  1550
2 26661 098.2390 255.1215 0082140 354.9173 061.3510 14.51785083702649
0 CZ-4 DEB
1 26661U 99057LT  13287.17610074  .00004882  00000-0  11721-2 0  1570
2 26661 098.2387 260.0562 0081741 339.4464 075.9663 14.51825286703373
0 CZ-4 DEB
1 26661U 99057LT  13289.40023885  .00006364  00000-0  15237-2 0  1580
2 26661 098.2387 262.2385 0081524 332.5419 180.7672 14.51852893703697
0 CZ-4 DEB
1 26661U 99057LT  13291.86500649  .00005870  00000-0  14060-2 0  1596
2 26661 098.2395 264.6562 0081294 324.9241 103.4585 14.51878968704058
0 CZ-4 DEB
1 26661U 99057LT  13294.49538172  .00006714  00000-0  16058-2 0  1609
2 26661 098.2409 267.2373 0081109 316.7469 172.0437 14.51906287704435
