0 DELTA 1 DEB
1 26823U 75052KD  13282.31614977  .00000943  00000-0  16181-2 0  6738
2 26823 099.9852 055.7704 0046312 348.6871 041.1447 13.46965042 81680
0 DELTA 1 DEB
1 26823U 75052KD  13285.83338090  .00000904  00000-0  15542-2 0  6745
2 26823 099.9852 059.2757 0046583 339.5500 177.0254 13.46970841 82156
0 DELTA 1 DEB
1 26823U 75052KD  13287.83915377  .00001175  00000-0  19991-2 0  6750
2 26823 099.9853 061.2743 0046864 334.2774 183.5931 13.46975866 82428
0 DELTA 1 DEB
1 26823U 75052KD  13289.91235002  .00001063  00000-0  18147-2 0  6760
2 26823 099.9853 063.3405 0047055 329.0143 156.9649 13.46980516 82700
0 DELTA 1 DEB
1 26823U 75052KD  13293.09051701  .00001197  00000-0  20335-2 0  6777
2 26823 099.9852 066.5083 0047426 320.9310 088.6602 13.46987766 83136
0 DELTA 1 DEB
1 26823U 75052KD  13295.31454098  .00001201  00000-0  20392-2 0  6780
2 26823 099.9849 068.7251 0047761 315.2761 073.5303 13.46992993 83434
