0 COSMOS 1823 DEB
1 26982U 87020DU  13280.68158559  .00000025  00000-0  30970-3 0  9466
2 26982 073.5995 136.1476 0029396 039.7802 018.5906 12.42000891617452
0 COSMOS 1823 DEB
1 26982U 87020DU  13282.78115806  .00000076  00000-0  68173-3 0  9470
2 26982 073.5993 133.3268 0029409 036.7067 046.2740 12.42000912617710
0 COSMOS 1823 DEB
1 26982U 87020DU  13285.28485079  .00000102  00000-0  87152-3 0  9489
2 26982 073.5989 129.9634 0029464 033.2152 080.7011 12.42001444618021
0 COSMOS 1823 DEB
1 26982U 87020DU  13287.60790328  .00000076  00000-0  68096-3 0  9490
2 26982 073.5987 126.8424 0029501 029.8996 027.5324 12.42002318618310
0 COSMOS 1823 DEB
1 26982U 87020DU  13289.62154583  .00000054  00000-0  51828-3 0  9504
2 26982 073.5987 124.1372 0029527 027.0276 030.9340 12.42002985618565
0 COSMOS 1823 DEB
1 26982U 87020DU  13292.51144984  .00000059  00000-0  55686-3 0  9512
2 26982 073.5990 120.2547 0029558 022.8717 352.3200 12.42003405618921
0 COSMOS 1823 DEB
1 26982U 87020DU  13294.61836376  .00000085  00000-0  74826-3 0  9525
2 26982 073.5991 117.4240 0029595 019.7878 052.8453 12.42003439619182
