0 REFLECTOR
1 27005U 01056E   13282.47765917  .00000035  00000-0  86703-4 0  9938
2 27005 099.1665 098.2240 0017880 246.0022 113.9255 13.70413431591678
0 REFLECTOR
1 27005U 01056E   13282.98872517  .00000035  00000-0  86703-4 0  9940
2 27005 099.1665 098.7115 0017893 244.7620 115.1679 13.70413535591744
0 REFLECTOR
1 27005U 01056E   13283.06173448  .00000035  00000-0  86703-4 0  9958
2 27005 099.1663 098.7807 0017910 244.5158 115.4137 13.70413544591757
0 REFLECTOR
1 27005U 01056E   13283.42678162  .00000035  00000-0  86703-4 0  9962
2 27005 099.1661 099.1285 0017903 243.5059 116.4255 13.70413615591808
0 REFLECTOR
1 27005U 01056E   13283.71881927  .00000035  00000-0  86703-4 0  9969
2 27005 099.1658 099.4070 0017875 242.8375 117.0951 13.70413689591845
0 REFLECTOR
1 27005U 01056E   13284.08386632  .00000035  00000-0  86703-4 0  9974
2 27005 099.1657 099.7546 0017877 241.8323 118.1016 13.70413746591892
0 REFLECTOR
1 27005U 01056E   13284.52192278  .00000035  00000-0  86703-4 0  9985
2 27005 099.1658 100.1719 0017869 240.6812 119.2550 13.70413844591954
0 REFLECTOR
1 27005U 01056E   13285.47104523  .00000035  00000-0  86703-4 0    00
2 27005 099.1655 101.0764 0017871 238.3888 121.5518 13.70414009592080
0 REFLECTOR
1 27005U 01056E   13285.76308297  .00000035  00000-0  86703-4 0    17
2 27005 099.1655 101.3545 0017874 237.6259 122.3165 13.70414055592120
0 REFLECTOR
1 27005U 01056E   13286.05512052  .00000035  00000-0  86703-4 0    27
2 27005 099.1659 101.6331 0017870 236.8059 123.1373 13.70414082592169
0 REFLECTOR
1 27005U 01056E   13286.49317680  .00000035  00000-0  86703-4 0    36
2 27005 099.1657 102.0505 0017865 235.6102 124.3360 13.70414217592221
0 REFLECTOR
1 27005U 01056E   13286.71220496  .00000035  00000-0  86703-4 0    40
2 27005 099.1657 102.2592 0017864 235.0405 124.9065 13.70414251592257
0 REFLECTOR
1 27005U 01056E   13287.07725185  .00000035  00000-0  86703-4 0    56
2 27005 099.1660 102.6077 0017861 233.9288 126.0196 13.70414284592306
0 REFLECTOR
1 27005U 01056E   13287.44229899  .00000035  00000-0  86703-4 0    69
2 27005 099.1663 102.9566 0017895 232.9673 126.9851 13.70414383592351
0 REFLECTOR
1 27005U 01056E   13287.73433635  .00000035  00000-0  86703-4 0    77
2 27005 099.1664 103.2349 0017895 232.2028 127.7501 13.70414434592394
0 REFLECTOR
1 27005U 01056E   13287.95336454  .00000035  00000-0  86703-4 0    83
2 27005 099.1664 103.4436 0017901 231.6491 128.3049 13.70414469592424
0 REFLECTOR
1 27005U 01056E   13288.46443026  .00000035  00000-0  86703-4 0    95
2 27005 099.1665 103.9308 0017909 230.3094 129.6481 13.70414588592494
0 REFLECTOR
1 27005U 01056E   13288.53743953  .00000035  00000-0  86703-4 0   107
2 27005 099.1663 104.0000 0017915 230.1117 129.8456 13.70414602592507
0 REFLECTOR
1 27005U 01056E   13289.04850531  .00000035  00000-0  86703-4 0   116
2 27005 099.1666 104.4877 0017921 228.7982 131.1626 13.70414692592577
0 REFLECTOR
1 27005U 01056E   13289.48656156  .00000035  00000-0  86703-4 0   122
2 27005 099.1665 104.9057 0017878 227.7792 132.1850 13.70414825592635
0 REFLECTOR
1 27005U 01056E   13289.92461770  .00000035  00000-0  86703-4 0   138
2 27005 099.1664 105.3231 0017875 226.6592 133.3068 13.70414900592690
0 REFLECTOR
1 27005U 01056E   13290.43568340  .00000035  00000-0  86703-4 0   148
2 27005 099.1667 105.8111 0017931 225.3477 134.6237 13.70415057592760
0 REFLECTOR
1 27005U 01056E   13290.94674852  .00000035  00000-0  86703-4 0   151
2 27005 099.1670 106.2981 0017926 223.9715 136.0006 13.70415138592835
0 REFLECTOR
1 27005U 01056E   13291.45781404  .00000035  00000-0  86703-4 0   161
2 27005 099.1668 106.7857 0017972 222.6935 137.2860 13.70415395592904
0 REFLECTOR
1 27005U 01056E   13291.74985064  .00000035  00000-0  86703-4 0   172
2 27005 099.1666 107.0640 0017961 221.8786 138.0992 13.70415472592944
0 REFLECTOR
1 27005U 01056E   13291.96887867  .00000035  00000-0  86703-4 0   189
2 27005 099.1666 107.2729 0017967 221.2694 138.7103 13.70415532592973
0 REFLECTOR
1 27005U 01056E   13292.47994396  .00000035  00000-0  86703-4 0   193
2 27005 099.1669 107.7605 0017958 219.6668 140.3178 13.70415687593047
0 REFLECTOR
1 27005U 01056E   13292.55295309  .00000035  00000-0  86703-4 0   202
2 27005 099.1667 107.8299 0017963 219.4266 140.5572 13.70415692593050
0 REFLECTOR
1 27005U 01056E   13293.06401853  .00000035  00000-0  86703-4 0   213
2 27005 099.1678 108.3181 0017971 218.1864 141.8011 13.70415775593129
0 REFLECTOR
1 27005U 01056E   13293.50207437  .00000035  00000-0  86703-4 0   225
2 27005 099.1673 108.7357 0017955 216.9631 143.0295 13.70415999593185
0 REFLECTOR
1 27005U 01056E   13293.72110211  .00000035  00000-0  86703-4 0   233
2 27005 099.1673 108.9445 0017947 216.4061 143.5868 13.70416036593216
0 REFLECTOR
1 27005U 01056E   13294.01313948  .00000035  00000-0  86703-4 0   249
2 27005 099.1678 109.2237 0017983 215.2544 144.7425 13.70416095593258
0 REFLECTOR
1 27005U 01056E   13294.37818601  .00000035  00000-0  86703-4 0   255
2 27005 099.1678 109.5716 0018000 214.2947 145.7043 13.70416166593302
0 REFLECTOR
1 27005U 01056E   13294.52420461  .00000035  00000-0  86703-4 0   266
2 27005 099.1679 109.7115 0017996 213.8848 146.1161 13.70416228593323
0 REFLECTOR
1 27005U 01056E   13294.96226043  .00000035  00000-0  86703-4 0   275
2 27005 099.1678 110.1290 0017990 212.7926 147.2108 13.70416307593388
0 REFLECTOR
1 27005U 01056E   13295.47332572  .00000035  00000-0  86703-4 0   288
2 27005 099.1682 110.6170 0017958 211.6291 148.3791 13.70416456593455
0 REFLECTOR
1 27005U 01056E   13295.83837211  .00000035  00000-0  86703-4 0   299
2 27005 099.1682 110.9649 0017957 210.6628 149.3473 13.70416521593508
0 REFLECTOR
1 27005U 01056E   13295.98439073  .00000035  00000-0  86703-4 0   301
2 27005 099.1675 111.1037 0018012 210.0183 149.9939 13.70416566593521
