0 OPS 0100 (TRANSIT 15)
1 02754U 67034A   13282.71396071  .00000107  00000-0  13978-3 0  8389
2 02754 090.2605 288.1637 0020272 019.1860 098.9662 13.56471925298401
0 OPS 0100 (TRANSIT 15)
1 02754U 67034A   13287.50774714  .00000108  00000-0  14139-3 0  8409
2 02754 090.2601 288.2908 0019762 005.1483 108.4941 13.56473411299058
0 OPS 0100 (TRANSIT 15)
1 02754U 67034A   13289.51162744  .00000116  00000-0  15276-3 0  8419
2 02754 090.2603 288.3437 0019587 359.1774 174.1672 13.56474283299327
0 OPS 0100 (TRANSIT 15)
1 02754U 67034A   13291.85626455  .00000136  00000-0  18051-3 0  8420
2 02754 090.2608 288.4056 0019367 352.1610 103.9161 13.56474633299645
0 OPS 0100 (TRANSIT 15)
1 02754U 67034A   13294.05617951  .00000152  00000-0  20277-3 0  8438
2 02754 090.2611 288.4638 0019163 345.4591 047.0542 13.56475137299946
0 OPS 0100 (TRANSIT 15)
1 02754U 67034A   13296.12384162  .00000162  00000-0  21774-3 0  8448
2 02754 090.2612 288.5188 0018985 339.0382 064.4700 13.56475594300226
