0 TDRS 10
1 27566U 02055A   13281.56154697  .00000075  00000-0  10000-3 0  9598
2 27566 002.5317 064.1894 0009738 173.8503 167.1144 01.00276316 39789
0 TDRS 10
1 27566U 02055A   13282.61238802  .00000000  00000-0  10000-3 0  9628
2 27566 002.5352 064.2621 0010321 174.7082 185.5252 01.00273287 39800
0 TDRS 10
1 27566U 02055A   13282.67797814  .00000072  00000-0  10000-3 0  9604
2 27566 002.5341 064.1844 0009712 173.5578 210.4432 01.00276626 39801
0 TDRS 10
1 27566U 02055A   13283.60957237  .00000000  00000-0  10000-3 0  9640
2 27566 002.5372 064.2534 0010334 174.9602 185.2672 01.00273641 39817
0 TDRS 10
1 27566U 02055A   13285.70856074  .00000062  00000-0  10000-3 0  9626
2 27566 002.5415 064.2128 0009399 172.2282 225.6911 01.00268660 39830
0 TDRS 10
1 27566U 02055A   13287.49930370  .00000061  00000-0  10000-3 0  9636
2 27566 002.5456 064.1950 0009445 172.4345 151.9174 01.00269431 39841
0 TDRS 10
1 27566U 02055A   13289.42919394  .00000062  00000-0  10000-3 0  9646
2 27566 002.5498 064.1747 0009513 173.7728 127.2468 01.00270207 39863
0 TDRS 10
1 27566U 02055A   13290.54531957  .00000064  00000-0  10000-3 0  9659
2 27566 002.5519 064.1694 0009490 173.8223 170.1027 01.00270650 39874
0 TDRS 10
1 27566U 02055A   13291.55963752  .00000066  00000-0  10000-3 0  9666
2 27566 002.5539 064.1604 0009482 173.7927 176.2921 01.00271029 39880
0 TDRS 10
1 27566U 02055A   13292.56874479  .00000067  00000-0  10000-3 0  9677
2 27566 002.5558 064.1509 0009460 173.7734 180.5920 01.00271404 39892
0 TDRS 10
1 27566U 02055A   13294.65111539  .00000071  00000-0  10000-3 0  9686
2 27566 002.5599 064.1252 0009443 173.8240 212.2717 01.00272142 39927
