0 DELTA 1 DEB
1 27575U 77065GE  13282.20395426  .00001042  00000-0  49142-3 0  5219
2 27575 029.1215 307.5599 0552493 113.6073 316.9863 13.56978177756238
0 DELTA 1 DEB
1 27575U 77065GE  13285.14636957  .00000762  00000-0  34642-3 0  5220
2 27575 029.1221 292.3851 0552145 138.0383 291.0628 13.56983325756633
0 DELTA 1 DEB
1 27575U 77065GE  13287.29080128  .00001036  00000-0  48505-3 0  5230
2 27575 029.1227 281.3261 0551865 155.8416 326.9271 13.56986488756921
0 DELTA 1 DEB
1 27575U 77065GE  13290.15450045  .00001671  00000-0  80791-3 0  5247
2 27575 029.1229 266.5611 0551771 179.6261 276.5764 13.56993873757312
0 DELTA 1 DEB
1 27575U 77065GE  13292.29841922  .00001619  00000-0  78047-3 0  5256
2 27575 029.1238 255.5059 0551557 197.4271 310.0339 13.56998144757607
0 DELTA 1 DEB
1 27575U 77065GE  13295.16306536  .00002087  00000-0  10203-2 0  5262
2 27575 029.1244 240.7342 0551287 221.2140 264.4355 13.57003818757994
