0 FREGAT DEB
1 27763U 00015B   13287.46680667  .00000778  00000-0  96801-3 0  7048
2 27763 064.8243 323.0062 4776243 096.0474 004.0450 05.76778515234905
0 FREGAT DEB
1 27763U 00015B   13289.19317310  .00001019  00000-0  12838-2 0  7059
2 27763 064.8245 322.0245 4775969 095.9338 348.6908 05.76788125235005
0 FREGAT DEB
1 27763U 00015B   13291.10545984  .00000984  00000-0  12632-2 0  7066
2 27763 064.8250 320.9364 4775608 095.8102 359.4259 05.76791466235111
0 FREGAT DEB
1 27763U 00015B   13293.18082938  .00001149  00000-0  14786-2 0  7078
2 27763 064.8248 319.7554 4775283 095.6767 348.8261 05.76795358235231
0 FREGAT DEB
1 27763U 00015B   13295.44141477  .00000938  00000-0  12132-2 0  7082
2 27763 064.8250 318.4695 4774925 095.5281 002.8503 05.76800940235362
