0 SL-8 R/B
1 27819U 03023B   13281.44058560  .00000079  00000-0  67881-4 0  2591
2 27819 082.9453 300.9770 0045984 215.7917 253.5943 13.74079453518770
0 SL-8 R/B
1 27819U 03023B   13282.68430206  .00000091  00000-0  80845-4 0  2600
2 27819 082.9451 300.0574 0046055 212.2895 285.9077 13.74079749518942
0 SL-8 R/B
1 27819U 03023B   13284.19633469  .00000088  00000-0  77397-4 0  2619
2 27819 082.9449 298.9394 0046159 208.0263 205.5109 13.74079860519153
0 SL-8 R/B
1 27819U 03023B   13285.51819529  .00000077  00000-0  65452-4 0  2627
2 27819 082.9447 297.9619 0046249 204.3214 264.3644 13.74080140519335
0 SL-8 R/B
1 27819U 03023B   13286.61679937  .00000065  00000-0  52430-4 0  2636
2 27819 082.9446 297.1495 0046321 201.2450 298.8319 13.74080342519488
0 SL-8 R/B
1 27819U 03023B   13287.63611954  .00000065  00000-0  53051-4 0  2645
2 27819 082.9445 296.3956 0046388 198.3968 301.1002 13.74080628519623
0 SL-8 R/B
1 27819U 03023B   13289.14597336  .00000048  00000-0  34618-4 0  2650
2 27819 082.9446 295.2788 0046510 194.1692 209.9005 13.74080896519838
0 SL-8 R/B
1 27819U 03023B   13290.16726301  .00000046  00000-0  32033-4 0  2668
2 27819 082.9447 294.5234 0046582 191.3255 221.9036 13.74080956519970
0 SL-8 R/B
1 27819U 03023B   13291.42053638  .00000059  00000-0  46322-4 0  2675
2 27819 082.9449 293.5964 0046670 187.8438 301.4511 13.74081030520149
0 SL-8 R/B
1 27819U 03023B   13292.51861686  .00000062  00000-0  49915-4 0  2682
2 27819 082.9451 292.7843 0046740 184.7985 333.3031 13.74081060520290
0 SL-8 R/B
1 27819U 03023B   13293.53610199  .00000076  00000-0  64157-4 0  2697
2 27819 082.9452 292.0319 0046778 181.9713 326.4817 13.74081091520436
0 SL-8 R/B
1 27819U 03023B   13294.62628524  .00000092  00000-0  80553-4 0  2707
2 27819 082.9452 291.2257 0046881 178.9707 319.2469 13.74081171520580
