0 THURAYA 2
1 27825U 03026A   13281.59885652  .00000124  00000-0  00000+0 0  5989
2 27825 003.6572 020.5539 0005158 172.4805 083.9908 01.00273032 37880
0 THURAYA 2
1 27825U 03026A   13282.63073166  .00000121  00000-0  00000+0 0  5992
2 27825 003.6594 020.5436 0004972 173.2421 095.7335 01.00273313 37894
0 THURAYA 2
1 27825U 03026A   13282.88260733  .00000000  00000-0  10000-3 0  6001
2 27825 003.6603 020.4985 0005086 165.7370 194.2278 01.00271403 37898
0 THURAYA 2
1 27825U 03026A   13283.03068588  .00000120  00000-0  00000+0 0  6001
2 27825 003.6599 020.5456 0005028 173.8268 239.5244 01.00273371 37902
0 THURAYA 2
1 27825U 03026A   13284.09817111  .00000117  00000-0  00000+0 0  6019
2 27825 003.6628 020.5372 0004849 168.5605 270.1393 01.00271663 37917
0 THURAYA 2
1 27825U 03026A   13285.78854190  .00000113  00000-0  00000+0 0  6021
2 27825 003.6646 020.5576 0004902 170.2078 158.6702 01.00272464 37922
0 THURAYA 2
1 27825U 03026A   13287.08610404  .00000111  00000-0  00000+0 0  6033
2 27825 003.6658 020.5729 0004966 171.0921 266.1730 01.00272973 37944
0 THURAYA 2
1 27825U 03026A   13289.07768847  .00000111  00000-0  00000+0 0  6040
2 27825 003.6676 020.6017 0005160 177.4019 258.7734 01.00273838 37964
0 THURAYA 2
1 27825U 03026A   13291.74679149  .00000115  00000-0  00000+0 0  6058
2 27825 003.6700 020.6383 0005017 183.1087 136.5233 01.00272691 37983
0 THURAYA 2
1 27825U 03026A   13293.06082200  .00000118  00000-0  00000+0 0  6065
2 27825 003.6714 020.6525 0005040 183.4567 250.5130 01.00273472 38003
0 THURAYA 2
1 27825U 03026A   13294.59971756  .00000120  00000-0  00000+0 0  6071
2 27825 003.6730 020.6692 0005050 183.3720 086.1103 01.00274212 38014
