0 HORIZONS 1 (GALAXY 13)
1 27954U 03044A   13281.64761804  .00000036  00000-0  00000+0 0  6983
2 27954 000.0115 159.2972 0001431 270.1620 054.1269 01.00272922 36773
0 HORIZONS 1 (GALAXY 13)
1 27954U 03044A   13283.12347647  .00000032  00000-0  00000+0 0  6990
2 27954 000.0122 158.6196 0001417 270.9362 226.7985 01.00273256 36781
0 HORIZONS 1 (GALAXY 13)
1 27954U 03044A   13287.67570390  .00000023  00000-0  00000+0 0  7000
2 27954 000.0042 199.7113 0001492 250.7039 049.1982 01.00270721 36831
0 HORIZONS 1 (GALAXY 13)
1 27954U 03044A   13288.49634295  .00000023  00000-0  00000+0 0  7017
2 27954 000.0048 031.9993 0001489 057.8294 346.0206 01.00270985 36846
0 HORIZONS 1 (GALAXY 13)
1 27954U 03044A   13289.62662898  .00000025  00000-0  00000+0 0  7026
2 27954 000.0058 032.1460 0001478 057.5655 034.1512 01.00271281 36851
0 HORIZONS 1 (GALAXY 13)
1 27954U 03044A   13292.67659374  .00000031  00000-0  00000+0 0  7038
2 27954 000.0138 209.6967 0001203 241.1140 054.0557 01.00272671 36886
0 HORIZONS 1 (GALAXY 13)
1 27954U 03044A   13294.64111498  .00000034  00000-0  00000+0 0  7041
2 27954 000.0114 209.6581 0001195 241.1119 043.2671 01.00273209 36906
