0 SL-6 R/B(2)
1 28164U 04005B   13283.18667439  .00001189  00000-0  18829-1 0  6323
2 28164 064.9000 126.4512 7099592 251.0363 024.7444 01.96932353 69375
0 SL-6 R/B(2)
1 28164U 04005B   13283.18667914  .00000000  00000-0  10000-3 0  6338
2 28164 064.8908 126.4786 7098860 250.9964 024.8387 01.96935849 69376
0 SL-6 R/B(2)
1 28164U 04005B   13285.72568830  .00000889  00000-0  18829-1 0  6337
2 28164 064.9009 126.1709 7102761 250.9728 024.9439 01.96939729 69421
0 SL-6 R/B(2)
1 28164U 04005B   13286.18218366  .00000815  00000-0  21964-1 0  6348
2 28164 064.9053 126.0975 7103189 250.9829 348.5966 01.96941108 69425
0 SL-6 R/B(2)
1 28164U 04005B   13294.29879858 -.00000932  00000-0 -29194-1 0  6354
2 28164 064.8999 125.1688 7108191 250.8592 343.4704 01.96952127 69582
