0 NIMBUS 2 DEB
1 28208U 66040W   13281.14769943  .00001289  00000-0  20867-2 0  3555
2 28208 100.3330 029.0135 0051835 105.9229 012.1997 13.49916577626715
0 NIMBUS 2 DEB
1 28208U 66040W   13282.24142539  .00001556  00000-0  25022-2 0  3569
2 28208 100.3334 030.1483 0051678 103.2763 287.4146 13.49927182626860
0 NIMBUS 2 DEB
1 28208U 66040W   13285.81930297  .00001455  00000-0  23453-2 0  3576
2 28208 100.3284 033.8501 0051141 094.5988 035.0022 13.49936743627348
0 NIMBUS 2 DEB
1 28208U 66040W   13286.85609421  .00001781  00000-0  28535-2 0  3582
2 28208 100.3296 034.9255 0051045 091.9652 033.7130 13.49944992627486
0 NIMBUS 2 DEB
1 28208U 66040W   13288.11558251  .00001986  00000-0  31730-2 0  3596
2 28208 100.3318 036.2325 0051186 088.6769 034.7895 13.49946171627651
0 NIMBUS 2 DEB
1 28208U 66040W   13289.28162991  .00001772  00000-0  28402-2 0  3604
2 28208 100.3315 037.4417 0050714 085.8697 301.5439 13.49952805627816
0 NIMBUS 2 DEB
1 28208U 66040W   13293.29017512  .00001996  00000-0  31894-2 0  3616
2 28208 100.3309 041.5957 0049879 075.6581 342.9540 13.49966535628350
0 NIMBUS 2 DEB
1 28208U 66040W   13294.79157860  .00002200  00000-0  35066-2 0  3628
2 28208 100.3307 043.1507 0050016 072.1400 079.4773 13.49970411628554
