0 SL-12 R/B(2)
1 28240U 04015D   13282.61067198  .00000000  00000-0  10000-3 0  1042
2 28240 008.2564 052.4840 0015535 206.7090 153.2418 01.00701698 34798
0 SL-12 R/B(2)
1 28240U 04015D   13282.61069219  .00000057  00000-0  10000-3 0  1040
2 28240 008.2562 052.4912 0015626 206.4263 153.5184 01.00704646 34795
0 SL-12 R/B(2)
1 28240U 04015D   13285.58956905  .00000072  00000-0  10000-3 0  1054
2 28240 008.2619 052.4570 0015646 206.4899 153.4608 01.00705349 34820
0 SL-12 R/B(2)
1 28240U 04015D   13287.57545434  .00000083  00000-0  10000-3 0  1069
2 28240 008.2663 052.4290 0015945 206.4132 153.5361 01.00705907 34849
0 SL-12 R/B(2)
1 28240U 04015D   13289.56125922  .00000000  00000-0  10000-3 0  1076
2 28240 008.2690 052.4047 0015787 206.9065 153.0268 01.00703607 34861
0 SL-12 R/B(2)
1 28240U 04015D   13291.54706571  .00000102  00000-0  10000-3 0  1075
2 28240 008.2735 052.3837 0015980 206.4441 153.4546 01.00707267 34886
0 SL-12 R/B(2)
1 28240U 04015D   13294.52577748  .00000112  00000-0  10000-3 0  1080
2 28240 008.2791 052.3499 0016153 206.5666 153.3077 01.00708438 34918
