0 SL-18 DEB
1 28291U 93014U   13281.98882699  .00012339  00000-0  26511-2 0  2845
2 28291 075.7523 027.5788 0127253 343.7831 015.9282 14.53605532514741
0 SL-18 DEB
1 28291U 93014U   13283.98472679  .00010645  00000-0  22857-2 0  2858
2 28291 075.7520 024.2038 0127383 338.8910 020.7029 14.53643796515037
0 SL-18 DEB
1 28291U 93014U   13285.56764997  .00009174  00000-0  19693-2 0  2861
2 28291 075.7523 021.5270 0127504 335.0325 024.4711 14.53667557515267
0 SL-18 DEB
1 28291U 93014U   13286.66879895  .00009239  00000-0  19822-2 0  2874
2 28291 075.7526 019.6650 0127575 332.3676 027.0751 14.53684714515422
0 SL-18 DEB
1 28291U 93014U   13287.90757547  .00017103  00000-0  36596-2 0  2888
2 28291 075.7528 017.5702 0127678 329.3773 029.9987 14.53709775515604
0 SL-18 DEB
1 28291U 93014U   13288.93986877  .00014114  00000-0  30199-2 0  2895
2 28291 075.7531 015.8250 0127727 326.8914 032.4306 14.53737324515752
0 SL-18 DEB
1 28291U 93014U   13290.52268787  .00014847  00000-0  31732-2 0  2905
2 28291 075.7533 013.1490 0127857 323.0670 036.1747 14.53768689515986
0 SL-18 DEB
1 28291U 93014U   13291.55494109  .00012211  00000-0  26098-2 0  2911
2 28291 075.7531 011.4035 0127951 320.5764 038.6147 14.53791742516136
0 SL-18 DEB
1 28291U 93014U   13292.93125469  .00012001  00000-0  25630-2 0  2923
2 28291 075.7525 009.0758 0128019 317.2622 041.8647 14.53821262516330
0 SL-18 DEB
1 28291U 93014U   13294.51398178  .00015921  00000-0  33941-2 0  2937
2 28291 075.7521 006.3987 0128154 313.4680 045.5888 14.53851510516564
0 SL-18 DEB
1 28291U 93014U   13295.54617597  .00015324  00000-0  32664-2 0  2949
2 28291 075.7518 004.6520 0127975 311.0567 047.9600 14.53875974516717
