0 SECOR 9 (EGRS 9)
1 02861U 67065A   13279.54325817  .00000002  00000-0  00000+0 0  3915
2 02861 090.1877 298.3183 0071290 179.4700 340.4214 08.36650281413546
0 SECOR 9 (EGRS 9)
1 02861U 67065A   13284.04127347  .00000002  00000-0  00000+0 0  3925
2 02861 090.1876 298.3455 0071362 175.1655 208.2219 08.36650360413925
0 SECOR 9 (EGRS 9)
1 02861U 67065A   13288.51077888  .00000002  00000-0  00000+0 0  3936
2 02861 090.1874 298.3725 0071382 170.9618 350.0821 08.36650302414299
0 SECOR 9 (EGRS 9)
1 02861U 67065A   13293.00811262  .00000002  00000-0  00000+0 0  3949
2 02861 090.1873 298.3994 0071330 166.7144 215.7760 08.36650223414679
