0 FREGAT R/B
1 28923U 05051B   13279.63333554  .00000068  00000-0  00000+0 0   128
2 28923 056.3946 116.9757 0013746 189.2092 015.6468 01.68647624 47888
0 FREGAT R/B
1 28923U 05051B   13282.41014863  .00000055  00000-0  00000+0 0   134
2 28923 056.3960 116.9024 0013711 189.2488 261.5353 01.68647734 47935
0 FREGAT R/B
1 28923U 05051B   13287.34756057  .00000060  00000-0  00000+0 0   146
2 28923 056.3981 116.7724 0013660 189.2051 019.3058 01.68647922 48012
0 FREGAT R/B
1 28923U 05051B   13289.96651642  .00000055  00000-0  00000+0 0   155
2 28923 056.3992 116.7034 0013630 189.2741 169.3259 01.68647983 48051
0 FREGAT R/B
1 28923U 05051B   13292.63188028  .00000040  00000-0  00000+0 0   161
2 28923 056.4003 116.6332 0013626 189.2256 347.6416 01.68647994 48105
