0 ALOS
1 28931U 06002A   13282.48361596  .00000576  00000-0  12770-3 0  5443
2 28931 098.0189 343.9243 0000608 131.6019 228.5239 14.60567512410725
0 ALOS
1 28931U 06002A   13282.82615272  .00000607  00000-0  13417-3 0  5459
2 28931 098.0191 344.2564 0000663 129.9050 230.2202 14.60568032410777
0 ALOS
1 28931U 06002A   13283.16868942  .00000697  00000-0  15262-3 0  5461
2 28931 098.0190 344.5882 0000646 131.1855 228.9414 14.60569002410824
0 ALOS
1 28931U 06002A   13283.37421115  .00000724  00000-0  15819-3 0  5471
2 28931 098.0188 344.7873 0000647 130.9421 229.1845 14.60569484410858
0 ALOS
1 28931U 06002A   13283.57973275  .00000743  00000-0  16216-3 0  5475
2 28931 098.0189 344.9863 0000679 130.9761 229.1501 14.60569936410886
0 ALOS
1 28931U 06002A   13283.85376183  .00000750  00000-0  16350-3 0  5489
2 28931 098.0189 345.2517 0000709 131.6592 228.4653 14.60570194410923
0 ALOS
1 28931U 06002A   13284.19629838  .00000835  00000-0  18110-3 0  5496
2 28931 098.0188 345.5833 0000725 134.9555 225.1739 14.60571337410973
0 ALOS
1 28931U 06002A   13284.47032655  .00000860  00000-0  18619-3 0  5506
2 28931 098.0187 345.8490 0000790 135.8747 224.2527 14.60571989411013
0 ALOS
1 28931U 06002A   13285.49793346  .00000874  00000-0  18919-3 0  5531
2 28931 098.0187 346.8440 0000823 136.0392 224.0876 14.60573974411162
0 ALOS
1 28931U 06002A   13285.84046896  .00000828  00000-0  17970-3 0  5547
2 28931 098.0187 347.1757 0000791 134.7955 225.3291 14.60574189411211
0 ALOS
1 28931U 06002A   13286.18300474  .00000861  00000-0  18647-3 0  5550
2 28931 098.0187 347.5070 0000811 137.0196 223.1085 14.60575001411265
0 ALOS
1 28931U 06002A   13286.52553962  .00000835  00000-0  18107-3 0  5563
2 28931 098.0188 347.8389 0000814 137.4708 222.6555 14.60575482411313
0 ALOS
1 28931U 06002A   13286.86807484  .00000739  00000-0  16127-3 0  5575
2 28931 098.0188 348.1703 0000834 139.5817 220.5427 14.60575447411364
0 ALOS
1 28931U 06002A   13287.21060981  .00000777  00000-0  16905-3 0  5585
2 28931 098.0188 348.5020 0000860 143.6910 216.4359 14.60576364411412
0 ALOS
1 28931U 06002A   13287.55314457  .00000742  00000-0  16193-3 0  5594
2 28931 098.0188 348.8336 0000876 143.3944 216.7323 14.60576850411465
0 ALOS
1 28931U 06002A   13287.89567916  .00000784  00000-0  17065-3 0  5608
2 28931 098.0188 349.1653 0000889 143.1684 216.9574 14.60577489411519
0 ALOS
1 28931U 06002A   13288.16970729  .00000714  00000-0  15622-3 0  5610
2 28931 098.0188 349.4305 0000916 141.8372 218.2899 14.60577601411551
0 ALOS
1 28931U 06002A   13288.51224172  .00000712  00000-0  15580-3 0  5625
2 28931 098.0187 349.7620 0000923 140.9316 219.1956 14.60578190411603
0 ALOS
1 28931U 06002A   13288.85477593  .00000774  00000-0  16842-3 0  5630
2 28931 098.0185 350.0934 0000939 139.5686 220.5573 14.60578884411651
0 ALOS
1 28931U 06002A   13289.19731013  .00000868  00000-0  18792-3 0  5649
2 28931 098.0185 350.4252 0000975 140.8418 219.2877 14.60580094411700
0 ALOS
1 28931U 06002A   13289.53984362  .00000884  00000-0  19114-3 0  5652
2 28931 098.0187 350.7568 0001018 139.9747 220.1534 14.60580850411754
0 ALOS
1 28931U 06002A   13289.88237742  .00000885  00000-0  19129-3 0  5661
2 28931 098.0186 351.0881 0001050 139.5062 220.6205 14.60581307411801
0 ALOS
1 28931U 06002A   13290.22491108  .00000956  00000-0  20604-3 0  5679
2 28931 098.0186 351.4198 0001060 138.9516 221.1775 14.60582429411853
0 ALOS
1 28931U 06002A   13290.36192428  .00000969  00000-0  20863-3 0  5689
2 28931 098.0186 351.5525 0001081 138.0326 222.0962 14.60582800411874
0 ALOS
1 28931U 06002A   13290.70445739  .00000982  00000-0  21139-3 0  5696
2 28931 098.0187 351.8844 0001123 138.4860 221.6431 14.60583626411925
0 ALOS
1 28931U 06002A   13290.84147060  .00001021  00000-0  21923-3 0  5705
2 28931 098.0187 352.0170 0001124 136.5121 223.6160 14.60583961411945
0 ALOS
1 28931U 06002A   13291.18400387  .00001012  00000-0  21747-3 0  5712
2 28931 098.0189 352.3487 0001123 135.4390 224.6904 14.60584683411990
0 ALOS
1 28931U 06002A   13291.52653679  .00001011  00000-0  21718-3 0  5722
2 28931 098.0187 352.6802 0001171 135.1804 224.9496 14.60585401412047
0 ALOS
1 28931U 06002A   13291.86906935  .00001020  00000-0  21901-3 0  5730
2 28931 098.0189 353.0123 0001191 132.9143 227.2132 14.60585960412091
0 ALOS
1 28931U 06002A   13292.21160201  .00001075  00000-0  23037-3 0  5741
2 28931 098.0191 353.3440 0001181 133.6061 226.5250 14.60587179412148
0 ALOS
1 28931U 06002A   13292.55413411  .00001022  00000-0  21946-3 0  5752
2 28931 098.0190 353.6756 0001202 134.2269 225.9035 14.60587777412194
0 ALOS
1 28931U 06002A   13292.89666623  .00001027  00000-0  22057-3 0  5764
2 28931 098.0191 354.0073 0001224 134.3482 225.7812 14.60588400412245
0 ALOS
1 28931U 06002A   13293.17069208  .00001055  00000-0  22632-3 0  5773
2 28931 098.0191 354.2726 0001243 135.3544 224.7770 14.60589145412286
0 ALOS
1 28931U 06002A   13293.51322402  .00000997  00000-0  21429-3 0  5787
2 28931 098.0191 354.6044 0001295 136.0081 224.1231 14.60589562412339
0 ALOS
1 28931U 06002A   13293.85575587  .00000823  00000-0  17854-3 0  5794
2 28931 098.0190 354.9362 0001316 136.4517 223.6746 14.60589121412387
0 ALOS
1 28931U 06002A   13294.19828815  .00000860  00000-0  18614-3 0  5805
2 28931 098.0187 355.2681 0001291 135.8892 224.2421 14.60590128412434
0 ALOS
1 28931U 06002A   13294.54081945  .00000878  00000-0  18990-3 0  5816
2 28931 098.0184 355.5995 0001298 135.5761 224.5551 14.60590978412486
0 ALOS
1 28931U 06002A   13294.88335073  .00000921  00000-0  19869-3 0  5823
2 28931 098.0184 355.9313 0001275 134.9584 225.1709 14.60591618412535
0 ALOS
1 28931U 06002A   13295.22588211  .00000961  00000-0  20688-3 0  5832
2 28931 098.0182 356.2630 0001321 136.9488 223.1838 14.60592629412585
0 ALOS
1 28931U 06002A   13295.49990658  .00000942  00000-0  20303-3 0  5847
2 28931 098.0181 356.5280 0001358 136.3310 223.8002 14.60593153412624
0 ALOS
1 28931U 06002A   13295.84243785  .00000782  00000-0  17005-3 0  5856
2 28931 098.0179 356.8595 0001361 137.6278 222.5012 14.60592864412674
0 ALOS
1 28931U 06002A   13296.18496879  .00000916  00000-0  19756-3 0  5863
2 28931 098.0174 357.1912 0001422 138.2348 221.8983 14.60594249412723
