0 SL-21 R/B
1 29159U 06019C   13281.85476994  .00023476  00000-0  27953-3 0  1868
2 29159 078.8841 052.0232 0046962 119.8892 359.2274 15.59562393414484
0 SL-21 R/B
1 29159U 06019C   13282.48280301  .00031217  00000-0  37075-3 0  1872
2 29159 078.8837 051.0437 0046895 117.7925 285.3396 15.59614672414587
0 SL-21 R/B
1 29159U 06019C   13282.94913718  .00028015  00000-0  33263-3 0  1886
2 29159 078.8835 050.3160 0046836 116.2045 023.6877 15.59633092414654
0 SL-21 R/B
1 29159U 06019C   13283.91143227  .00027123  00000-0  32157-3 0  1895
2 29159 078.8832 048.8147 0046754 113.0340 026.7482 15.59677676414809
0 SL-21 R/B
1 29159U 06019C   13286.33481287  .00024519  00000-0  28953-3 0  1913
2 29159 078.8831 045.0336 0046612 104.9560 314.2333 15.59795438415182
0 SL-21 R/B
1 29159U 06019C   13287.42615664  .00024998  00000-0  29473-3 0  1922
2 29159 078.8836 043.3305 0046521 101.2902 322.5741 15.59839181415351
0 SL-21 R/B
1 29159U 06019C   13288.38781304  .00034538  00000-0  40590-3 0  1938
2 29159 078.8839 041.8300 0046413 098.0654 322.8362 15.59905780415507
0 SL-21 R/B
1 29159U 06019C   13288.78243972  .00029882  00000-0  35113-3 0  1948
2 29159 078.8841 041.2143 0046405 096.7304 018.9742 15.59921209415562
0 SL-21 R/B
1 29159U 06019C   13290.43804155  .00031049  00000-0  36369-3 0  1952
2 29159 078.8849 038.6312 0046254 091.2244 316.6829 15.60009132415820
0 SL-21 R/B
1 29159U 06019C   13291.86539810  .00028327  00000-0  33101-3 0  1960
2 29159 078.8848 036.4035 0046135 086.4034 053.0892 15.60083827416048
0 SL-21 R/B
1 29159U 06019C   13293.39142470  .00026472  00000-0  30852-3 0  1972
2 29159 078.8848 034.0219 0046154 081.3416 343.9526 15.60155101416281
0 SL-21 R/B
1 29159U 06019C   13294.81679575  .00029358  00000-0  34124-3 0  1984
2 29159 078.8849 031.7975 0046104 076.6047 069.8457 15.60220006416506
0 SL-21 R/B
1 29159U 06019C   13295.84163715  .00028477  00000-0  33041-3 0  1991
2 29159 078.8849 030.1976 0046073 073.1705 066.3155 15.60269353416660
