0 ARABSAT 4B
1 29526U 06051A   13281.01689641  .00000134  00000-0  10000-3 0  3385
2 29526 000.0708 309.6947 0001549 239.6580 219.5835 01.00253634 25410
0 ARABSAT 4B
1 29526U 06051A   13281.89080483  .00000133  00000-0  10000-3 0  3390
2 29526 000.0675 305.5855 0003914 308.7611 110.0386 01.00275332 25423
0 ARABSAT 4B
1 29526U 06051A   13283.79444994  .00000127  00000-0  10000-3 0  3407
2 29526 000.0646 308.2905 0003855 303.3641 079.9388 01.00275279 25431
0 ARABSAT 4B
1 29526U 06051A   13287.08569240  .00000119  00000-0  10000-3 0  3428
2 29526 000.0609 315.4838 0003647 282.1204 202.0419 01.00270635 25472
0 ARABSAT 4B
1 29526U 06051A   13288.77449850  .00000120  00000-0  10000-3 0  3432
2 29526 000.0591 318.3047 0003311 276.6700 094.2995 01.00271093 25483
0 ARABSAT 4B
1 29526U 06051A   13290.00727317  .00000122  00000-0  10000-3 0  3441
2 29526 000.0584 320.7129 0003567 275.2763 178.2976 01.00271966 25504
0 ARABSAT 4B
1 29526U 06051A   13291.01231087  .00000124  00000-0  10000-3 0  3450
2 29526 000.0579 323.8246 0003690 276.3790 176.8855 01.00272484 25518
0 ARABSAT 4B
1 29526U 06051A   13292.06463368  .00000126  00000-0  10000-3 0  3468
2 29526 000.0573 327.7873 0003718 271.1147 198.0655 01.00273075 25523
0 ARABSAT 4B
1 29526U 06051A   13293.12883958  .00000128  00000-0  10000-3 0  3470
2 29526 000.0571 328.7294 0004105 276.2531 216.1504 01.00273788 25530
0 ARABSAT 4B
1 29526U 06051A   13295.00727529  .00000131  00000-0  10000-3 0  3485
2 29526 000.0567 325.7920 0004191 281.0462 172.4015 01.00275037 25552
