0 COSMOS 2426 (GLONASS)
1 29671U 06062B   13281.62946160 -.00000039  00000-0  10000-3 0  9300
2 29671 065.9107 350.1447 0018905 169.1120 303.9642 02.13103072 52825
0 COSMOS 2426 (GLONASS)
1 29671U 06062B   13282.79124367 -.00000046  00000-0  10000-3 0  9315
2 29671 065.9105 350.1058 0018902 169.1839 115.1696 02.13103064 52840
0 COSMOS 2426 (GLONASS)
1 29671U 06062B   13283.96278515 -.00000052  00000-0  10000-3 0  9328
2 29671 065.9106 350.0665 0018876 169.4356 293.6824 02.13103067 52872
0 COSMOS 2426 (GLONASS)
1 29671U 06062B   13285.30919542 -.00000058  00000-0  10000-3 0  9337
2 29671 065.9104 350.0214 0018865 169.5128 246.5226 02.13103063 52909
0 COSMOS 2426 (GLONASS)
1 29671U 06062B   13286.32709712 -.00000060  00000-0  10000-3 0  9340
2 29671 065.9104 349.9874 0018854 169.6674 307.2648 02.13103054 52928
0 COSMOS 2426 (GLONASS)
1 29671U 06062B   13287.56553978 -.00000060  00000-0  10000-3 0  9359
2 29671 065.9104 349.9461 0018839 169.7830 177.2377 02.13103054 52944
0 COSMOS 2426 (GLONASS)
1 29671U 06062B   13288.65409918 -.00000058  00000-0  10000-3 0  9362
2 29671 065.9103 349.9096 0018836 169.9391 292.1849 02.13103049 52976
0 COSMOS 2426 (GLONASS)
1 29671U 06062B   13290.06181898 -.00000055  00000-0  10000-3 0  9372
2 29671 065.9102 349.8627 0018824 170.1073 291.9677 02.13103039 53002
0 COSMOS 2426 (GLONASS)
1 29671U 06062B   13291.41224856 -.00000054  00000-0  10000-3 0  9384
2 29671 065.9101 349.8177 0018763 170.3521 247.7221 02.13103015 53034
0 COSMOS 2426 (GLONASS)
1 29671U 06062B   13292.66476355 -.00000056  00000-0  10000-3 0  9398
2 29671 065.9101 349.7758 0018749 170.4027 128.5556 02.13103012 53050
0 COSMOS 2426 (GLONASS)
1 29671U 06062B   13293.72775219 -.00000058  00000-0  10000-3 0  9401
2 29671 065.9100 349.7404 0018722 170.6094 223.8344 02.13102999 53084
0 COSMOS 2426 (GLONASS)
1 29671U 06062B   13295.02466154 -.00000061  00000-0  10000-3 0  9416
2 29671 065.9100 349.6972 0018706 170.6876 138.6976 02.13102985 53105
