0 DELTA 2 R/B(2)
1 30799U 07004G   13281.52414966 -.00000743  00000-0 -13803-1 0  7867
2 30799 013.3515 341.6350 8582373 201.3241 215.4574 00.78336319 18815
0 DELTA 2 R/B(2)
1 30799U 07004G   13282.38010877 -.00000573  00000-0  10610-1 0  7879
2 30799 013.3505 341.5449 8582161 201.5045 096.8468 00.78333533 18820
0 DELTA 2 R/B(2)
1 30799U 07004G   13283.51491782 -.00000458  00000-0  31587-1 0  7882
2 30799 013.3484 341.4237 8582241 201.7459 056.8670 00.78330975 18839
0 DELTA 2 R/B(2)
1 30799U 07004G   13283.53595637  .00000004  00000-0  52703-3 0  7890
2 30799 013.2583 341.3036 8582575 201.8351 062.7536 00.78337534 18820
0 DELTA 2 R/B(2)
1 30799U 07004G   13285.77081877 -.00000324  00000-0  60522-1 0  7908
2 30799 013.3453 341.1838 8582196 202.2245 332.9893 00.78328809 18857
0 DELTA 2 R/B(2)
1 30799U 07004G   13286.08815057 -.00000170  00000-0  80103-1 0  7915
2 30799 013.3443 341.1498 8582400 202.2906 062.4994 00.78326341 18856
0 DELTA 2 R/B(2)
1 30799U 07004G   13287.50720936 -.00000361  00000-0  55898-1 0  7920
2 30799 013.3427 340.9995 8582238 202.5918 102.5960 00.78330218 18860
0 DELTA 2 R/B(2)
1 30799U 07004G   13289.34357111 -.00000490  00000-0  31238-1 0  7931
2 30799 013.3405 340.8032 8581801 202.9822 260.3588 00.78334706 18887
0 DELTA 2 R/B(2)
1 30799U 07004G   13290.95371069 -.00000613  00000-0  64992-2 0  7940
2 30799 013.3394 340.6336 8581304 203.3201 354.3536 00.78338517 18895
0 DELTA 2 R/B(2)
1 30799U 07004G   13291.76313495 -.00000687  00000-0 -62301-2 0  7954
2 30799 013.3386 340.5482 8580953 203.4883 222.5839 00.78340315 18894
0 DELTA 2 R/B(2)
1 30799U 07004G   13292.48241170 -.00000706  00000-0 -10374-1 0  7969
2 30799 013.3382 340.4731 8580756 203.6376 065.4116 00.78340813 18903
0 DELTA 2 R/B(2)
1 30799U 07004G   13294.72533845 -.00000720  00000-0 -11128-1 0  7976
2 30799 013.3359 340.2364 8580356 204.1044 337.9194 00.78340427 18927
