0 SAUDICOMSAT 3
1 31125U 07012J   13282.11059646  .00000410  00000-0  86938-4 0  9814
2 31125 097.8040 302.0322 0043220 313.8252 045.9381 14.63524445345997
0 SAUDICOMSAT 3
1 31125U 07012J   13283.47797886  .00000382  00000-0  81477-4 0  9821
2 31125 097.8038 303.3272 0043170 309.3531 050.3850 14.63525688346190
0 SAUDICOMSAT 3
1 31125U 07012J   13284.50351496  .00000403  00000-0  85575-4 0  9837
2 31125 097.8036 304.2984 0043149 305.9935 053.7271 14.63526565346340
0 SAUDICOMSAT 3
1 31125U 07012J   13285.52905041  .00000406  00000-0  86045-4 0  9848
2 31125 097.8033 305.2695 0043131 302.6326 057.0718 14.63527218346491
0 SAUDICOMSAT 3
1 31125U 07012J   13286.62295433  .00000471  00000-0  98508-4 0  9857
2 31125 097.8030 306.3054 0043117 299.0587 060.6301 14.63528019346657
0 SAUDICOMSAT 3
1 31125U 07012J   13288.05870326  .00000693  00000-0  14067-3 0  9860
2 31125 097.8028 307.6648 0043098 294.3716 065.2991 14.63531281346861
0 SAUDICOMSAT 3
1 31125U 07012J   13289.08423669  .00000551  00000-0  11374-3 0  9870
2 31125 097.8026 308.6358 0043080 291.0201 068.6397 14.63532996347011
0 SAUDICOMSAT 3
1 31125U 07012J   13290.45161348  .00000519  00000-0  10762-3 0  9881
2 31125 097.8026 309.9302 0043057 286.5170 073.1305 14.63534397347211
0 SAUDICOMSAT 3
1 31125U 07012J   13291.47714518  .00000508  00000-0  10542-3 0  9892
2 31125 097.8027 310.9010 0043058 283.1626 076.4774 14.63535377347361
0 SAUDICOMSAT 3
1 31125U 07012J   13292.50267645  .00000525  00000-0  10865-3 0  9900
2 31125 097.8027 311.8718 0043074 279.7852 079.8488 14.63536362347517
0 SAUDICOMSAT 3
1 31125U 07012J   13293.59657579  .00000592  00000-0  12140-3 0  9912
2 31125 097.8028 312.9074 0043081 276.2137 083.4160 14.63537483347671
0 SAUDICOMSAT 3
1 31125U 07012J   13294.62210597  .00000623  00000-0  12737-3 0  9920
2 31125 097.8028 313.8783 0043108 272.8700 086.7570 14.63539063347820
0 SAUDICOMSAT 3
1 31125U 07012J   13295.98947892  .00000615  00000-0  12584-3 0  9937
2 31125 097.8028 315.1728 0043123 268.3852 091.2411 14.63541130348025
