0 COSMOS 2433 (GLONASS)
1 32275U 07052A   13281.59418072  .00000067  00000-0  10000-3 0  6549
2 32275 064.9941 111.0774 0001486 199.1940 207.6239 02.13105151 46331
0 COSMOS 2433 (GLONASS)
1 32275U 07052A   13282.71509481  .00000067  00000-0  10000-3 0  6550
2 32275 064.9943 111.0397 0001506 198.5468 348.2097 02.13105151 46351
0 COSMOS 2433 (GLONASS)
1 32275U 07052A   13284.01186392  .00000073  00000-0  10000-3 0  6565
2 32275 064.9948 110.9962 0001551 196.7942 264.8131 02.13105159 46382
0 COSMOS 2433 (GLONASS)
1 32275U 07052A   13286.40687356  .00000088  00000-0  10000-3 0  6584
2 32275 064.9960 110.9157 0001647 191.5717 307.4281 02.13105062 46430
0 COSMOS 2433 (GLONASS)
1 32275U 07052A   13287.64688729  .00000090  00000-0  10000-3 0  6590
2 32275 064.9957 110.8740 0001548 194.3631 175.9469 02.13105159 46465
0 COSMOS 2433 (GLONASS)
1 32275U 07052A   13288.65643648  .00000086  00000-0  10000-3 0  6600
2 32275 064.9959 110.8400 0001550 193.5829 231.2295 02.13105163 46483
0 COSMOS 2433 (GLONASS)
1 32275U 07052A   13290.04566198  .00000073  00000-0  10000-3 0  6617
2 32275 064.9961 110.7931 0001592 192.5006 218.0910 02.13105138 46519
0 COSMOS 2433 (GLONASS)
1 32275U 07052A   13291.19118964  .00000059  00000-0  10000-3 0  6623
2 32275 064.9965 110.7546 0001602 192.7856 016.6265 02.13105124 46534
0 COSMOS 2433 (GLONASS)
1 32275U 07052A   13292.35600501  .00000045  00000-0  10000-3 0  6631
2 32275 064.9968 110.7153 0001618 192.2170 190.8134 02.13105116 46566
0 COSMOS 2433 (GLONASS)
1 32275U 07052A   13293.77276600  .00000035  00000-0  10000-3 0  6647
2 32275 064.9973 110.6677 0001626 192.0589 197.8762 02.13105106 46599
0 COSMOS 2433 (GLONASS)
1 32275U 07052A   13294.87804721  .00000035  00000-0  10000-3 0  6651
2 32275 064.9975 110.6304 0001650 191.9540 325.9258 02.13105093 46612
