0 SL-12 R/B(2)
1 32396U 07065D   13281.38434966 -.00000038  00000-0  00000+0 0  8045
2 32396 065.5162 349.6617 0025211 189.5152 138.4181 02.13392966 45105
0 SL-12 R/B(2)
1 32396U 07065D   13287.86284954 -.00000059  00000-0  00000+0 0  8069
2 32396 065.5160 349.4414 0025221 189.8273 074.9429 02.13393229 45241
0 SL-12 R/B(2)
1 32396U 07065D   13289.86381007 -.00000056  00000-0  00000+0 0  8076
2 32396 065.5159 349.3734 0025232 189.8430 172.0834 02.13393231 45298
0 SL-12 R/B(2)
1 32396U 07065D   13294.54754758 -.00000061  00000-0  00000+0 0  8081
2 32396 065.5159 349.2139 0025280 189.0972 170.9284 02.13393112 45397
