0 AMOS 3
1 32794U 08022A   13283.15064691 -.00000050  00000-0  00000+0 0  8934
2 32794 000.0057 240.8592 0002219 272.0205 276.2713 01.00271627 19993
0 AMOS 3
1 32794U 08022A   13286.25627280 -.00000059  00000-0  00000+0 0  8947
2 32794 000.0003 060.8176 0002219 092.1242 317.2889 01.00271663 20020
0 AMOS 3
1 32794U 08022A   13288.27414524 -.00000059  00000-0  00000+0 0  8957
2 32794 000.0041 060.7905 0002219 092.1916 325.6725 01.00271975 20049
0 AMOS 3
1 32794U 08022A   13290.18649336 -.00000057  00000-0  00000+0 0  8960
2 32794 000.0078 060.7649 0002219 092.2555 295.9715 01.00272683 20061
0 AMOS 3
1 32794U 08022A   13292.19903715 -.00000052  00000-0  00000+0 0  8973
2 32794 000.0118 274.5763 0002660 247.3889 293.5397 01.00272852 20081
0 AMOS 3
1 32794U 08022A   13295.13523205 -.00000047  00000-0  00000+0 0  8987
2 32794 000.0193 130.7110 0002588 036.9706 267.7598 01.00273191 20119
