0 RUBIN 8/PSLV
1 32792U 08021K   13282.48356233  .00000516  00000-0  78519-4 0  7178
2 32792 097.6757 300.5455 0027336 271.0949 088.7131 14.77681157293538
0 RUBIN 8/PSLV
1 32792U 08021K   13283.63471826  .00000502  00000-0  76539-4 0  7188
2 32792 097.6754 301.6421 0027358 267.1633 092.6447 14.77682211293705
0 RUBIN 8/PSLV
1 32792U 08021K   13285.66616698  .00000497  00000-0  75876-4 0  7200
2 32792 097.6750 303.5772 0027432 260.2224 099.5889 14.77684076294005
0 RUBIN 8/PSLV
1 32792U 08021K   13286.68188991  .00000613  00000-0  92066-4 0  7214
2 32792 097.6747 304.5447 0027490 256.7907 103.0238 14.77684551294156
0 RUBIN 8/PSLV
1 32792U 08021K   13287.69761351  .00000694  00000-0  10319-3 0  7223
2 32792 097.6746 305.5121 0027531 253.3354 106.4834 14.77687186294303
0 RUBIN 8/PSLV
1 32792U 08021K   13289.11962432  .00000649  00000-0  97031-4 0  7233
2 32792 097.6744 306.8664 0027590 248.4936 111.3334 14.77690889294510
0 RUBIN 8/PSLV
1 32792U 08021K   13290.67706075  .00000659  00000-0  98417-4 0  7246
2 32792 097.6743 308.3496 0027684 243.2144 116.6234 14.77692678294747
0 RUBIN 8/PSLV
1 32792U 08021K   13291.76049366  .00000711  00000-0  10557-3 0  7258
2 32792 097.6744 309.3813 0027741 239.5420 120.3050 14.77693442294907
0 RUBIN 8/PSLV
1 32792U 08021K   13293.11478462  .00000709  00000-0  10524-3 0  7264
2 32792 097.6744 310.6710 0027851 235.0065 124.8531 14.77695553295107
0 RUBIN 8/PSLV
1 32792U 08021K   13294.46907366  .00000693  00000-0  10304-3 0  7272
2 32792 097.6745 311.9606 0027943 230.4469 129.4273 14.77698216295300
0 RUBIN 8/PSLV
1 32792U 08021K   13295.48478892  .00000776  00000-0  11453-3 0  7281
2 32792 097.6745 312.9279 0028020 227.0671 132.8190 14.77699527295459
