0 COSMOS 2443 (GLONASS)
1 33379U 08046B   13281.67134806  .00000067  00000-0  10000-3 0  4209
2 33379 064.9198 110.5893 0020075 178.9115 204.3838 02.13101607 39200
0 COSMOS 2443 (GLONASS)
1 33379U 08046B   13282.78229973  .00000067  00000-0  10000-3 0  4213
2 33379 064.9200 110.5517 0020076 178.8891 336.6882 02.13101611 39223
0 COSMOS 2443 (GLONASS)
1 33379U 08046B   13284.15993747  .00000074  00000-0  10000-3 0  4222
2 33379 064.9200 110.5050 0020404 178.3076 314.1461 02.13101612 39258
0 COSMOS 2443 (GLONASS)
1 33379U 08046B   13286.09709459  .00000086  00000-0  10000-3 0  4247
2 33379 064.9202 110.4395 0020333 178.5189 000.0515 02.13101662 39299
0 COSMOS 2443 (GLONASS)
1 33379U 08046B   13286.72697610  .00000089  00000-0  10000-3 0  4256
2 33379 064.9188 110.4183 0020350 178.3719 123.4119 02.13100533 39301
0 COSMOS 2443 (GLONASS)
1 33379U 08046B   13287.74196860  .00000089  00000-0  10000-3 0  4261
2 33379 064.9205 110.3841 0020371 178.4639 181.9940 02.13101662 39334
0 COSMOS 2443 (GLONASS)
1 33379U 08046B   13288.94137042  .00000083  00000-0  10000-3 0  4276
2 33379 064.9209 110.3438 0020419 178.4644 022.1299 02.13101642 39352
0 COSMOS 2443 (GLONASS)
1 33379U 08046B   13290.24508168  .00000070  00000-0  10000-3 0  4280
2 33379 064.9211 110.2997 0020425 178.4323 302.3214 02.13101635 39380
0 COSMOS 2443 (GLONASS)
1 33379U 08046B   13291.30420253  .00000056  00000-0  10000-3 0  4291
2 33379 064.9214 110.2639 0020450 178.4017 034.8701 02.13101613 39401
0 COSMOS 2443 (GLONASS)
1 33379U 08046B   13292.87164042  .00000040  00000-0  10000-3 0  4300
2 33379 064.9219 110.2109 0020475 178.4101 157.3423 02.13101592 39430
0 COSMOS 2443 (GLONASS)
1 33379U 08046B   13294.07450936  .00000034  00000-0  10000-3 0  4318
2 33379 064.9222 110.1703 0020476 178.3986 000.1506 02.13101585 39466
0 COSMOS 2443 (GLONASS)
1 33379U 08046B   13295.23950870  .00000036  00000-0  10000-3 0  4322
2 33379 064.9228 110.1310 0020477 178.3770 173.9170 02.13101580 39481
