0 SL-24 DEB
1 33398U 08049C   13282.74330592  .00000931  00000-0  16015-3 0  8286
2 33398 098.8099 156.6619 0030337 035.6912 324.6312 14.71054735269349
0 SL-24 DEB
1 33398U 08049C   13287.50457347  .00001309  00000-0  22112-3 0  8301
2 33398 098.8091 161.8093 0030085 021.1494 339.0947 14.71065791270047
0 SL-24 DEB
1 33398U 08049C   13289.61311963  .00001332  00000-0  22489-3 0  8312
2 33398 098.8086 164.0889 0029927 014.5986 345.6076 14.71076351270358
0 SL-24 DEB
1 33398U 08049C   13291.72165340  .00001543  00000-0  25886-3 0  8322
2 33398 098.8083 166.3686 0029776 007.9910 352.1763 14.71081132270663
0 SL-24 DEB
1 33398U 08049C   13293.76216084  .00001774  00000-0  29614-3 0  8330
2 33398 098.8081 168.5744 0029656 001.6483 358.4813 14.71087148270964
0 SL-24 DEB
1 33398U 08049C   13296.07472629  .00001881  00000-0  31350-3 0  8346
2 33398 098.8081 171.0740 0029515 354.4712 005.6162 14.71096670271304
