0 PSLV R/B
1 33406U 08052B   13282.78140882  .00007620  00000-0  13294-2 0  4132
2 33406 017.7172 157.1954 6223214 012.5967 215.8948 03.72068037 65795
0 PSLV R/B
1 33406U 08052B   13284.00512494  .00008494  00000-0  14982-2 0  4147
2 33406 017.7175 156.2987 6223005 014.2639 054.9914 03.72092224 65832
0 PSLV R/B
1 33406U 08052B   13285.34780208  .00007288  00000-0  13073-2 0  4167
2 33406 017.7171 155.3141 6222722 016.0889 053.5471 03.72118997 65886
0 PSLV R/B
1 33406U 08052B   13286.36040140  .00007796  00000-0  14045-2 0  4179
2 33406 017.7169 154.5722 6222528 017.4622 330.0536 03.72135088 65923
0 PSLV R/B
1 33406U 08052B   13286.93656045  .00008078  00000-0  14547-2 0  4181
2 33406 017.7167 154.1501 6222441 018.2475 021.9064 03.72145944 65947
0 PSLV R/B
1 33406U 08052B   13287.96946022  .00008954  00000-0  16091-2 0  4192
2 33406 017.7165 153.3928 6222167 019.6532 325.6864 03.72172003 65985
0 PSLV R/B
1 33406U 08052B   13288.80958471  .00008401  00000-0  15084-2 0  4207
2 33406 017.7161 152.7770 6221994 020.7935 011.2809 03.72190092 66016
0 PSLV R/B
1 33406U 08052B   13289.41680583  .00007696  00000-0  13859-2 0  4215
2 33406 017.7161 152.3335 6221761 021.6152 104.8638 03.72202087 66031
0 PSLV R/B
1 33406U 08052B   13290.39556118  .00008549  00000-0  15301-2 0  4223
2 33406 017.7160 151.6163 6221583 022.9413 336.3232 03.72217013 66078
0 PSLV R/B
1 33406U 08052B   13291.55707965  .00008428  00000-0  15039-2 0  4235
2 33406 017.7157 150.7653 6221343 024.5171 092.7452 03.72234631 66118
0 PSLV R/B
1 33406U 08052B   13292.84139494  .00008875  00000-0  15785-2 0  4249
2 33406 017.7145 149.8246 6221142 026.2604 013.8170 03.72256104 66164
0 PSLV R/B
1 33406U 08052B   13293.92114164  .00008151  00000-0  14529-2 0  4259
2 33406 017.7159 149.0334 6220866 027.7329 020.8025 03.72281971 66203
0 PSLV R/B
1 33406U 08052B   13294.71857080  .00009001  00000-0  16099-2 0  4268
2 33406 017.7155 148.4490 6220718 028.8114 009.5370 03.72292818 66237
0 PSLV R/B
1 33406U 08052B   13295.79514774  .00008678  00000-0  15591-2 0  4273
2 33406 017.7151 147.6601 6220562 030.2738 012.4288 03.72311594 66272
