0 CZ-3B R/B
1 33415U 08055B   13281.93394110  .00023456  00000-0  18181-2 0  4388
2 33415 024.1792 327.3419 7033698 276.1765 058.8937 02.62612030 40255
0 CZ-3B R/B
1 33415U 08055B   13282.73194135  .00021482  00000-0  16481-2 0  4391
2 33415 024.1790 326.9785 7033557 276.8031 093.3682 02.62646936 40276
0 CZ-3B R/B
1 33415U 08055B   13285.96219956  .00021195  00000-0  15934-2 0  4403
2 33415 024.1784 325.5117 7032768 279.3518 268.4574 02.62784549 40362
0 CZ-3B R/B
1 33415U 08055B   13286.72332770  .00021285  00000-0  16177-2 0  4419
2 33415 024.1782 325.1665 7032399 279.9520 268.5390 02.62813789 40381
0 CZ-3B R/B
1 33415U 08055B   13289.13173498  .00025456  00000-0  19106-2 0  4427
2 33415 024.1788 324.0697 7031932 281.8540 027.6565 02.62919352 40444
0 CZ-3B R/B
1 33415U 08055B   13290.64123240  .00027774  00000-0  20577-2 0  4435
2 33415 024.1778 323.3847 7031666 283.0446 016.6018 02.62989485 40484
0 CZ-3B R/B
1 33415U 08055B   13292.17777249  .00028937  00000-0  21030-2 0  4447
2 33415 024.1769 322.6869 7031426 284.2562 031.5588 02.63064867 40528
0 CZ-3B R/B
1 33415U 08055B   13293.16229841  .00029259  00000-0  20901-2 0  4452
2 33415 024.1768 322.2365 7031304 285.0342 244.0298 02.63116431 40551
0 CZ-3B R/B
1 33415U 08055B   13294.05849407  .00030476  00000-0  21556-2 0  4468
2 33415 024.1767 321.8278 7031069 285.7478 013.0075 02.63164777 40578
0 CZ-3B R/B
1 33415U 08055B   13295.22037459  .00031832  00000-0  22261-2 0  4476
2 33415 024.1763 321.2984 7030694 286.6680 033.9078 02.63232213 40609
