0 KORONAS-FOTON
1 33504U 09003A   13282.68463925  .00001043  00000-0  63621-4 0  8647
2 33504 082.4687 126.4831 0022516 067.2780 293.0822 15.09046258257924
0 KORONAS-FOTON
1 33504U 09003A   13284.14342610  .00001498  00000-0  92224-4 0  8653
2 33504 082.4677 125.0490 0022525 062.8426 297.5104 15.09052577258145
0 KORONAS-FOTON
1 33504U 09003A   13285.53589896  .00001836  00000-0  11347-3 0  8669
2 33504 082.4671 123.6811 0022637 057.8321 302.5102 15.09059189258356
0 KORONAS-FOTON
1 33504U 09003A   13286.86205897  .00002006  00000-0  12414-3 0  8679
2 33504 082.4665 122.3781 0022750 053.4123 306.9204 15.09065245258552
0 KORONAS-FOTON
1 33504U 09003A   13288.12190695  .00002008  00000-0  12422-3 0  8681
2 33504 082.4659 121.1392 0022820 049.2143 311.1060 15.09070207258746
0 KORONAS-FOTON
1 33504U 09003A   13289.58067104  .00002180  00000-0  13500-3 0  8690
2 33504 082.4656 119.7066 0022749 044.4006 315.9042 15.09077213258969
0 KORONAS-FOTON
1 33504U 09003A   13290.90681488  .00002241  00000-0  13879-3 0  8704
2 33504 082.4653 118.4037 0022772 040.0199 320.2704 15.09083389259169
0 KORONAS-FOTON
1 33504U 09003A   13292.10033837  .00002398  00000-0  14865-3 0  8717
2 33504 082.4646 117.2297 0022770 036.3544 323.9235 15.09089888259345
0 KORONAS-FOTON
1 33504U 09003A   13293.55908286  .00002483  00000-0  15397-3 0  8723
2 33504 082.4642 115.7960 0022745 031.4679 328.7907 15.09097468259564
0 KORONAS-FOTON
1 33504U 09003A   13294.88520905  .00002458  00000-0  15238-3 0  8735
2 33504 082.4637 114.4919 0022764 027.2913 332.9506 15.09103785259767
0 KORONAS-FOTON
1 33504U 09003A   13296.21133012  .00002371  00000-0  14688-3 0  8746
2 33504 082.4633 113.1881 0022734 022.9050 337.3186 15.09109552259961
