0 ARIANE 3 DEB
1 33539U 88081P   13281.64898154 -.00000360  00000-0 -20807-1 0  2495
2 33539 007.5167 280.9264 7100497 164.0304 241.5940 02.18943989 63285
0 ARIANE 3 DEB
1 33539U 88081P   13283.47115605 -.00000015  00000-0  00000+0 0  2500
2 33539 007.4971 280.3083 7100232 165.3229 237.7312 02.18944749 62326
0 ARIANE 3 DEB
1 33539U 88081P   13287.27207196 -.00000306  00000-0 -16943-1 0  2508
2 33539 007.4882 279.0576 7097085 167.7825 353.5355 02.18937892 63403
0 ARIANE 3 DEB
1 33539U 88081P   13293.48840043 -.00000381  00000-0 -16943-1 0  2516
2 33539 007.4528 277.0328 7097462 171.7837 212.9974 02.18932151 63543
