0 ARIANE 2 DEB
1 33578U 89006BW  13281.45627506  .00000640  00000-0  40391-2 0  4645
2 33578 008.2566 049.0411 7177367 201.1777 095.0775 02.28927588 58509
0 ARIANE 2 DEB
1 33578U 89006BW  13283.63890791  .00001757  00000-0  97955-2 0  4665
2 33578 008.2329 048.1559 7179081 202.8858 093.8806 02.28932409 58556
0 ARIANE 2 DEB
1 33578U 89006BW  13283.64460478  .00000617  00000-0  37719-2 0  4656
2 33578 008.2643 048.2198 7177738 202.8249 098.5622 02.28931888 58554
0 ARIANE 2 DEB
1 33578U 89006BW  13285.64146537  .00000628  00000-0  39003-2 0  4666
2 33578 008.2717 047.4718 7178089 204.3269 304.2765 02.28934647 58601
0 ARIANE 2 DEB
1 33578U 89006BW  13288.85880784  .00000676  00000-0  45949-2 0  4671
2 33578 008.2827 046.2662 7178564 206.7453 075.9006 02.28940818 58671
0 ARIANE 2 DEB
1 33578U 89006BW  13290.61023057 -.00000150  00000-0  00000+0 0  4696
2 33578 008.2594 045.5032 7180805 208.1727 079.3776 02.28940474 58711
0 ARIANE 2 DEB
1 33578U 89006BW  13290.61745904  .00000714  00000-0  49382-2 0  4681
2 33578 008.2890 045.6097 7179080 208.0659 085.3507 02.28942935 58711
0 ARIANE 2 DEB
1 33578U 89006BW  13292.69013265  .00000816  00000-0  54670-2 0  4699
2 33578 008.2954 044.8322 7179263 209.6275 353.6365 02.28946563 58767
0 ARIANE 2 DEB
1 33578U 89006BW  13294.95181461  .00000686  00000-0  44788-2 0  4700
2 33578 008.3028 043.9872 7179603 211.3303 057.7185 02.28952782 58818
