0 NOAA 19
1 33591U 09005A   13282.44695977  .00000083  00000-0  69932-4 0  9648
2 33591 098.9140 223.6599 0015095 106.4580 030.9958 14.11560807240614
0 NOAA 19
1 33591U 09005A   13283.50325009  .00000047  00000-0  50308-4 0  9650
2 33591 098.9142 224.7091 0015165 103.5780 358.5540 14.11561162240760
0 NOAA 19
1 33591U 09005A   13284.49858390  .00000092  00000-0  74765-4 0  9667
2 33591 098.9144 225.6978 0015192 100.9481 016.2817 14.11560868240908
0 NOAA 19
1 33591U 09005A   13284.49858390  .00000092  00000-0  74765-4 0  9678
2 33591 098.9144 225.6978 0015192 100.9481 016.2817 14.11560868240908
0 NOAA 19
1 33591U 09005A   13285.48958041  .00000151  00000-0  10719-3 0  9687
2 33591 098.9146 226.6821 0015197 098.3478 011.9540 14.11560426241040
0 NOAA 19
1 33591U 09005A   13286.48160248  .00000238  00000-0  15552-3 0  9699
2 33591 098.9149 227.6673 0015197 095.7441 012.8382 14.11560042241183
0 NOAA 19
1 33591U 09005A   13287.47377664  .00000302  00000-0  19065-3 0  9708
2 33591 098.9152 228.6528 0015176 093.1853 014.4480 14.11560196241326
0 NOAA 19
1 33591U 09005A   13288.47184931  .00000381  00000-0  23387-3 0  9712
2 33591 098.9155 229.6442 0015161 090.6097 046.0308 14.11561240241467
0 NOAA 19
1 33591U 09005A   13289.46437409  .00000268  00000-0  17196-3 0  9729
2 33591 098.9157 230.6301 0015126 088.0205 049.4502 14.11562651241604
0 NOAA 19
1 33591U 09005A   13291.44903906  .00000108  00000-0  83609-4 0  9748
2 33591 098.9160 232.6017 0015124 082.8015 054.3846 14.11564803241880
0 NOAA 19
1 33591U 09005A   13292.44154190  .00000105  00000-0  82340-4 0  9751
2 33591 098.9161 233.5878 0015108 080.1662 057.7506 14.11565466242020
0 NOAA 19
1 33591U 09005A   13293.49975789  .00000169  00000-0  11710-3 0  9765
2 33591 098.9162 234.6392 0015133 077.3935 035.0046 14.11565663242176
0 NOAA 19
1 33591U 09005A   13294.49140581  .00000231  00000-0  15153-3 0  9776
2 33591 098.9162 235.6245 0015140 074.7694 034.0258 14.11565518242314
0 NOAA 19
1 33591U 09005A   13295.48428728  .00000315  00000-0  19774-3 0  9785
2 33591 098.9163 236.6110 0015121 072.1388 039.3194 14.11565333242455
