0 COSMOS 2251 DEB
1 33757U 93036E   13280.83870529  .00000016  00000-0  15813-4 0  8147
2 33757 074.0368 158.4393 0014763 178.4881 257.2793 14.31753325243161
0 COSMOS 2251 DEB
1 33757U 93036E   13283.08950572  .00000057  00000-0  30961-4 0  8151
2 33757 074.0364 154.3361 0014684 173.6259 338.8232 14.31753598243486
0 COSMOS 2251 DEB
1 33757U 93036E   13287.82617606  .00000083  00000-0  40679-4 0  8173
2 33757 074.0355 145.7012 0014492 163.6969 273.2585 14.31754458244162
0 COSMOS 2251 DEB
1 33757U 93036E   13290.14306194  .00000042  00000-0  25344-4 0  8187
2 33757 074.0353 141.4773 0014408 158.7282 335.4068 14.31755238244497
0 COSMOS 2251 DEB
1 33757U 93036E   13292.16589381  .00000051  00000-0  28590-4 0  8199
2 33757 074.0353 137.7893 0014340 154.3477 321.9315 14.31755441244784
0 COSMOS 2251 DEB
1 33757U 93036E   13294.52307579  .00000060  00000-0  32148-4 0  8204
2 33757 074.0355 133.4920 0014255 149.2176 231.8662 14.31756020245121
