0 COSMOS 2251 DEB
1 33784U 93036Z   13280.92701891  .00004186  00000-0  93720-3 0  9462
2 33784 074.2096 086.7513 0067624 187.6685 290.3434 14.55553175246504
0 COSMOS 2251 DEB
1 33784U 93036Z   13283.60964392  .00005855  00000-0  13074-2 0  9475
2 33784 074.2096 081.7227 0067467 181.8440 307.4065 14.55582780246897
0 COSMOS 2251 DEB
1 33784U 93036Z   13285.73569542  .00005262  00000-0  11754-2 0  9485
2 33784 074.2094 077.7363 0067302 177.2090 288.2042 14.55599713247200
0 COSMOS 2251 DEB
1 33784U 93036Z   13287.79046449  .00007261  00000-0  16186-2 0  9495
2 33784 074.2095 073.8835 0067141 172.7390 255.6040 14.55619320247502
0 COSMOS 2251 DEB
1 33784U 93036Z   13289.79289549  .00007496  00000-0  16700-2 0  9501
2 33784 074.2102 070.1287 0066982 168.3765 308.9138 14.55642394247799
0 COSMOS 2251 DEB
1 33784U 93036Z   13292.11738980  .00005773  00000-0  12875-2 0  9515
2 33784 074.2112 065.7702 0066808 163.2663 250.1760 14.55669693248139
0 COSMOS 2251 DEB
1 33784U 93036Z   13294.46568936  .00007094  00000-0  15797-2 0  9522
2 33784 074.2115 061.3676 0066634 158.1195 316.3947 14.55694491248477
