0 COSMOS 2251 DEB
1 33835U 93036CC  13281.66071113  .00001325  00000-0  40528-3 0  8513
2 33835 074.0635 124.6575 0082166 234.3595 190.9103 14.40887253244536
0 COSMOS 2251 DEB
1 33835U 93036CC  13283.75539647  .00001541  00000-0  46993-3 0  8529
2 33835 074.0634 120.7875 0082085 229.9984 256.4398 14.40898044244834
0 COSMOS 2251 DEB
1 33835U 93036CC  13285.98392789  .00001708  00000-0  51974-3 0  8531
2 33835 074.0633 116.6702 0082012 225.3727 296.3098 14.40903912245158
0 COSMOS 2251 DEB
1 33835U 93036CC  13287.99771306  .00002898  00000-0  87588-3 0  8542
2 33835 074.0634 112.9493 0081930 221.1918 302.2949 14.40913122245447
0 COSMOS 2251 DEB
1 33835U 93036CC  13290.21054521  .00002967  00000-0  89649-3 0  8552
2 33835 074.0636 108.8625 0081906 216.5454 260.9286 14.40922470245761
0 COSMOS 2251 DEB
1 33835U 93036CC  13292.48293839  .00003020  00000-0  91201-3 0  8569
2 33835 074.0641 104.6635 0081800 211.8007 168.5854 14.40933651246091
0 COSMOS 2251 DEB
1 33835U 93036CC  13294.93970045  .00003854  00000-0  11612-2 0  8575
2 33835 074.0648 100.1245 0081716 206.7073 312.6980 14.40944848246449
