0 IRIDIUM 33 DEB
1 33849U 97051S   13282.48907733  .00010565  00000-0  44944-2 0  4355
2 33849 086.1208 100.4180 0105093 128.7087 293.4953 14.22177696240285
0 IRIDIUM 33 DEB
1 33849U 97051S   13283.46820154  .00009906  00000-0  42128-2 0  4365
2 33849 086.1206 099.9858 0105086 125.6050 266.4468 14.22189367240420
0 IRIDIUM 33 DEB
1 33849U 97051S   13286.01950380  .00008595  00000-0  36530-2 0  4389
2 33849 086.1201 098.8599 0104910 117.5668 008.8770 14.22227051240781
0 IRIDIUM 33 DEB
1 33849U 97051S   13287.48267917  .00009180  00000-0  39008-2 0  4393
2 33849 086.1196 098.2144 0104787 112.9151 300.4056 14.22248509240994
0 IRIDIUM 33 DEB
1 33849U 97051S   13288.75018755  .00010813  00000-0  45925-2 0  4400
2 33849 086.1196 097.6551 0104781 108.8883 310.2226 14.22275928241173
0 IRIDIUM 33 DEB
1 33849U 97051S   13290.15656626  .00010594  00000-0  44985-2 0  4414
2 33849 086.1197 097.0339 0104612 104.4253 311.1977 14.22298804241371
0 IRIDIUM 33 DEB
1 33849U 97051S   13291.41777868  .00009856  00000-0  41835-2 0  4427
2 33849 086.1199 096.4771 0104467 100.4263 288.9903 14.22322601241554
0 IRIDIUM 33 DEB
1 33849U 97051S   13292.47773346  .00009354  00000-0  39693-2 0  4434
2 33849 086.1202 096.0096 0104334 097.0579 316.3688 14.22341837241704
0 IRIDIUM 33 DEB
1 33849U 97051S   13293.68828451  .00010544  00000-0  44735-2 0  4443
2 33849 086.1208 095.4754 0104196 093.1974 034.9663 14.22361197241871
0 IRIDIUM 33 DEB
1 33849U 97051S   13294.73009495  .00012132  00000-0  51461-2 0  4459
2 33849 086.1210 095.0157 0104116 089.8668 329.6072 14.22378866242028
0 IRIDIUM 33 DEB
1 33849U 97051S   13295.86796304  .00011340  00000-0  48088-2 0  4468
2 33849 086.1212 094.5138 0104012 086.2333 036.1844 14.22399832242188
