0 COSMOS 2251 DEB
1 33848U 93036CR  13284.15816544  .00001457  00000-0  60591-3 0  8506
2 33848 074.0397 188.6186 0058532 244.8631 266.1638 14.26371920242406
0 COSMOS 2251 DEB
1 33848U 93036CR  13286.73543516  .00001515  00000-0  62941-3 0  8515
2 33848 074.0396 183.9620 0058336 239.5786 180.3153 14.26377048242765
0 COSMOS 2251 DEB
1 33848U 93036CR  13289.14007867  .00001637  00000-0  67927-3 0  8522
2 33848 074.0391 179.6173 0058252 234.6877 288.0557 14.26389306243113
0 COSMOS 2251 DEB
1 33848U 93036CR  13291.78560307  .00001623  00000-0  67361-3 0  8536
2 33848 074.0388 174.8371 0058085 229.2277 192.8965 14.26396564243483
0 COSMOS 2251 DEB
1 33848U 93036CR  13293.82295089  .00001781  00000-0  73813-3 0  8540
2 33848 074.0387 171.1557 0057960 225.0319 214.7784 14.26402521243776
0 COSMOS 2251 DEB
1 33848U 93036CR  13296.14535539  .00001747  00000-0  72402-3 0  8551
2 33848 074.0386 166.9590 0057874 220.3306 260.4076 14.26411960244109
