0 IRIDIUM 33 DEB
1 33854U 97051X   13282.73827698  .00005660  00000-0  15060-2 0  3794
2 33854 086.2332 087.9122 0022707 011.3087 115.9179 14.48268371244957
0 IRIDIUM 33 DEB
1 33854U 97051X   13285.70969595  .00005461  00000-0  14520-2 0  3819
2 33854 086.2325 086.5839 0022338 001.3400 128.4214 14.48295874245382
0 IRIDIUM 33 DEB
1 33854U 97051X   13286.94730725  .00005436  00000-0  14452-2 0  3824
2 33854 086.2323 086.0304 0022197 357.1270 101.2801 14.48307968245561
0 IRIDIUM 33 DEB
1 33854U 97051X   13287.98760169  .00009513  00000-0  25310-2 0  3830
2 33854 086.2324 085.5653 0022110 353.4846 125.4798 14.48321178245715
0 IRIDIUM 33 DEB
1 33854U 97051X   13289.14842985  .00008054  00000-0  21418-2 0  3842
2 33854 086.2326 085.0464 0021982 349.4908 058.1534 14.48336423245889
0 IRIDIUM 33 DEB
1 33854U 97051X   13290.18682655  .00008027  00000-0  21343-2 0  3852
2 33854 086.2328 084.5822 0021907 345.8016 072.6218 14.48347000246031
0 IRIDIUM 33 DEB
1 33854U 97051X   13291.35792068  .00007030  00000-0  18682-2 0  3868
2 33854 086.2332 084.0587 0021797 341.7613 058.9438 14.48362951246206
0 IRIDIUM 33 DEB
1 33854U 97051X   13292.46668118  .00006932  00000-0  18416-2 0  3875
2 33854 086.2337 083.5632 0021666 338.0362 080.2032 14.48377256246360
0 IRIDIUM 33 DEB
1 33854U 97051X   13293.78720421  .00008130  00000-0  21597-2 0  3884
2 33854 086.2342 082.9732 0021575 333.2990 126.0045 14.48392024246557
0 IRIDIUM 33 DEB
1 33854U 97051X   13294.82897787  .00009353  00000-0  24843-2 0  3896
2 33854 086.2345 082.5076 0021503 329.6366 158.2566 14.48405848246705
0 IRIDIUM 33 DEB
1 33854U 97051X   13295.86313620  .00008809  00000-0  23391-2 0  3904
2 33854 086.2344 082.0454 0021462 325.9063 150.9428 14.48419498246854
