0 IRIDIUM 33 DEB
1 33866U 97051AK  13281.11793010  .00001808  00000-0  94840-3 0  3028
2 33866 086.3061 141.9139 0130679 167.0625 349.5233 14.09387286239116
0 IRIDIUM 33 DEB
1 33866U 97051AK  13282.58919819  .00001800  00000-0  94351-3 0  3037
2 33866 086.3059 141.3086 0130906 162.4039 254.4952 14.09397013239323
0 IRIDIUM 33 DEB
1 33866U 97051AK  13284.16477264  .00002331  00000-0  12250-2 0  3044
2 33866 086.3062 140.6599 0130888 157.4695 328.6983 14.09400011239544
0 IRIDIUM 33 DEB
1 33866U 97051AK  13285.49916947  .00002061  00000-0  10817-2 0  3055
2 33866 086.3059 140.1108 0131121 153.2415 259.2770 14.09405118239733
0 IRIDIUM 33 DEB
1 33866U 97051AK  13286.63663060  .00002200  00000-0  11546-2 0  3063
2 33866 086.3055 139.6430 0131303 149.6751 270.6068 14.09408825239896
0 IRIDIUM 33 DEB
1 33866U 97051AK  13288.14037826  .00003253  00000-0  17113-2 0  3072
2 33866 086.3049 139.0244 0131510 144.9652 340.4479 14.09417044240105
0 IRIDIUM 33 DEB
1 33866U 97051AK  13289.61847919  .00002703  00000-0  14199-2 0  3088
2 33866 086.3042 138.4164 0131696 140.3621 280.1752 14.09422707240312
0 IRIDIUM 33 DEB
1 33866U 97051AK  13291.12167541  .00002349  00000-0  12320-2 0  3094
2 33866 086.3039 137.7978 0131850 135.6864 347.2588 14.09428168240523
0 IRIDIUM 33 DEB
1 33866U 97051AK  13292.52989161  .00002263  00000-0  11862-2 0  3106
2 33866 086.3038 137.2183 0131992 131.3140 292.4397 14.09432308240724
0 IRIDIUM 33 DEB
1 33866U 97051AK  13293.59293174  .00002084  00000-0  10915-2 0  3116
2 33866 086.3043 136.7810 0132163 128.0722 286.1782 14.09436622240878
0 IRIDIUM 33 DEB
1 33866U 97051AK  13295.09757949  .00002048  00000-0  10718-2 0  3120
2 33866 086.3042 136.1615 0132300 123.4056 000.6863 14.09442742241089
