0 IRIDIUM 33 DEB
1 33874U 97051AT  13281.56257875  .00002521  00000-0  11142-2 0  3565
2 33874 086.2956 131.3862 0094016 100.5731 315.0942 14.20528643240627
0 IRIDIUM 33 DEB
1 33874U 97051AT  13282.77416903  .00002796  00000-0  12365-2 0  3571
2 33874 086.2958 130.8771 0094058 096.7916 030.9871 14.20540350240790
0 IRIDIUM 33 DEB
1 33874U 97051AT  13284.11100740  .00003220  00000-0  14249-2 0  3587
2 33874 086.2958 130.3155 0094142 092.6302 027.4153 14.20545904240984
0 IRIDIUM 33 DEB
1 33874U 97051AT  13285.36632052  .00002814  00000-0  12442-2 0  3593
2 33874 086.2955 129.7881 0094179 088.7321 326.9558 14.20552352241168
0 IRIDIUM 33 DEB
1 33874U 97051AT  13286.49482243  .00002869  00000-0  12685-2 0  3604
2 33874 086.2951 129.3138 0094255 085.2101 338.0388 14.20558294241322
0 IRIDIUM 33 DEB
1 33874U 97051AT  13287.77427347  .00003963  00000-0  17548-2 0  3610
2 33874 086.2946 128.7762 0094271 081.2102 041.1041 14.20566887241502
0 IRIDIUM 33 DEB
1 33874U 97051AT  13289.04825962  .00004365  00000-0  19335-2 0  3621
2 33874 086.2944 128.2407 0094263 077.1836 076.3115 14.20576677241689
0 IRIDIUM 33 DEB
1 33874U 97051AT  13290.50300127  .00004182  00000-0  18515-2 0  3632
2 33874 086.2940 127.6292 0094198 072.6351 315.9071 14.20586128241897
0 IRIDIUM 33 DEB
1 33874U 97051AT  13291.79011657  .00003599  00000-0  15922-2 0  3642
2 33874 086.2940 127.0882 0094165 068.6160 058.2969 14.20594313242072
0 IRIDIUM 33 DEB
1 33874U 97051AT  13292.98665694  .00003796  00000-0  16795-2 0  3659
2 33874 086.2942 126.5853 0094185 064.9507 057.4435 14.20600720242240
0 IRIDIUM 33 DEB
1 33874U 97051AT  13294.04254984  .00004077  00000-0  18046-2 0  3669
2 33874 086.2945 126.1415 0094157 061.6512 057.4032 14.20607740242390
0 IRIDIUM 33 DEB
1 33874U 97051AT  13295.09928745  .00004252  00000-0  18819-2 0  3672
2 33874 086.2947 125.6973 0094097 058.3370 061.7220 14.20614303242540
