0 COSMOS 2251 DEB
1 33918U 93036DX  13283.16069557  .00011275  00000-0  25582-2 0  4008
2 33918 074.0723 074.4789 0079250 196.4750 217.0979 14.54173948246343
0 COSMOS 2251 DEB
1 33918U 93036DX  13285.86241821  .00009694  00000-0  21993-2 0  4029
2 33918 074.0717 069.3814 0079026 190.8209 320.7633 14.54218757246736
0 COSMOS 2251 DEB
1 33918U 93036DX  13287.15085730  .00009964  00000-0  22594-2 0  4037
2 33918 074.0719 066.9502 0078898 188.1169 225.9844 14.54241010246925
0 COSMOS 2251 DEB
1 33918U 93036DX  13288.45994322  .00014864  00000-0  33630-2 0  4046
2 33918 074.0722 064.4801 0078746 185.4046 239.3788 14.54273547247118
0 COSMOS 2251 DEB
1 33918U 93036DX  13289.84670895  .00014674  00000-0  33185-2 0  4051
2 33918 074.0728 061.8633 0078583 182.4579 299.6902 14.54302821247312
0 COSMOS 2251 DEB
1 33918U 93036DX  13291.14098946  .00012510  00000-0  28296-2 0  4063
2 33918 074.0732 059.4211 0078443 179.7338 235.9118 14.54335054247506
0 COSMOS 2251 DEB
1 33918U 93036DX  13292.45925527  .00012062  00000-0  27273-2 0  4079
2 33918 074.0734 056.9335 0078272 176.9939 297.8158 14.54364734247691
0 COSMOS 2251 DEB
1 33918U 93036DX  13293.48338259  .00013137  00000-0  29681-2 0  4083
2 33918 074.0735 055.0011 0078144 174.7812 259.9150 14.54388178247843
0 COSMOS 2251 DEB
1 33918U 93036DX  13294.80600310  .00014871  00000-0  33571-2 0  4090
2 33918 074.0736 052.5053 0077939 172.0162 344.8852 14.54413798248034
0 COSMOS 2251 DEB
1 33918U 93036DX  13296.16508509  .00013780  00000-0  31101-2 0  4105
2 33918 074.0734 049.9407 0077759 169.1047 260.9707 14.54445506248235
