0 COSMOS 2251 DEB
1 33993U 93036GC  13283.48208459  .00006238  00000-0  16618-2 0  8953
2 33993 074.0270 092.9280 0035479 242.0889 149.6015 14.48304134245504
0 COSMOS 2251 DEB
1 33993U 93036GC  13285.28441959  .00005238  00000-0  13964-2 0  8968
2 33993 074.0268 089.5506 0035483 238.4771 186.6270 14.48318200245769
0 COSMOS 2251 DEB
1 33993U 93036GC  13287.49284597  .00005812  00000-0  15477-2 0  8976
2 33993 074.0263 085.4113 0035485 234.0090 181.1204 14.48339658246084
0 COSMOS 2251 DEB
1 33993U 93036GC  13289.85392903  .00008654  00000-0  22984-2 0  8988
2 33993 074.0269 080.9865 0035455 229.3249 251.6936 14.48370495246421
0 COSMOS 2251 DEB
1 33993U 93036GC  13291.85704044  .00007392  00000-0  19639-2 0  8996
2 33993 074.0279 077.2327 0035397 225.2517 256.1150 14.48394927246718
0 COSMOS 2251 DEB
1 33993U 93036GC  13293.86062562  .00007955  00000-0  21114-2 0  9000
2 33993 074.0282 073.4781 0035380 221.3747 262.9946 14.48420394247007
0 COSMOS 2251 DEB
1 33993U 93036GC  13296.12589593  .00008686  00000-0  23031-2 0  9013
2 33993 074.0282 069.2329 0035299 216.9056 194.6281 14.48450473247330
