0 COSMOS 2251 DEB
1 34014U 93036GZ  13281.85694936  .00001863  00000-0  49175-3 0  8905
2 34014 074.0268 078.7549 0056479 244.5620 231.5981 14.48714076245782
0 COSMOS 2251 DEB
1 34014U 93036GZ  13286.82897807  .00002591  00000-0  68058-3 0  8921
2 34014 074.0273 069.4330 0056418 234.1970 242.6183 14.48737746246506
0 COSMOS 2251 DEB
1 34014U 93036GZ  13288.83294042  .00003217  00000-0  84277-3 0  8934
2 34014 074.0281 065.6750 0056352 230.0627 254.1253 14.48751306246795
0 COSMOS 2251 DEB
1 34014U 93036GZ  13290.83591899  .00003434  00000-0  89906-3 0  8943
2 34014 074.0288 061.9193 0056315 225.9515 260.5751 14.48762827247087
0 COSMOS 2251 DEB
1 34014U 93036GZ  13292.83821860  .00003669  00000-0  95965-3 0  8952
2 34014 074.0291 058.1649 0056233 221.7884 263.6240 14.48774504247371
0 COSMOS 2251 DEB
1 34014U 93036GZ  13295.17508856  .00004185  00000-0  10932-2 0  8964
2 34014 074.0288 053.7830 0056184 217.0246 211.6518 14.48788280247710
