0 IRIDIUM 33 DEB
1 34103U 97051DN  13282.68414522  .00005140  00000-0  17160-2 0  4094
2 34103 086.3543 125.5916 0021397 259.4463 143.1537 14.37225443243251
0 IRIDIUM 33 DEB
1 34103U 97051DN  13283.80799676  .00006549  00000-0  21873-2 0  4107
2 34103 086.3544 125.1139 0021347 255.4055 198.3562 14.37235238243414
0 IRIDIUM 33 DEB
1 34103U 97051DN  13286.11568990  .00004953  00000-0  16521-2 0  4120
2 34103 086.3539 124.1336 0021390 247.1373 259.2552 14.37255525243748
0 IRIDIUM 33 DEB
1 34103U 97051DN  13287.62609252  .00006867  00000-0  22918-2 0  4138
2 34103 086.3534 123.4918 0021447 241.7876 154.6964 14.37269479243964
0 IRIDIUM 33 DEB
1 34103U 97051DN  13288.82742050  .00007398  00000-0  24687-2 0  4141
2 34103 086.3531 122.9810 0021543 237.5320 250.9352 14.37287008244139
0 IRIDIUM 33 DEB
1 34103U 97051DN  13289.93999686  .00007274  00000-0  24266-2 0  4150
2 34103 086.3526 122.5081 0021549 233.6040 247.9755 14.37298342244294
0 IRIDIUM 33 DEB
1 34103U 97051DN  13291.12711036  .00006460  00000-0  21539-2 0  4162
2 34103 086.3526 122.0035 0021583 229.4189 270.7562 14.37313907244467
0 IRIDIUM 33 DEB
1 34103U 97051DN  13292.49801372  .00006625  00000-0  22083-2 0  4175
2 34103 086.3527 121.4210 0021716 224.7125 164.5181 14.37329126244661
0 IRIDIUM 33 DEB
1 34103U 97051DN  13293.77034856  .00007414  00000-0  24708-2 0  4186
2 34103 086.3531 120.8802 0021811 220.3507 268.3017 14.37342313244842
0 IRIDIUM 33 DEB
1 34103U 97051DN  13294.80117019  .00008628  00000-0  28753-2 0  4197
2 34103 086.3533 120.4421 0021861 216.7999 202.4210 14.37354497244992
0 IRIDIUM 33 DEB
1 34103U 97051DN  13295.84661177  .00008620  00000-0  28718-2 0  4206
2 34103 086.3537 119.9978 0021909 213.3070 212.1317 14.37367897245144
