0 TELSTAR 11N
1 34111U 09009A   13281.34734619 -.00000261  00000-0  10000-3 0  8982
2 34111 000.0126 213.4808 0001123 001.2583 249.9194 01.00270773 16948
0 TELSTAR 11N
1 34111U 09009A   13284.19451970 -.00000270  00000-0  10000-3 0  8995
2 34111 000.0096 230.4601 0001007 347.2789 194.6863 01.00269623 16970
0 TELSTAR 11N
1 34111U 09009A   13285.24169998 -.00000273  00000-0  10000-3 0  9004
2 34111 000.0079 231.4629 0001006 346.3231 212.6529 01.00269631 16983
0 TELSTAR 11N
1 34111U 09009A   13288.07992206 -.00000276  00000-0  10000-3 0  9018
2 34111 000.0029 217.3675 0003671 343.5281 174.0987 01.00268643 17012
0 TELSTAR 11N
1 34111U 09009A   13289.19551676 -.00000275  00000-0  10000-3 0  9024
2 34111 000.0040 235.0764 0002187 010.8694 171.7558 01.00271009 17023
0 TELSTAR 11N
1 34111U 09009A   13291.38105632 -.00000271  00000-0  10000-3 0  9032
2 34111 000.0015 213.5757 0002350 330.4339 302.6610 01.00270499 17045
0 TELSTAR 11N
1 34111U 09009A   13294.20061727 -.00000265  00000-0  10000-3 0  9046
2 34111 000.0038 063.7388 0002181 154.9515 205.8184 01.00272548 17072
0 TELSTAR 11N
1 34111U 09009A   13295.20782229 -.00000264  00000-0  10000-3 0  9054
2 34111 000.0022 145.3949 0002167 074.7577 207.9450 01.00272292 17082
