0 BREEZE-M DEB
1 34248U 06006BP  13282.77763669  .00012844  00000-0  54096-2 0  5047
2 34248 051.6475 157.5968 5008342 133.8056 355.2642 05.52273336116326
0 BREEZE-M DEB
1 34248U 06006BP  13283.68097282  .00013635  00000-0  57563-2 0  5051
2 34248 051.6488 156.8771 5008075 134.3484 351.2203 05.52308356116373
0 BREEZE-M DEB
1 34248U 06006BP  13284.05024601  .00015012  00000-0  63417-2 0  5065
2 34248 051.6495 156.5831 5008007 134.5714 005.4257 05.52314711116399
0 BREEZE-M DEB
1 34248U 06006BP  13285.85013446  .00013909  00000-0  58989-2 0  5082
2 34248 051.6499 155.1537 5007536 135.6225 344.2832 05.52357064116498
0 BREEZE-M DEB
1 34248U 06006BP  13288.03395438  .00018460  00000-0  78150-2 0  5099
2 34248 051.6514 153.4170 5006881 136.9396 006.9126 05.52447486116615
0 BREEZE-M DEB
1 34248U 06006BP  13289.83229360  .00017528  00000-0  74383-2 0  5108
2 34248 051.6534 151.9836 5006228 137.9752 343.5793 05.52505562116712
0 BREEZE-M DEB
1 34248U 06006BP  13290.92186256  .00016051  00000-0  68272-2 0  5117
2 34248 051.6540 151.1186 5005813 138.6276 350.7346 05.52540412116770
0 BREEZE-M DEB
1 34248U 06006BP  13291.82308253  .00018066  00000-0  77246-2 0  5120
2 34248 051.6563 150.3937 5005386 139.1456 343.4336 05.52561281116822
0 BREEZE-M DEB
1 34248U 06006BP  13292.01634208  .00017400  00000-0  74215-2 0  5139
2 34248 051.6546 150.2496 5005480 139.2711 007.8465 05.52570300116839
0 BREEZE-M DEB
1 34248U 06006BP  13293.09817370  .00017318  00000-0  74089-2 0  5149
2 34248 051.6553 149.3891 5005092 139.9173 359.9085 05.52611664116897
0 BREEZE-M DEB
1 34248U 06006BP  13293.81358133  .00018836  00000-0  80964-2 0  5152
2 34248 051.6555 148.8201 5004767 140.3261 343.1790 05.52626695116933
0 BREEZE-M DEB
1 34248U 06006BP  13294.90241554  .00017534  00000-0  75479-2 0  5161
2 34248 051.6566 147.9534 5004425 141.0001 349.3550 05.52681904116997
0 BREEZE-M DEB
1 34248U 06006BP  13295.80387825  .00019006  00000-0  81914-2 0  5171
2 34248 051.6590 147.2348 5004222 141.5192 342.9746 05.52713723117049
0 BREEZE-M DEB
1 34248U 06006BP  13295.99664873  .00016172  00000-0  69748-2 0  5185
2 34248 051.6586 147.0821 5004078 141.6588 006.4512 05.52735194117057
