0 LES 6
1 03431U 68081D   13281.06260379 -.00000260  00000-0  10000-3 0  1953
2 03431 008.4121 322.3194 0006570 271.4374 088.4060 01.00210850 74520
0 LES 6
1 03431U 68081D   13286.05197659 -.00000269  00000-0  10000-3 0  1967
2 03431 008.4065 322.2884 0006503 271.2922 088.5546 01.00209342 74574
0 LES 6
1 03431U 68081D   13292.03919395 -.00000262  00000-0  10000-3 0  1975
2 03431 008.4001 322.2541 0006506 275.9220 083.8757 01.00207515 74638
0 LES 6
1 03431U 68081D   13295.03296088 -.00000251  00000-0  10000-3 0  1984
2 03431 008.3963 322.2314 0006612 274.3621 085.4585 01.00206738 74664
