0 COSMOS 2251 DEB
1 34411U 93036RC  13282.47020825  .00008860  00000-0  16558-2 0  9986
2 34411 074.0441 044.2199 0119824 293.6563 178.4586 14.60461368246104
0 COSMOS 2251 DEB
1 34411U 93036RC  13283.47616154  .00004912  00000-0  91501-3 0  9990
2 34411 074.0439 042.3014 0119487 291.1700 067.7222 14.60461060246259
0 COSMOS 2251 DEB
1 34411U 93036RC  13283.50066142  .00008294  00000-0  15500-2 0  9991
2 34411 074.0440 042.2523 0119877 291.4418 196.2283 14.60471993246258
0 COSMOS 2251 DEB
1 34411U 93036RC  13287.47349174  .00007684  00000-0  14349-2 0    16
2 34411 074.0448 034.6663 0119993 282.9669 204.3866 14.60517528246835
0 COSMOS 2251 DEB
1 34411U 93036RC  13288.50194671  .00009855  00000-0  18369-2 0    20
2 34411 074.0451 032.7024 0120005 280.7795 211.8745 14.60539492246980
0 COSMOS 2251 DEB
1 34411U 93036RC  13290.69172984  .00011108  00000-0  20674-2 0    33
2 34411 074.0455 028.5211 0120006 276.1208 205.7077 14.60576391247300
0 COSMOS 2251 DEB
1 34411U 93036RC  13292.75508253  .00009725  00000-0  18093-2 0    49
2 34411 074.0452 024.5810 0120118 271.7307 255.0453 14.60612617247615
0 COSMOS 2251 DEB
1 34411U 93036RC  13294.99335269  .00010853  00000-0  20165-2 0    50
2 34411 074.0447 020.3065 0120144 266.9537 144.4291 14.60648080247934
