0 IRIDIUM 33 DEB
1 34492U 97051GH  13281.82978543  .00002330  00000-0  16376-2 0  9572
2 34492 086.5111 220.6285 0317658 105.6847 317.0919 13.76232723232465
0 IRIDIUM 33 DEB
1 34492U 97051GH  13283.30161124  .00002713  00000-0  19070-2 0  9586
2 34492 086.5112 220.0867 0317995 101.3266 049.1747 13.76247824232660
0 IRIDIUM 33 DEB
1 34492U 97051GH  13285.82718931  .00003190  00000-0  22444-2 0  9601
2 34492 086.5110 219.1565 0317997 093.8205 322.1852 13.76261729233013
0 IRIDIUM 33 DEB
1 34492U 97051GH  13287.30169201  .00004016  00000-0  28256-2 0  9612
2 34492 086.5114 218.6130 0318406 089.4582 067.6811 13.76271211233219
0 IRIDIUM 33 DEB
1 34492U 97051GH  13288.80795619  .00004798  00000-0  33744-2 0  9622
2 34492 086.5111 218.0586 0318765 085.0111 330.6008 13.76289869233425
0 IRIDIUM 33 DEB
1 34492U 97051GH  13290.11744508  .00005535  00000-0  38936-2 0  9639
2 34492 086.5117 217.5765 0318761 081.1193 338.6802 13.76300957233609
0 IRIDIUM 33 DEB
1 34492U 97051GH  13291.58310337  .00005705  00000-0  40096-2 0  9640
2 34492 086.5117 217.0366 0319065 076.7942 040.5695 13.76316361233808
0 IRIDIUM 33 DEB
1 34492U 97051GH  13292.80809972  .00005897  00000-0  41418-2 0  9656
2 34492 086.5118 216.5857 0319318 073.1779 350.1129 13.76330648233972
0 IRIDIUM 33 DEB
1 34492U 97051GH  13294.27992318  .00006399  00000-0  44900-2 0  9664
2 34492 086.5113 216.0435 0319650 068.8485 082.6881 13.76345041234176
0 IRIDIUM 33 DEB
1 34492U 97051GH  13295.78692366  .00007392  00000-0  51845-2 0  9672
2 34492 086.5112 215.4891 0319824 064.3995 349.6648 13.76363805234382
