0 IRIDIUM 33 DEB
1 34535U 97051JC  13281.76899964  .00005201  00000-0  13958-2 0  8136
2 34535 086.3464 113.7014 0015072 007.5686 120.1909 14.47935349243445
0 IRIDIUM 33 DEB
1 34535U 97051JC  13283.01223075  .00007039  00000-0  18897-2 0  8149
2 34535 086.3465 113.1626 0014922 003.5465 120.5409 14.47956412243626
0 IRIDIUM 33 DEB
1 34535U 97051JC  13285.27928263  .00006182  00000-0  16584-2 0  8150
2 34535 086.3462 112.1804 0014595 356.0319 057.9360 14.47980196243951
0 IRIDIUM 33 DEB
1 34535U 97051JC  13287.49091391  .00007229  00000-0  19390-2 0  8161
2 34535 086.3456 111.2222 0014303 348.4452 066.8940 14.48005249244275
0 IRIDIUM 33 DEB
1 34535U 97051JC  13288.74869346  .00009228  00000-0  24746-2 0  8176
2 34535 086.3453 110.6771 0014168 343.9882 143.7968 14.48028803244456
0 IRIDIUM 33 DEB
1 34535U 97051JC  13290.65906999  .00006711  00000-0  18049-2 0  8189
2 34535 086.3460 109.8490 0014334 337.9521 022.1548 14.48053173244733
0 IRIDIUM 33 DEB
1 34535U 97051JC  13290.95854905  .00008039  00000-0  21543-2 0  8189
2 34535 086.3452 109.7193 0013916 336.0871 144.2254 14.48060897244771
0 IRIDIUM 33 DEB
1 34535U 97051JC  13293.03241021  .00007854  00000-0  21033-2 0  8199
2 34535 086.3459 108.8205 0013752 328.6022 155.9903 14.48089869245079
0 IRIDIUM 33 DEB
1 34535U 97051JC  13295.50620713  .00010910  00000-0  29203-2 0  8208
2 34535 086.3465 107.7484 0013682 319.4178 093.3130 14.48126684245439
