0 COSMOS 2251 DEB
1 34567U 93036VD  13283.14413894  .00000064  00000-0  40403-4 0  2041
2 34567 074.0446 212.3840 0078039 272.8305 194.8713 14.20694839240214
0 COSMOS 2251 DEB
1 34567U 93036VD  13286.24458882  .00000303  00000-0  14802-3 0  2062
2 34567 074.0447 206.8350 0077932 266.6315 212.0409 14.20693871240650
0 COSMOS 2251 DEB
1 34567U 93036VD  13287.78309216  .00000444  00000-0  21151-3 0  2070
2 34567 074.0446 204.0815 0077896 263.5419 160.6871 14.20694570240877
0 COSMOS 2251 DEB
1 34567U 93036VD  13288.83757417  .00000458  00000-0  21762-3 0  2081
2 34567 074.0445 202.1944 0077877 261.4274 153.8126 14.20695561241029
0 COSMOS 2251 DEB
1 34567U 93036VD  13290.17860108  .00000351  00000-0  16942-3 0  2090
2 34567 074.0443 199.7944 0077874 258.7508 172.4542 14.20697649241213
0 COSMOS 2251 DEB
1 34567U 93036VD  13292.16852420  .00000196  00000-0  99914-4 0  2109
2 34567 074.0440 196.2334 0077866 254.7527 269.8963 14.20700399241498
0 COSMOS 2251 DEB
1 34567U 93036VD  13293.42738576  .00000155  00000-0  81362-4 0  2118
2 34567 074.0439 193.9804 0077841 252.2242 228.3418 14.20701617241671
0 COSMOS 2251 DEB
1 34567U 93036VD  13294.82424325  .00000193  00000-0  98581-4 0  2121
2 34567 074.0438 191.4804 0077812 249.4217 172.5737 14.20702103241878
0 COSMOS 2251 DEB
1 34567U 93036VD  13295.88394017  .00000262  00000-0  12949-3 0  2133
2 34567 074.0438 189.5837 0077781 247.2956 192.4015 14.20701802242026
