0 COSMOS 2251 DEB
1 34581U 93036VT  13282.11790770  .00052881  00000-0  78606-2 0  4189
2 34581 074.0480 039.1426 0042880 172.2548 243.7897 14.74057951245501
0 COSMOS 2251 DEB
1 34581U 93036VT  13283.13638167  .00044566  00000-0  66195-2 0  4195
2 34581 074.0476 037.1562 0042663 170.3364 248.2764 14.74152723245651
0 COSMOS 2251 DEB
1 34581U 93036VT  13283.66829530  .00031211  00000-0  46555-2 0  4202
2 34581 074.0497 036.1240 0043285 168.7349 191.5300 14.74154609245731
0 COSMOS 2251 DEB
1 34581U 93036VT  13284.15680363  .00042116  00000-0  62497-2 0  4205
2 34581 074.0475 035.1660 0042407 168.3712 263.4369 14.74217595245814
0 COSMOS 2251 DEB
1 34581U 93036VT  13286.47420774  .00031647  00000-0  46899-2 0  4227
2 34581 074.0480 030.6448 0041856 163.6715 322.5445 14.74366460246158
0 COSMOS 2251 DEB
1 34581U 93036VT  13287.49207815  .00035022  00000-0  51809-2 0  4238
2 34581 074.0482 028.6586 0041566 161.5120 325.1527 14.74425799246303
0 COSMOS 2251 DEB
1 34581U 93036VT  13288.09106510  .00060343  00000-0  88794-2 0  4243
2 34581 074.0482 027.4898 0041172 160.4733 264.3317 14.74492390246398
0 COSMOS 2251 DEB
1 34581U 93036VT  13289.10990007  .00050576  00000-0  74363-2 0  4253
2 34581 074.0484 025.5017 0041015 157.9508 272.9612 14.74595452246542
0 COSMOS 2251 DEB
1 34581U 93036VT  13289.72994348  .00050188  00000-0  73759-2 0  4261
2 34581 074.0486 024.2918 0040728 157.0818 324.0369 14.74625823246639
0 COSMOS 2251 DEB
1 34581U 93036VT  13291.07501512  .00040127  00000-0  58918-2 0  4272
2 34581 074.0485 021.6665 0040391 154.1638 264.8014 14.74744160246838
0 COSMOS 2251 DEB
1 34581U 93036VT  13292.09481595  .00035920  00000-0  52698-2 0  4288
2 34581 074.0485 019.6756 0040115 151.8806 279.1733 14.74815860246980
0 COSMOS 2251 DEB
1 34581U 93036VT  13293.11256221  .00036086  00000-0  52864-2 0  4298
2 34581 074.0482 017.6888 0039798 149.7122 282.7933 14.74886251247135
0 COSMOS 2251 DEB
1 34581U 93036VT  13294.40852983  .00041749  00000-0  61005-2 0  4309
2 34581 074.0478 015.1581 0039397 146.9073 324.0195 14.74965692247320
0 COSMOS 2251 DEB
1 34581U 93036VT  13295.42382852  .00045076  00000-0  65734-2 0  4316
2 34581 074.0476 013.1751 0039165 144.6024 315.3511 14.75035528247477
