0 IRIDIUM 33 DEB
1 34597U 97051JP  13281.60565544  .00035188  00000-0  59999-2 0  9460
2 34597 086.4505 130.2955 0048667 307.9340 104.5225 14.68038265244260
0 IRIDIUM 33 DEB
1 34597U 97051JP  13281.95536691  .00069730  00000-0  11828-1 0  9478
2 34597 086.4505 130.1434 0048598 306.7357 152.7354 14.68068005244318
0 IRIDIUM 33 DEB
1 34597U 97051JP  13282.35626590  .00075715  00000-0  12811-1 0  9485
2 34597 086.4503 129.9692 0048577 305.2754 111.6213 14.68142423244371
0 IRIDIUM 33 DEB
1 34597U 97051JP  13282.84717163  .00053371  00000-0  90468-2 0  9496
2 34597 086.4506 129.7557 0048387 303.6296 186.2169 14.68202877244440
0 IRIDIUM 33 DEB
1 34597U 97051JP  13283.37838947  .00062081  00000-0  10505-1 0  9502
2 34597 086.4506 129.5250 0048055 301.9875 113.8299 14.68238317244521
0 IRIDIUM 33 DEB
1 34597U 97051JP  13283.57223361  .00083088  00000-0  14178-1 0  9513
2 34597 086.4485 129.4439 0049754 300.6661 059.0144 14.68210848244553
0 IRIDIUM 33 DEB
1 34597U 97051JP  13284.14439546  .00052216  00000-0  88354-2 0  9518
2 34597 086.4508 129.1919 0047990 299.3162 202.8056 14.68300207244637
0 IRIDIUM 33 DEB
1 34597U 97051JP  13286.79999692  .00047628  00000-0  80323-2 0  9535
2 34597 086.4501 128.0368 0047089 290.3359 200.8545 14.68501826245029
0 IRIDIUM 33 DEB
1 34597U 97051JP  13287.75332416  .00069373  00000-0  11643-1 0  9547
2 34597 086.4494 127.6218 0046685 287.2971 200.6487 14.68597620245160
0 IRIDIUM 33 DEB
1 34597U 97051JP  13288.03109797  .00091775  00000-0  15343-1 0  9556
2 34597 086.4494 127.5006 0046494 286.4224 229.1747 14.68637356245205
0 IRIDIUM 33 DEB
1 34597U 97051JP  13288.77616035  .00074456  00000-0  12444-1 0  9562
2 34597 086.4494 127.1765 0046749 283.4803 208.9616 14.68748317245318
0 IRIDIUM 33 DEB
1 34597U 97051JP  13289.50572759  .00071696  00000-0  11970-1 0  9575
2 34597 086.4483 126.8597 0046230 281.2231 106.3983 14.68828036245428
0 IRIDIUM 33 DEB
1 34597U 97051JP  13289.79811203  .00080008  00000-0  13336-1 0  9582
2 34597 086.4493 126.7325 0046298 280.1332 212.5717 14.68846478245460
0 IRIDIUM 33 DEB
1 34597U 97051JP  13290.52790132  .00074655  00000-0  12434-1 0  9592
2 34597 086.4490 126.4140 0045900 277.7652 111.5607 14.68925839245572
0 IRIDIUM 33 DEB
1 34597U 97051JP  13291.28174668  .00061127  00000-0  10181-1 0  9605
2 34597 086.4483 126.0851 0045785 275.1096 138.2077 14.69010554245683
0 IRIDIUM 33 DEB
1 34597U 97051JP  13292.57757781  .00060971  00000-0  10126-1 0  9617
2 34597 086.4485 125.5206 0045470 270.7317 151.3953 14.69146408245879
0 IRIDIUM 33 DEB
1 34597U 97051JP  13293.74706890  .00065868  00000-0  10906-1 0  9629
2 34597 086.4484 125.0113 0045149 266.7073 217.0369 14.69260546246048
0 IRIDIUM 33 DEB
1 34597U 97051JP  13295.04164513  .00067223  00000-0  11096-1 0  9633
2 34597 086.4485 124.4472 0044750 262.3053 224.8107 14.69399862246238
