0 COSMOS 2251 DEB
1 34622U 93036WT  13281.41718014  .00000966  00000-0  52020-3 0  6494
2 34622 074.0264 269.3500 0126993 324.0223 187.5996 14.10123803235764
0 COSMOS 2251 DEB
1 34622U 93036WT  13283.67981721  .00001041  00000-0  55949-3 0  6501
2 34622 074.0262 265.3648 0126924 319.5813 153.7084 14.10133055236088
0 COSMOS 2251 DEB
1 34622U 93036WT  13286.38358519  .00001025  00000-0  55107-3 0  6514
2 34622 074.0265 260.6033 0126853 314.2909 199.2511 14.10138798236467
0 COSMOS 2251 DEB
1 34622U 93036WT  13289.36320459  .00001246  00000-0  66724-3 0  6520
2 34622 074.0268 255.3553 0126750 308.4217 205.2554 14.10149466236886
0 COSMOS 2251 DEB
1 34622U 93036WT  13292.34274921  .00001465  00000-0  78199-3 0  6537
2 34622 074.0267 250.1078 0126632 302.5633 210.9776 14.10156884237305
0 COSMOS 2251 DEB
1 34622U 93036WT  13295.31683494  .00001624  00000-0  86536-3 0  6548
2 34622 074.0264 244.8695 0126517 296.7010 189.0925 14.10167260237720
