0 COSMOS 2251 DEB
1 34781U 93036AAJ 13280.83704380  .00006742  00000-0  13722-2 0  7265
2 34781 074.0604 074.9918 0061885 324.4388 035.0435 14.60015938240300
0 COSMOS 2251 DEB
1 34781U 93036AAJ 13280.86610922  .00008850  00000-0  17953-2 0  7279
2 34781 074.0635 074.9299 0063901 323.5602 188.6697 14.60021262240308
0 COSMOS 2251 DEB
1 34781U 93036AAJ 13282.49466148  .00015769  00000-0  31871-2 0  7282
2 34781 074.0651 071.8277 0063825 320.3511 108.2301 14.60072577240548
0 COSMOS 2251 DEB
1 34781U 93036AAJ 13283.37646958  .00014768  00000-0  29842-2 0  7293
2 34781 074.0630 070.1472 0064083 318.2451 063.4477 14.60084345240676
0 COSMOS 2251 DEB
1 34781U 93036AAJ 13286.46825848  .00011360  00000-0  22948-2 0  7311
2 34781 074.0621 064.2539 0064191 311.7333 114.9985 14.60146941241129
0 COSMOS 2251 DEB
1 34781U 93036AAJ 13288.81378624  .00018359  00000-0  36948-2 0  7328
2 34781 074.0638 059.7845 0064403 306.7451 204.5135 14.60212493241463
0 COSMOS 2251 DEB
1 34781U 93036AAJ 13291.32524097  .00016436  00000-0  33034-2 0  7333
2 34781 074.0650 054.9993 0064637 301.3429 086.9491 14.60284593241820
0 COSMOS 2251 DEB
1 34781U 93036AAJ 13293.74116817  .00017807  00000-0  35709-2 0  7343
2 34781 074.0635 050.3928 0065178 296.1354 187.8250 14.60348846242186
