0 COSMOS 2251 DEB
1 34881U 93036ACU 13283.37875198  .00041745  00000-0  28620-2 0  7001
2 34881 074.0622 259.7633 0127607 031.8938 120.6842 14.99365099243723
0 COSMOS 2251 DEB
1 34881U 93036ACU 13289.23297574  .00048266  00000-0  32776-2 0  7011
2 34881 074.0613 247.8871 0126627 018.5330 044.0709 14.99769177244596
0 COSMOS 2251 DEB
1 34881U 93036ACU 13290.31657444  .00051475  00000-0  34877-2 0  7029
2 34881 074.0621 245.6885 0126413 016.0489 134.7786 14.99853705244769
0 COSMOS 2251 DEB
1 34881U 93036ACU 13290.55553554  .00039248  00000-0  26679-2 0  7038
2 34881 074.0597 245.2055 0126447 015.4737 345.0764 14.99881739244796
0 COSMOS 2251 DEB
1 34881U 93036ACU 13291.31714714  .00045036  00000-0  30478-2 0  7034
2 34881 074.0626 243.6583 0126248 013.7747 137.5003 14.99943854244919
0 COSMOS 2251 DEB
1 34881U 93036ACU 13292.90114427  .00040326  00000-0  27225-2 0  7049
2 34881 074.0628 240.4434 0125945 010.2079 051.0849 15.00083531245148
0 COSMOS 2251 DEB
1 34881U 93036ACU 13293.31311728  .00045724  00000-0  30833-2 0  7055
2 34881 074.0625 239.6068 0125782 009.2972 115.8522 15.00113497245206
0 COSMOS 2251 DEB
1 34881U 93036ACU 13295.82904130  .00049886  00000-0  33474-2 0  7066
2 34881 074.0603 234.4971 0125292 003.9420 023.3607 15.00316253245586
