0 COSMOS 2251 DEB
1 34977U 93036AFG 13283.65935080  .00003035  00000-0  10195-2 0  8554
2 34977 074.0362 153.5507 0064346 244.6008 114.8946 14.35997354232670
0 COSMOS 2251 DEB
1 34977U 93036AFG 13284.10802216  .00003760  00000-0  12728-2 0  8558
2 34977 074.0351 152.7207 0063684 243.3425 274.6248 14.35996914232748
0 COSMOS 2251 DEB
1 34977U 93036AFG 13286.32943439  .00003150  00000-0  10677-2 0  8562
2 34977 074.0349 148.6422 0063581 238.7863 238.4072 14.36010124233057
0 COSMOS 2251 DEB
1 34977U 93036AFG 13289.05367719  .00005520  00000-0  18631-2 0  8578
2 34977 074.0348 143.6415 0063451 233.1113 281.8754 14.36031438233450
0 COSMOS 2251 DEB
1 34977U 93036AFG 13291.97341126  .00004315  00000-0  14579-2 0  8585
2 34977 074.0339 138.2800 0063264 227.0130 256.2431 14.36056780233861
0 COSMOS 2251 DEB
1 34977U 93036AFG 13293.99903557  .00005578  00000-0  18812-2 0  8598
2 34977 074.0340 134.5600 0063158 222.7902 288.4078 14.36072495234160
0 COSMOS 2251 DEB
1 34977U 93036AFG 13296.01489115  .00006034  00000-0  20334-2 0  8605
2 34977 074.0345 130.8580 0063051 218.5662 270.2152 14.36091459234454
