0 COSMOS 2251 DEB
1 35037U 93036AHA 13282.76509510  .00002440  00000-0  63079-3 0  4216
2 35037 074.0094 075.9990 0052071 244.6735 114.9451 14.49662834236147
0 COSMOS 2251 DEB
1 35037U 93036AHA 13283.80023106  .00002461  00000-0  63609-3 0  4227
2 35037 074.0101 074.0534 0052090 242.5483 117.0425 14.49668371236291
0 COSMOS 2251 DEB
1 35037U 93036AHA 13285.73247992  .00002770  00000-0  71513-3 0  4240
2 35037 074.0117 070.4204 0051673 237.7503 121.8881 14.49683585236571
0 COSMOS 2251 DEB
1 35037U 93036AHA 13289.04487639  .00003373  00000-0  86967-3 0  4252
2 35037 074.0067 064.1990 0049540 230.6840 129.1141 14.49713133237050
0 COSMOS 2251 DEB
1 35037U 93036AHA 13291.04605809  .00003858  00000-0  99310-3 0  4261
2 35037 074.0045 060.4353 0049337 230.1724 129.5766 14.49733827237349
0 COSMOS 2251 DEB
1 35037U 93036AHA 13293.04722017  .00004332  00000-0  11111-2 0  4275
2 35037 074.0115 056.6613 0052877 223.0139 136.8431 14.49757374237632
0 COSMOS 2251 DEB
1 35037U 93036AHA 13294.01326240  .00004447  00000-0  11399-2 0  4287
2 35037 074.0119 054.8443 0053310 221.6000 138.1515 14.49768102237775
0 COSMOS 2251 DEB
1 35037U 93036AHA 13295.66936204  .00004657  00000-0  11926-2 0  4296
2 35037 074.0144 051.7328 0053469 217.9336 141.8417 14.49786224238011
