0 COSMOS 2251 DEB
1 35475U 93036ALV 13281.34745238  .00001745  00000-0  62935-3 0  4367
2 35475 074.0370 160.8526 0042498 242.9642 116.6925 14.33878806234378
0 COSMOS 2251 DEB
1 35475U 93036ALV 13283.30098908  .00001500  00000-0  54229-3 0  4377
2 35475 074.0360 157.2769 0042676 238.5645 121.1462 14.33883660234650
0 COSMOS 2251 DEB
1 35475U 93036ALV 13284.34751733  .00001882  00000-0  67817-3 0  4385
2 35475 074.0303 155.3678 0042308 235.4334 124.2840 14.33888731234803
0 COSMOS 2251 DEB
1 35475U 93036ALV 13286.30103222  .00001862  00000-0  67105-3 0  4396
2 35475 074.0323 151.7916 0042145 231.6580 128.0785 14.33896061235086
0 COSMOS 2251 DEB
1 35475U 93036ALV 13289.30105422  .00001939  00000-0  69828-3 0  4404
2 35475 074.0329 146.3024 0041612 225.5769 134.1994 14.33908229235519
0 COSMOS 2251 DEB
1 35475U 93036ALV 13291.25453937  .00002373  00000-0  85214-3 0  4419
2 35475 074.0347 142.7238 0041840 221.3265 138.4853 14.33919751235797
0 COSMOS 2251 DEB
1 35475U 93036ALV 13292.92894229  .00002713  00000-0  97230-3 0  4427
2 35475 074.0357 139.6581 0042248 218.0413 141.8002 14.33930630236036
0 COSMOS 2251 DEB
1 35475U 93036ALV 13295.23122539  .00002546  00000-0  91278-3 0  4433
2 35475 074.0351 135.4446 0042484 213.1462 146.6998 14.33941698236365
