0 CZ-3A DEB
1 35551U 07003K   13282.68412281  .00000036  00000-0  47171-2 0  4465
2 35551 025.0924 299.1523 7232145 086.5364 352.0838 02.14643812 44941
0 CZ-3A DEB
1 35551U 07003K   13283.60793132 -.00000191  00000-0  00000+0 0  4487
2 35551 025.0914 298.8528 7234203 087.0710 345.9117 02.14641833 44963
0 CZ-3A DEB
1 35551U 07003K   13283.63394241  .00000296  00000-0  10498-1 0  4476
2 35551 025.0895 298.8386 7232285 087.0749 006.0102 02.14643705 44962
0 CZ-3A DEB
1 35551U 07003K   13294.32072498 -.00000309  00000-0 -17656-2 0  4483
2 35551 025.0639 295.4653 7232834 092.8761 343.7054 02.14640357 45199
0 CZ-3A DEB
1 35551U 07003K   13295.27557068 -.00000294  00000-0 -15143-2 0  4492
2 35551 025.0771 295.0680 7232004 093.4937 001.5146 02.14644220 45210
