0 CZ-3A DEB
1 35553U 07003M   13286.37419287  .00050797  00000-0  14708-1 0  2297
2 35553 023.7588 200.2490 6623944 281.7330 017.6595 03.13532138 47992
0 CZ-3A DEB
1 35553U 07003M   13294.33391712  .00046603  00000-0  15034-1 0  2300
2 35553 023.7976 195.7071 6615039 289.5722 013.4966 03.14308352 48248
0 CZ-3A DEB
1 35553U 07003M   13294.62289694  .00049087  00000-0  13994-1 0  2310
2 35553 023.7586 195.5930 6618187 289.8893 340.3946 03.14379914 48248
0 CZ-3A DEB
1 35553U 07003M   13295.28801366  .00047941  00000-0  14712-1 0  2326
2 35553 023.7885 195.1616 6615812 290.5042 013.2706 03.14410703 48279
0 CZ-3A DEB
1 35553U 07003M   13295.57132608  .00048947  00000-0  14016-1 0  2339
2 35553 023.7715 195.0459 6617421 290.8301 333.8183 03.14470231 48276
