0 COSMOS 2251 DEB
1 35663U 93036APE 13281.30738258  .00001552  00000-0  53120-3 0  2984
2 35663 074.0317 142.7383 0015200 221.9434 138.0557 14.37054561225833
0 COSMOS 2251 DEB
1 35663U 93036APE 13287.22459449  .00002149  00000-0  73151-3 0  3006
2 35663 074.0309 131.8542 0014948 209.6647 150.3660 14.37079240226684
0 COSMOS 2251 DEB
1 35663U 93036APE 13289.24338503  .00002259  00000-0  76842-3 0  3010
2 35663 074.0309 128.1405 0014853 205.5170 154.5252 14.37092635226970
0 COSMOS 2251 DEB
1 35663U 93036APE 13292.16712128  .00002569  00000-0  87217-3 0  3027
2 35663 074.0310 122.7619 0014769 199.4628 160.5963 14.37104479227397
