0 DEIMOS 1
1 35681U 09041A   13282.47363348  .00000196  00000-0  40735-4 0  6470
2 35681 097.9895 178.9340 0001525 068.6110 291.5266 14.70028332225144
0 DEIMOS 1
1 35681U 09041A   13282.81396722  .00000252  00000-0  50027-4 0  6489
2 35681 097.9894 179.2672 0001504 067.7346 292.4022 14.70028937225199
0 DEIMOS 1
1 35681U 09041A   13283.15430129  .00000229  00000-0  46140-4 0  6493
2 35681 097.9892 179.6003 0001497 068.2908 291.8462 14.70029144225248
0 DEIMOS 1
1 35681U 09041A   13283.29043488  .00000223  00000-0  45111-4 0  6509
2 35681 097.9889 179.7332 0001474 068.2478 291.8883 14.70029162225266
0 DEIMOS 1
1 35681U 09041A   13283.69883522  .00000398  00000-0  74283-4 0  6509
2 35681 097.9889 180.1334 0001480 066.6728 293.4636 14.70030341225323
0 DEIMOS 1
1 35681U 09041A   13283.83496874  .00000455  00000-0  83870-4 0  6512
2 35681 097.9887 180.2668 0001461 065.5719 294.5658 14.70030819225347
0 DEIMOS 1
1 35681U 09041A   13284.17530187  .00000490  00000-0  89674-4 0  6524
2 35681 097.9888 180.6004 0001469 065.5454 294.5908 14.70031442225396
0 DEIMOS 1
1 35681U 09041A   13284.51563590  .00000577  00000-0  10419-3 0  6533
2 35681 097.9889 180.9341 0001446 065.5803 294.5563 14.70031906225445
0 DEIMOS 1
1 35681U 09041A   13285.46857001  .00000443  00000-0  81855-4 0  6569
2 35681 097.9889 181.8675 0001453 065.4100 294.7252 14.70032185225584
0 DEIMOS 1
1 35681U 09041A   13285.80890302  .00000444  00000-0  81959-4 0  6575
2 35681 097.9890 182.2008 0001419 064.0461 296.0883 14.70032678225636
0 DEIMOS 1
1 35681U 09041A   13286.21730317  .00000341  00000-0  64900-4 0  6584
2 35681 097.9889 182.6010 0001381 065.2644 294.8705 14.70032669225690
0 DEIMOS 1
1 35681U 09041A   13286.55763688  .00000350  00000-0  66368-4 0  6599
2 35681 097.9888 182.9343 0001373 065.2715 294.8645 14.70032864225747
0 DEIMOS 1
1 35681U 09041A   13286.89796993  .00000342  00000-0  65007-4 0  6603
2 35681 097.9889 183.2676 0001360 063.0699 297.0657 14.70033228225792
0 DEIMOS 1
1 35681U 09041A   13287.17023592  .00000385  00000-0  72224-4 0  6610
2 35681 097.9890 183.5346 0001374 062.8898 297.2447 14.70033794225836
0 DEIMOS 1
1 35681U 09041A   13287.51056972  .00000390  00000-0  73058-4 0  6629
2 35681 097.9890 183.8680 0001386 065.9870 294.1488 14.70033758225883
0 DEIMOS 1
1 35681U 09041A   13287.85090250  .00000380  00000-0  71357-4 0  6633
2 35681 097.9885 184.2017 0001344 065.8045 294.3305 14.70034109225930
0 DEIMOS 1
1 35681U 09041A   13288.19123530  .00000370  00000-0  69724-4 0  6644
2 35681 097.9888 184.5353 0001345 065.7016 294.4330 14.70034420225987
0 DEIMOS 1
1 35681U 09041A   13288.53156882  .00000373  00000-0  70118-4 0  6651
2 35681 097.9892 184.8688 0001325 067.9827 292.1538 14.70034513226033
0 DEIMOS 1
1 35681U 09041A   13288.87190120  .00000389  00000-0  72793-4 0  6660
2 35681 097.9891 185.2022 0001315 067.0232 293.1117 14.70034995226082
0 DEIMOS 1
1 35681U 09041A   13289.21223366  .00000403  00000-0  75206-4 0  6678
2 35681 097.9891 185.5357 0001307 070.2905 289.8456 14.70035568226131
0 DEIMOS 1
1 35681U 09041A   13289.55256637  .00000480  00000-0  88032-4 0  6689
2 35681 097.9891 185.8691 0001337 069.3620 290.7739 14.70036090226182
0 DEIMOS 1
1 35681U 09041A   13289.82483193  .00000524  00000-0  95265-4 0  6694
2 35681 097.9889 186.1358 0001309 068.3304 291.8047 14.70036720226229
0 DEIMOS 1
1 35681U 09041A   13290.16516399  .00000504  00000-0  92052-4 0  6709
2 35681 097.9888 186.4692 0001292 069.7311 290.4035 14.70037126226274
0 DEIMOS 1
1 35681U 09041A   13290.36936338  .00000511  00000-0  93250-4 0  6710
2 35681 097.9887 186.6690 0001331 068.4821 291.6503 14.70037173226308
0 DEIMOS 1
1 35681U 09041A   13290.70969588  .00000568  00000-0  10275-3 0  6729
2 35681 097.9890 187.0025 0001358 065.8381 294.2966 14.70037921226358
0 DEIMOS 1
1 35681U 09041A   13290.84582877  .00000567  00000-0  10252-3 0  6731
2 35681 097.9889 187.1360 0001348 064.7268 295.4077 14.70038070226374
0 DEIMOS 1
1 35681U 09041A   13291.18616056  .00000588  00000-0  10604-3 0  6741
2 35681 097.9890 187.4692 0001334 067.9995 292.1352 14.70038653226427
0 DEIMOS 1
1 35681U 09041A   13291.52649314  .00000587  00000-0  10581-3 0  6756
2 35681 097.9895 187.8026 0001367 065.3372 294.7977 14.70038804226478
0 DEIMOS 1
1 35681U 09041A   13291.86682503  .00000542  00000-0  98385-4 0  6761
2 35681 097.9891 188.1361 0001421 062.0930 298.0408 14.70039085226529
0 DEIMOS 1
1 35681U 09041A   13292.20715726  .00000407  00000-0  75770-4 0  6778
2 35681 097.9890 188.4690 0001363 062.8473 297.2874 14.70038915226575
0 DEIMOS 1
1 35681U 09041A   13292.54748927  .00000481  00000-0  88251-4 0  6785
2 35681 097.9895 188.8024 0001395 058.5701 301.5646 14.70039486226622
0 DEIMOS 1
1 35681U 09041A   13292.88782068  .00000519  00000-0  94572-4 0  6792
2 35681 097.9894 189.1359 0001419 054.3608 305.7740 14.70040242226671
0 DEIMOS 1
1 35681U 09041A   13293.22815204  .00000467  00000-0  85908-4 0  6807
2 35681 097.9890 189.4689 0001405 053.8195 306.3141 14.70040460226726
0 DEIMOS 1
1 35681U 09041A   13293.56848346  .00000587  00000-0  10576-3 0  6819
2 35681 097.9891 189.8019 0001337 054.9363 305.1975 14.70041242226777
0 DEIMOS 1
1 35681U 09041A   13293.84074839  .00000614  00000-0  11031-3 0  6827
2 35681 097.9890 190.0685 0001393 051.9441 308.1894 14.70041799226810
0 DEIMOS 1
1 35681U 09041A   13294.18107948  .00000528  00000-0  95967-4 0  6839
2 35681 097.9888 190.4018 0001359 051.4940 308.6380 14.70041866226867
0 DEIMOS 1
1 35681U 09041A   13294.52141135  .00000527  00000-0  95842-4 0  6845
2 35681 097.9891 190.7353 0001202 060.5943 299.5396 14.70041848226918
0 DEIMOS 1
1 35681U 09041A   13294.86174214  .00000443  00000-0  81865-4 0  6854
2 35681 097.9893 191.0684 0001171 061.3307 298.8009 14.70041932226961
0 DEIMOS 1
1 35681U 09041A   13295.20207336  .00000388  00000-0  72680-4 0  6869
2 35681 097.9894 191.4018 0001156 064.5264 295.6065 14.70042140227013
0 DEIMOS 1
1 35681U 09041A   13295.54240480  .00000493  00000-0  90146-4 0  6878
2 35681 097.9890 191.7351 0001135 064.1939 295.9411 14.70042838227061
0 DEIMOS 1
1 35681U 09041A   13295.88273483  .00000541  00000-0  98187-4 0  6882
2 35681 097.9888 192.0681 0001101 064.6143 295.5182 14.70043616227115
0 DEIMOS 1
1 35681U 09041A   13296.22306532  .00000547  00000-0  99087-4 0  6890
2 35681 097.9888 192.4015 0001072 069.9823 290.1510 14.70044191227160
