0 IRIDIUM 33 DEB
1 35852U 97051TC  13281.86398416  .00039177  00000-0  53515-2 0  2266
2 35852 086.3863 115.4830 0012868 357.8727 064.4691 14.78350296221016
0 IRIDIUM 33 DEB
1 35852U 97051TC  13282.53450902  .00068211  00000-0  92529-2 0  2270
2 35852 086.3859 115.1855 0012705 354.1081 034.5549 14.78479241221100
0 IRIDIUM 33 DEB
1 35852U 97051TC  13283.29680821  .00061377  00000-0  83248-2 0  2284
2 35852 086.3857 114.8390 0012829 356.9948 126.4320 14.78524051221228
0 IRIDIUM 33 DEB
1 35852U 97051TC  13285.51248057  .00047255  00000-0  63931-2 0  2301
2 35852 086.3876 113.8441 0012680 345.5428 044.2944 14.78715624221549
0 IRIDIUM 33 DEB
1 35852U 97051TC  13286.80312764  .00050396  00000-0  67990-2 0  2311
2 35852 086.3869 113.2626 0012533 341.5016 074.7018 14.78817266221743
0 IRIDIUM 33 DEB
1 35852U 97051TC  13287.81833628  .00072437  00000-0  97167-2 0  2320
2 35852 086.3872 112.8072 0012813 337.6792 079.8887 14.78928116221898
0 IRIDIUM 33 DEB
1 35852U 97051TC  13288.48964572  .00083851  00000-0  11203-1 0  2336
2 35852 086.3866 112.5041 0012781 336.2891 053.2208 14.79028757221989
0 IRIDIUM 33 DEB
1 35852U 97051TC  13288.76560709  .00074712  00000-0  99867-2 0  2341
2 35852 086.3864 112.3798 0012768 335.1531 082.7846 14.79063536222034
0 IRIDIUM 33 DEB
1 35852U 97051TC  13289.77987388  .00083491  00000-0  11119-1 0  2357
2 35852 086.3861 111.9231 0012612 331.0025 084.2221 14.79168780222186
0 IRIDIUM 33 DEB
1 35852U 97051TC  13290.79459610  .00062319  00000-0  82978-2 0  2362
2 35852 086.3862 111.4665 0012598 327.4098 087.9260 14.79303657222339
0 IRIDIUM 33 DEB
1 35852U 97051TC  13291.28042946  .00063343  00000-0  84243-2 0  2373
2 35852 086.3863 111.2480 0012795 325.6515 155.3209 14.79345268222401
0 IRIDIUM 33 DEB
1 35852U 97051TC  13292.75700381  .00065121  00000-0  86248-2 0  2384
2 35852 086.3867 110.5831 0012801 320.6207 099.3781 14.79510302222627
0 IRIDIUM 33 DEB
1 35852U 97051TC  13293.77038719  .00070857  00000-0  93528-2 0  2398
2 35852 086.3868 110.1264 0012962 317.4170 096.7958 14.79617931222774
