0 IRIDIUM 33 DEB
1 36012U 97051UT  13280.78842353  .00003133  00000-0  22218-2 0  2864
2 36012 086.4609 210.3426 0311147 091.7633 271.9191 13.76667809218533
0 IRIDIUM 33 DEB
1 36012U 97051UT  13282.24207523  .00003692  00000-0  26170-2 0  2873
2 36012 086.4609 209.7997 0311561 087.4804 276.1983 13.76685399218732
0 IRIDIUM 33 DEB
1 36012U 97051UT  13285.22198722  .00004226  00000-0  29911-2 0  2885
2 36012 086.4620 208.6868 0312283 078.7050 284.9029 13.76715745219141
0 IRIDIUM 33 DEB
1 36012U 97051UT  13286.23949684  .00004822  00000-0  34189-2 0  2894
2 36012 086.4618 208.3067 0311766 075.6426 287.9130 13.76722105219283
0 IRIDIUM 33 DEB
1 36012U 97051UT  13289.21929834  .00006805  00000-0  48200-2 0  2904
2 36012 086.4618 207.1925 0312331 066.8563 296.5184 13.76758674219696
0 IRIDIUM 33 DEB
1 36012U 97051UT  13292.19900251  .00006726  00000-0  47517-2 0  2910
2 36012 086.4615 206.0790 0313150 058.1088 305.0137 13.76796224220102
0 IRIDIUM 33 DEB
1 36012U 97051UT  13293.21644114  .00006754  00000-0  47683-2 0  2923
2 36012 086.4615 205.6988 0313336 055.1281 307.8916 13.76808502220247
0 IRIDIUM 33 DEB
1 36012U 97051UT  13294.74257671  .00008255  00000-0  58264-2 0  2936
2 36012 086.4617 205.1285 0313451 050.6526 312.1968 13.76826349220441
