0 IRIDIUM 33 DEB
1 36081U 97051VN  13281.84168089  .00004088  00000-0  16616-2 0  1836
2 36081 086.2487 117.7875 0077008 068.4316 292.4911 14.25744731214699
0 IRIDIUM 33 DEB
1 36081U 97051VN  13283.24532702  .00004231  00000-0  17208-2 0  1848
2 36081 086.2509 117.1873 0076053 065.9920 294.9797 14.25758843214898
0 IRIDIUM 33 DEB
1 36081U 97051VN  13285.28057312  .00004358  00000-0  17731-2 0  1855
2 36081 086.2539 116.3165 0075471 061.5162 299.4312 14.25779034215180
0 IRIDIUM 33 DEB
1 36081U 97051VN  13287.24560675  .00004584  00000-0  18647-2 0  1863
2 36081 086.2546 115.4742 0075254 055.3384 305.5838 14.25801359215464
0 IRIDIUM 33 DEB
1 36081U 97051VN  13289.77203026  .00004951  00000-0  20132-2 0  1878
2 36081 086.2470 114.3771 0075454 040.1809 320.6302 14.25832930215829
0 IRIDIUM 33 DEB
1 36081U 97051VN  13290.26324769  .00004997  00000-0  20321-2 0  1883
2 36081 086.2490 114.1693 0075259 041.1344 319.5698 14.25838780215891
0 IRIDIUM 33 DEB
1 36081U 97051VN  13291.24572638  .00005175  00000-0  21013-2 0  1891
2 36081 086.2475 113.7455 0076942 038.6286 322.0526 14.25851642216039
0 IRIDIUM 33 DEB
1 36081U 97051VN  13293.77206898  .00005548  00000-0  22534-2 0  1908
2 36081 086.2458 112.6624 0076048 029.8920 330.7907 14.25885574216399
0 IRIDIUM 33 DEB
1 36081U 97051VN  13295.73693369  .00005857  00000-0  23806-2 0  1916
2 36081 086.2494 111.8208 0074803 025.6339 334.9383 14.25913278216671
