0 BEIDOU G1
1 36287U 10001A   13282.50353580 -.00000296  00000-0  10000-3 0   738
2 36287 001.7154 011.5376 0004253 174.4675 153.6363 01.00271851 13711
0 BEIDOU G1
1 36287U 10001A   13282.59055720  .00000000  00000-0  10000-3 0   745
2 36287 001.7186 011.2902 0003879 190.8153 168.9450 01.00268608 13637
0 BEIDOU G1
1 36287U 10001A   13283.51500929 -.00000299  00000-0  10000-3 0   745
2 36287 001.7163 011.5967 0004194 172.0366 161.1366 01.00271511 13723
0 BEIDOU G1
1 36287U 10001A   13285.67930020 -.00000305  00000-0  10000-3 0   763
2 36287 001.7150 011.7469 0004303 174.7299 219.5583 01.00270424 13758
0 BEIDOU G1
1 36287U 10001A   13286.69553024 -.00000307  00000-0  10000-3 0   774
2 36287 001.7151 011.7801 0004569 186.1669 214.9192 01.00270270 13766
0 BEIDOU G1
1 36287U 10001A   13287.77840990 -.00000308  00000-0  10000-3 0   787
2 36287 001.7178 011.8622 0004565 184.8346 247.0664 01.00269824 13775
0 BEIDOU G1
1 36287U 10001A   13289.48962825 -.00000307  00000-0  10000-3 0   799
2 36287 001.7206 011.8846 0004586 184.6508 144.9385 01.00269229 13781
0 BEIDOU G1
1 36287U 10001A   13290.68898123 -.00000305  00000-0  10000-3 0   802
2 36287 001.7198 012.0211 0004534 185.4670 216.9243 01.00269035 13803
0 BEIDOU G1
1 36287U 10001A   13291.24256623 -.00000304  00000-0  10000-3 0   818
2 36287 001.7228 011.9827 0004437 191.9508 050.3027 01.00268611 13801
0 BEIDOU G1
1 36287U 10001A   13292.71102561 -.00000301  00000-0  10000-3 0   820
2 36287 001.7244 012.0971 0004352 192.6484 219.5672 01.00268301 13821
0 BEIDOU G1
1 36287U 10001A   13293.82827167 -.00000299  00000-0  10000-3 0   836
2 36287 001.7247 012.1123 0004364 192.3579 263.1391 01.00268094 13832
0 BEIDOU G1
1 36287U 10001A   13295.68539880 -.00000297  00000-0  10000-3 0   843
2 36287 001.7263 012.2059 0004388 191.5395 214.2372 01.00267854 13853
