0 COSMOS 2251 DEB
1 36474U 93036BBZ 13281.74971330  .00009567  00000-0  10248-2 0  3813
2 36474 073.9379 289.6149 0114311 131.1219 350.9898 14.84030082216272
0 COSMOS 2251 DEB
1 36474U 93036BBZ 13283.35644911  .00015319  00000-0  16355-2 0  3822
2 36474 073.9380 286.4098 0114126 127.5100 295.1835 14.84082315216507
0 COSMOS 2251 DEB
1 36474U 93036BBZ 13285.72710770  .00012777  00000-0  13640-2 0  3843
2 36474 073.9376 281.6808 0114001 122.1697 001.1753 14.84131578216861
0 COSMOS 2251 DEB
1 36474U 93036BBZ 13287.68190108  .00018138  00000-0  19312-2 0  3857
2 36474 073.9371 277.7809 0113907 117.7543 005.6110 14.84177833217150
0 COSMOS 2251 DEB
1 36474U 93036BBZ 13288.34560336  .00023920  00000-0  25419-2 0  3866
2 36474 073.9370 276.4566 0113849 116.2669 311.8463 14.84207280217246
0 COSMOS 2251 DEB
1 36474U 93036BBZ 13290.29968986  .00021395  00000-0  22721-2 0  3874
2 36474 073.9372 272.5571 0113750 111.8838 313.0700 14.84261087217536
0 COSMOS 2251 DEB
1 36474U 93036BBZ 13291.65708600  .00019246  00000-0  20427-2 0  3884
2 36474 073.9376 269.8480 0113695 108.8275 006.2709 14.84307184217749
0 COSMOS 2251 DEB
1 36474U 93036BBZ 13293.61257063  .00020890  00000-0  22135-2 0  3890
2 36474 073.9381 265.9455 0113628 104.4636 015.6561 14.84364048218038
0 COSMOS 2251 DEB
1 36474U 93036BBZ 13295.28726975  .00023628  00000-0  24988-2 0  3900
2 36474 073.9385 262.6037 0113625 100.7380 324.9540 14.84416447218274
