0 IRIDIUM 33 DEB
1 36495U 97051WM  13281.34394094  .00006337  00000-0  19619-2 0  2136
2 36495 086.4183 139.4029 0034130 314.8079 045.0334 14.40766806201655
0 IRIDIUM 33 DEB
1 36495U 97051WM  13283.84416647  .00006361  00000-0  19681-2 0  2149
2 36495 086.4193 138.3545 0034102 306.5526 053.2577 14.40798815202017
0 IRIDIUM 33 DEB
1 36495U 97051WM  13285.30259556  .00006616  00000-0  20489-2 0  2169
2 36495 086.4230 137.7414 0030569 297.8617 062.0122 14.40823254202226
0 IRIDIUM 33 DEB
1 36495U 97051WM  13285.85817245  .00006709  00000-0  20761-2 0  2171
2 36495 086.4218 137.5080 0032200 296.5283 063.2905 14.40832623202309
0 IRIDIUM 33 DEB
1 36495U 97051WM  13287.31657285  .00006869  00000-0  21248-2 0  2189
2 36495 086.4197 136.8923 0032232 290.7318 069.1002 14.40855619202519
0 IRIDIUM 33 DEB
1 36495U 97051WM  13287.87213857  .00007118  00000-0  22003-2 0  2192
2 36495 086.4181 136.6623 0033495 291.2502 068.5439 14.40867235202592
0 IRIDIUM 33 DEB
1 36495U 97051WM  13288.84437437  .00007383  00000-0  22812-2 0  2206
2 36495 086.4180 136.2564 0033590 289.5044 070.2754 14.40886119202736
0 IRIDIUM 33 DEB
1 36495U 97051WM  13290.30271929  .00007769  00000-0  23998-2 0  2217
2 36495 086.4152 135.6457 0033289 287.9848 071.8259 14.40914421202946
0 IRIDIUM 33 DEB
1 36495U 97051WM  13291.27492342  .00007895  00000-0  24367-2 0  2220
2 36495 086.4145 135.2400 0034321 287.0522 072.7099 14.40932194203085
0 IRIDIUM 33 DEB
1 36495U 97051WM  13292.31656818  .00008001  00000-0  24684-2 0  2239
2 36495 086.4114 134.7966 0034333 284.3004 075.4694 14.40950781203230
0 IRIDIUM 33 DEB
1 36495U 97051WM  13293.84428939  .00009446  00000-0  29141-2 0  2247
2 36495 086.4194 134.1557 0032588 272.8112 087.2335 14.40998169203459
