0 CRYOSAT 2
1 36508U 10013A   13282.79823899  .00000168  00000-0  40667-4 0   597
2 36508 092.0262 236.4470 0007598 229.6814 217.4786 14.52180960185760
0 CRYOSAT 2
1 36508U 10013A   13283.83119013  .00000181  00000-0  43912-4 0   602
2 36508 092.0264 236.6970 0007712 225.4650 218.2915 14.52181481185918
0 CRYOSAT 2
1 36508U 10013A   13286.17259263  .00000142  00000-0  34393-4 0   626
2 36508 092.0271 237.2637 0008009 216.5133 219.6947 14.52171443186255
0 CRYOSAT 2
1 36508U 10013A   13287.49632514  .00000215  00000-0  52210-4 0   636
2 36508 092.0274 237.5841 0008181 211.5673 300.3657 14.52172222186446
0 CRYOSAT 2
1 36508U 10013A   13288.16802362  .00000311  00000-0  75978-4 0   645
2 36508 092.0277 237.7469 0008213 208.7188 212.4382 14.52157160186545
0 CRYOSAT 2
1 36508U 10013A   13288.79316199  .00000163  00000-0  39457-4 0   650
2 36508 092.0278 237.8981 0008372 206.7396 240.3999 14.52172254186636
0 CRYOSAT 2
1 36508U 10013A   13289.82569512  .00000158  00000-0  38147-4 0   664
2 36508 092.0281 238.1481 0008521 203.0711 238.4503 14.52172770186784
0 CRYOSAT 2
1 36508U 10013A   13291.15540509  .00000153  00000-0  37114-4 0   677
2 36508 092.0283 238.4701 0008726 198.4964 349.9852 14.52173272186972
0 CRYOSAT 2
1 36508U 10013A   13292.17385788  .00000269  00000-0  65606-4 0   682
2 36508 092.0285 238.7169 0008869 194.9562 274.3519 14.52174273187129
0 CRYOSAT 2
1 36508U 10013A   13293.49103404  .00000265  00000-0  64662-4 0   699
2 36508 092.0286 239.0361 0009069 190.6497 320.1424 14.52175269187313
0 CRYOSAT 2
1 36508U 10013A   13294.51865631  .00000224  00000-0  54500-4 0   707
2 36508 092.0286 239.2853 0009205 187.1299 292.3970 14.52175922187462
0 CRYOSAT 2
1 36508U 10013A   13295.82385230  .00000227  00000-0  55343-4 0   714
2 36508 092.0286 239.6016 0009393 182.7547 275.6738 14.52176651187659
