0 COSMOS 2251 DEB
1 37105U 93036BGB 13281.75972296  .00005705  00000-0  30807-2 0  2203
2 37105 073.8941 065.9554 0428899 140.0935 223.2475 13.74664033220181
0 COSMOS 2251 DEB
1 37105U 93036BGB 13284.01570423  .00005694  00000-0  30794-2 0  2214
2 37105 073.8919 062.1714 0428254 135.7509 227.8644 13.74690268220497
0 COSMOS 2251 DEB
1 37105U 93036BGB 13285.03451929  .00005862  00000-0  31681-2 0  2220
2 37105 073.8878 060.4665 0428328 133.7845 229.9704 13.74704031220630
0 COSMOS 2251 DEB
1 37105U 93036BGB 13286.05331884  .00006132  00000-0  33218-2 0  2230
2 37105 073.8887 058.7549 0427407 131.8004 232.0539 13.74718662220775
0 COSMOS 2251 DEB
1 37105U 93036BGB 13287.07210782  .00006261  00000-0  33846-2 0  2247
2 37105 073.8909 057.0408 0427925 129.9652 234.0120 13.74732936220912
0 COSMOS 2251 DEB
1 37105U 93036BGB 13290.05564056  .00006865  00000-0  37087-2 0  2257
2 37105 073.8974 052.0286 0427712 124.5934 239.7437 13.74778920221323
0 COSMOS 2251 DEB
1 37105U 93036BGB 13293.62116008  .00006852  00000-0  36979-2 0  2269
2 37105 073.8998 046.0458 0427712 118.1631 246.3480 13.74828267221812
0 COSMOS 2251 DEB
1 37105U 93036BGB 13295.00367971  .00006672  00000-0  36076-2 0  2279
2 37105 073.9025 043.7257 0427039 115.7799 248.8066 13.74845019222008
