0 GLOBALSTAR M074
1 37189U 10054B   13282.09272936 -.00000111  00000-0 -43008-4 0  9075
2 37189 052.0001 175.6603 0000935 086.4391 060.0521 12.62269579137996
0 GLOBALSTAR M074
1 37189U 10054B   13283.28354022 -.00000095  00000-0  50413-4 0  9083
2 37189 052.0000 172.0350 0000961 087.8018 072.5686 12.62269465138147
0 GLOBALSTAR M074
1 37189U 10054B   13286.13534953 -.00000053  00000-0  28460-3 0  9106
2 37189 051.9995 163.3529 0000948 091.0311 074.7486 12.62269253138504
0 GLOBALSTAR M074
1 37189U 10054B   13287.16761532 -.00000059  00000-0  24931-3 0  9111
2 37189 051.9994 160.2102 0000966 092.4785 086.3728 12.62269383138632
0 GLOBALSTAR M074
1 37189U 10054B   13288.40660373 -.00000077  00000-0  15043-3 0  9125
2 37189 051.9992 156.4381 0000925 093.3351 318.4271 12.62269547138791
0 GLOBALSTAR M074
1 37189U 10054B   13289.83786573 -.00000103  00000-0  62504-5 0  9131
2 37189 051.9991 152.0806 0000961 095.8802 342.9421 12.62269794138975
0 GLOBALSTAR M074
1 37189U 10054B   13291.11888429 -.00000109  00000-0 -27660-4 0  9149
2 37189 051.9990 148.1805 0000955 096.8819 045.9385 12.62270054139130
0 GLOBALSTAR M074
1 37189U 10054B   13292.51921705 -.00000113  00000-0 -48933-4 0  9151
2 37189 051.9990 143.9171 0000960 099.5480 289.7194 12.62270087139311
0 GLOBALSTAR M074
1 37189U 10054B   13293.79707168 -.00000111  00000-0 -39822-4 0  9163
2 37189 051.9991 140.0266 0000968 101.8399 337.0430 12.62269986139472
0 GLOBALSTAR M074
1 37189U 10054B   13294.83414979 -.00000099  00000-0  28260-4 0  9173
2 37189 051.9991 136.8692 0000941 101.2803 012.5559 12.62269887139605
0 GLOBALSTAR M074
1 37189U 10054B   13295.86070781 -.00000081  00000-0  12475-3 0  9188
2 37189 051.9991 133.7438 0000936 103.2438 357.7176 12.62269821139730
