0 COSMOS 2251 DEB
1 37307U 93036BJX 13281.07280085  .00006271  00000-0  13176-2 0  1286
2 37307 074.0257 058.0776 0040243 240.3049 119.4144 14.59286454227693
0 COSMOS 2251 DEB
1 37307U 93036BJX 13284.02062384  .00007053  00000-0  14769-2 0  1293
2 37307 074.0302 052.4528 0043007 231.5758 128.3572 14.59336246228125
0 COSMOS 2251 DEB
1 37307U 93036BJX 13287.03684587  .00007797  00000-0  16282-2 0  1312
2 37307 074.0296 046.6936 0044680 221.7860 138.1506 14.59392283228565
0 COSMOS 2251 DEB
1 37307U 93036BJX 13287.99651047  .00008127  00000-0  16952-2 0  1325
2 37307 074.0327 044.8654 0045422 218.3089 141.5931 14.59413854228701
0 COSMOS 2251 DEB
1 37307U 93036BJX 13289.98438963  .00009008  00000-0  18949-2 0  1334
2 37307 073.9961 041.1033 0025134 244.4158 115.2439 14.59459152228992
0 COSMOS 2251 DEB
1 37307U 93036BJX 13291.01262084  .00010018  00000-0  20853-2 0  1341
2 37307 074.0337 039.1164 0044363 220.9573 139.3309 14.59494483229145
0 COSMOS 2251 DEB
1 37307U 93036BJX 13291.97215158  .00010195  00000-0  21244-2 0  1358
2 37307 074.0233 037.2930 0041574 222.2493 137.5397 14.59516415229289
