0 COSMOS 2251 DEB
1 37535U 93036BNQ 13281.28124684  .00001059  00000-0  32916-3 0  3997
2 37535 074.0278 113.4707 0036690 260.3917 153.6645 14.41858109209741
0 COSMOS 2251 DEB
1 37535U 93036BNQ 13283.29378022  .00001240  00000-0  38420-3 0  4008
2 37535 074.0278 109.7389 0036670 256.3162 159.9731 14.41866855210036
0 COSMOS 2251 DEB
1 37535U 93036BNQ 13285.50911627  .00001190  00000-0  36881-3 0  4012
2 37535 074.0279 105.6310 0036640 251.8222 139.0197 14.41872160210356
0 COSMOS 2251 DEB
1 37535U 93036BNQ 13287.60663940  .00001782  00000-0  54815-3 0  4022
2 37535 074.0282 101.7413 0036609 247.5923 226.5605 14.41878934210650
0 COSMOS 2251 DEB
1 37535U 93036BNQ 13289.62067100  .00001840  00000-0  56563-3 0  4030
2 37535 074.0286 098.0063 0036537 243.4543 240.8568 14.41887516210941
0 COSMOS 2251 DEB
1 37535U 93036BNQ 13291.82986233  .00002006  00000-0  61593-3 0  4047
2 37535 074.0290 093.9100 0036597 239.0298 188.1327 14.41894361211265
0 COSMOS 2251 DEB
1 37535U 93036BNQ 13294.13011809  .00002304  00000-0  70593-3 0  4054
2 37535 074.0291 089.6443 0036455 234.3395 248.2453 14.41904317211594
