0 COSMOS 249 DEB
1 03757U 68091AU  13281.49508251  .00009981  00000-0  19854-2 0   543
2 03757 061.9896 239.4304 0566496 010.4892 089.6649 13.93181494178661
0 COSMOS 249 DEB
1 03757U 68091AU  13282.42510568  .00014298  00000-0  28267-2 0   557
2 03757 061.9894 236.6949 0566470 010.7853 074.1895 13.93212532178799
0 COSMOS 249 DEB
1 03757U 68091AU  13287.37736465  .00011631  00000-0  22967-2 0   584
2 03757 061.9895 222.1261 0566690 012.3626 073.5085 13.93319893179486
0 COSMOS 249 DEB
1 03757U 68091AU  13289.17473738  .00014680  00000-0  28851-2 0   591
2 03757 061.9899 216.8380 0566712 012.9394 089.1982 13.93369403179734
0 COSMOS 249 DEB
1 03757U 68091AU  13290.26249914  .00014709  00000-0  28876-2 0   601
2 03757 061.9901 213.6377 0566795 013.2923 145.5916 13.93392473179885
0 COSMOS 249 DEB
1 03757U 68091AU  13292.32936494  .00011786  00000-0  23175-2 0   616
2 03757 061.9899 207.5552 0566785 013.9564 073.6360 13.93447579180171
0 COSMOS 249 DEB
1 03757U 68091AU  13294.34004926  .00012377  00000-0  24283-2 0   625
2 03757 061.9889 201.6386 0566863 014.5890 080.2233 13.93488141180450
