0 DELTA 1 DEB
1 37640U 78026JB  13285.69465586  .00000985  00000-0  54145-3 0  1144
2 37640 099.0634 106.8250 0046438 207.4836 152.4078 14.13592830507252
0 DELTA 1 DEB
1 37640U 78026JB  13287.32261954  .00001013  00000-0  55546-3 0  1159
2 37640 099.0662 108.4794 0047281 200.9840 158.9643 14.13596957507482
0 DELTA 1 DEB
1 37640U 78026JB  13291.28634449  .00001065  00000-0  58280-3 0  1168
2 37640 099.0682 112.5019 0046957 189.4809 170.5882 14.13607007508042
0 DELTA 1 DEB
1 37640U 78026JB  13295.74549914  .00001216  00000-0  66189-3 0  1171
2 37640 099.0679 117.0238 0046340 178.9299 181.4144 14.13623189508673
