0 DELTA 1 DEB
1 37661U 78026JY  13283.89224425  .00000102  00000-0  20843-3 0  1208
2 37661 098.9175 324.8558 0334575 106.2673 257.5533 13.31052329538635
0 DELTA 1 DEB
1 37661U 78026JY  13286.37277934  .00000103  00000-0  20968-3 0  1217
2 37661 098.9171 327.0076 0334498 100.1470 263.7559 13.31053038538964
0 DELTA 1 DEB
1 37661U 78026JY  13288.92847120  .00000104  00000-0  21159-3 0  1225
2 37661 098.9170 329.2262 0334593 093.8625 270.0826 13.31053790539302
0 DELTA 1 DEB
1 37661U 78026JY  13290.95798263  .00000106  00000-0  21544-3 0  1235
2 37661 098.9170 330.9885 0334559 088.8530 275.0901 13.31054454539579
0 DELTA 1 DEB
1 37661U 78026JY  13293.28815455  .00000109  00000-0  21959-3 0  1241
2 37661 098.9168 333.0112 0334495 083.1094 280.7987 13.31055216539883
0 DELTA 1 DEB
1 37661U 78026JY  13295.31765094  .00000112  00000-0  22418-3 0  1256
2 37661 098.9165 334.7723 0334395 078.0935 285.7513 13.31055937540154
