0 NIGERIASAT 2
1 37789U 11044B   13282.10656618  .00000635  00000-0  13779-3 0  3788
2 37789 098.1787 357.2797 0010730 300.3014 059.7186 14.61406318114217
0 NIGERIASAT 2
1 37789U 11044B   13282.38043617  .00001036  00000-0  21872-3 0  3797
2 37789 098.1786 357.5501 0010729 299.4427 060.5701 14.61407673114258
0 NIGERIASAT 2
1 37789U 11044B   13282.72277497  .00001156  00000-0  24306-3 0  3800
2 37789 098.1785 357.8882 0010722 298.3950 061.6162 14.61408786114309
0 NIGERIASAT 2
1 37789U 11044B   13283.06511546  .00000569  00000-0  12438-3 0  3815
2 37789 098.1786 358.2270 0010753 296.9066 063.1069 14.61407492114353
0 NIGERIASAT 2
1 37789U 11044B   13283.40745334  .00000691  00000-0  14900-3 0  3820
2 37789 098.1785 358.5651 0010753 295.5136 064.4945 14.61408441114409
0 NIGERIASAT 2
1 37789U 11044B   13283.54437090  .00022894  00000-0  46193-2 0  3830
2 37789 098.1781 358.6998 0010009 299.4193 060.6501 14.61477886114427
0 NIGERIASAT 2
1 37789U 11044B   13283.54439818  .00001230  00000-0  24854-3 0  3843
2 37789 098.1778 358.6994 0010921 295.1028 064.9534 14.61409334114428
0 NIGERIASAT 2
1 37789U 11044B   13283.74979221  .00000805  00000-0  17204-3 0  3851
2 37789 098.1791 358.9038 0010793 294.7551 065.2527 14.61409412114454
0 NIGERIASAT 2
1 37789U 11044B   13284.09213266  .00000336  00000-0  77318-4 0  3863
2 37789 098.1788 359.2424 0010751 293.1903 066.8181 14.61407751114504
0 NIGERIASAT 2
1 37789U 11044B   13284.43447109  .00000412  00000-0  92755-4 0  3874
2 37789 098.1786 359.5809 0010755 291.8933 068.1122 14.61408389114557
0 NIGERIASAT 2
1 37789U 11044B   13285.39302037  .00000359  00000-0  82076-4 0  3909
2 37789 098.1784 000.5285 0010771 288.6904 071.3127 14.61408922114695
0 NIGERIASAT 2
1 37789U 11044B   13285.73535916  .00000378  00000-0  85936-4 0  3911
2 37789 098.1784 000.8669 0010761 287.6192 072.3833 14.61409322114747
0 NIGERIASAT 2
1 37789U 11044B   13286.07769844  .00000309  00000-0  71876-4 0  3921
2 37789 098.1782 001.2052 0010751 286.4791 073.5227 14.61409139114798
0 NIGERIASAT 2
1 37789U 11044B   13286.42003717  .00000297  00000-0  69560-4 0  3934
2 37789 098.1783 001.5436 0010729 285.2659 074.7348 14.61409302114848
0 NIGERIASAT 2
1 37789U 11044B   13286.76237614  .00000295  00000-0  69086-4 0  3948
2 37789 098.1783 001.8820 0010754 284.3049 075.6954 14.61409519114897
0 NIGERIASAT 2
1 37789U 11044B   13287.10471559  .00000265  00000-0  63063-4 0  3952
2 37789 098.1783 002.2202 0010731 282.8858 077.1164 14.61409504114942
0 NIGERIASAT 2
1 37789U 11044B   13287.44705388  .00000265  00000-0  63112-4 0  3965
2 37789 098.1784 002.5586 0010722 281.7686 078.2306 14.61409719114991
0 NIGERIASAT 2
1 37789U 11044B   13287.72092494  .00000270  00000-0  64111-4 0  3970
2 37789 098.1786 002.8297 0010726 280.9392 079.0601 14.61409935115037
0 NIGERIASAT 2
1 37789U 11044B   13288.06326429  .00000201  00000-0  50070-4 0  3980
2 37789 098.1785 003.1681 0010669 279.5092 080.4893 14.61409505115081
0 NIGERIASAT 2
1 37789U 11044B   13288.40560329  .00000201  00000-0  50076-4 0  3994
2 37789 098.1786 003.5065 0010666 278.4303 081.5688 14.61409674115139
0 NIGERIASAT 2
1 37789U 11044B   13288.74794207  .00000217  00000-0  53332-4 0  4003
2 37789 098.1787 003.8451 0010633 277.2644 082.7358 14.61410001115189
0 NIGERIASAT 2
1 37789U 11044B   13289.09028089  .00000196  00000-0  49105-4 0  4010
2 37789 098.1786 004.1836 0010623 276.1708 083.8280 14.61409973115235
0 NIGERIASAT 2
1 37789U 11044B   13289.43261951  .00000201  00000-0  50176-4 0  4023
2 37789 098.1786 004.5220 0010625 275.0609 084.9375 14.61410197115288
0 NIGERIASAT 2
1 37789U 11044B   13289.70649049  .00000179  00000-0  45685-4 0  4035
2 37789 098.1787 004.7929 0010602 273.9774 086.0194 14.61410081115321
0 NIGERIASAT 2
1 37789U 11044B   13290.04882990  .00000173  00000-0  44541-4 0  4043
2 37789 098.1786 005.1313 0010590 272.8045 087.1952 14.61410172115377
0 NIGERIASAT 2
1 37789U 11044B   13290.39116815  .00000184  00000-0  46751-4 0  4055
2 37789 098.1786 005.4703 0010605 271.6901 088.3085 14.61410466115420
0 NIGERIASAT 2
1 37789U 11044B   13290.73350664  .00000192  00000-0  48394-4 0  4060
2 37789 098.1786 005.8088 0010589 270.4427 089.5561 14.61410714115474
0 NIGERIASAT 2
1 37789U 11044B   13291.07584529  .00000194  00000-0  48667-4 0  4073
2 37789 098.1786 006.1471 0010585 269.3030 090.6962 14.61410896115522
0 NIGERIASAT 2
1 37789U 11044B   13291.41818363  .00000197  00000-0  49355-4 0  4086
2 37789 098.1787 006.4856 0010588 268.2572 091.7413 14.61411111115574
0 NIGERIASAT 2
1 37789U 11044B   13291.76052222  .00000192  00000-0  48400-4 0  4094
2 37789 098.1787 006.8242 0010572 266.9725 093.0268 14.61411249115626
0 NIGERIASAT 2
1 37789U 11044B   13292.10286091  .00000191  00000-0  48058-4 0  4106
2 37789 098.1789 007.1627 0010605 265.6266 094.3738 14.61411386115675
0 NIGERIASAT 2
1 37789U 11044B   13292.44519889  .00000194  00000-0  48694-4 0  4117
2 37789 098.1789 007.5012 0010620 264.4676 095.5314 14.61411619115724
0 NIGERIASAT 2
1 37789U 11044B   13292.71906961  .00000194  00000-0  48785-4 0  4120
2 37789 098.1788 007.7719 0010613 263.5485 096.4509 14.61411769115765
0 NIGERIASAT 2
1 37789U 11044B   13293.06140817  .00000202  00000-0  50344-4 0  4134
2 37789 098.1789 008.1106 0010612 262.3555 097.6452 14.61411994115811
0 NIGERIASAT 2
1 37789U 11044B   13293.40374618  .00000205  00000-0  50938-4 0  4143
2 37789 098.1789 008.4491 0010629 261.1372 098.8628 14.61412213115861
0 NIGERIASAT 2
1 37789U 11044B   13293.74608437  .00000208  00000-0  51582-4 0  4159
2 37789 098.1789 008.7876 0010612 259.9645 100.0360 14.61412440115918
0 NIGERIASAT 2
1 37789U 11044B   13294.08842309  .00000201  00000-0  50055-4 0  4163
2 37789 098.1789 009.1262 0010586 258.5513 101.4506 14.61412471115967
0 NIGERIASAT 2
1 37789U 11044B   13294.43076107  .00000207  00000-0  51327-4 0  4177
2 37789 098.1787 009.4646 0010604 257.4777 102.5241 14.61412743116012
0 NIGERIASAT 2
1 37789U 11044B   13294.77309920  .00000206  00000-0  51048-4 0  4186
2 37789 098.1787 009.8030 0010602 256.3252 103.6768 14.61412917116061
0 NIGERIASAT 2
1 37789U 11044B   13295.11543759  .00000223  00000-0  54488-4 0  4196
2 37789 098.1788 010.1414 0010597 255.2563 104.7484 14.61413253116116
0 NIGERIASAT 2
1 37789U 11044B   13295.38930761  .00000227  00000-0  55294-4 0  4200
2 37789 098.1788 010.4125 0010603 254.3816 105.6216 14.61413458116151
0 NIGERIASAT 2
1 37789U 11044B   13295.73164561  .00000215  00000-0  52990-4 0  4214
2 37789 098.1786 010.7509 0010598 253.0847 106.9175 14.61413496116207
0 NIGERIASAT 2
1 37789U 11044B   13296.07398414  .00000223  00000-0  54500-4 0  4227
2 37789 098.1784 011.0893 0010608 251.8822 108.1229 14.61413721116256
