0 TACSAT 4
1 37818U 11052A   13282.42382480  .00000023  00000-0  10000-3 0  6506
2 37818 063.4132 228.7175 4433961 208.7354 117.2661 06.02639748 44758
0 TACSAT 4
1 37818U 11052A   13283.75136568  .00000045  00000-0  25012-3 0  6522
2 37818 063.3957 227.8983 4440461 208.7585 117.2987 06.02626749 44835
0 TACSAT 4
1 37818U 11052A   13284.41511917  .00000018  00000-0  10000-3 0  6511
2 37818 063.4053 227.5287 4439411 208.7648 117.3299 06.02634439 44876
0 TACSAT 4
1 37818U 11052A   13287.07018060 -.00000001  00000-0  10000-3 0  6532
2 37818 063.4046 225.8971 4432279 208.7007 117.3214 06.02631734 45034
0 TACSAT 4
1 37818U 11052A   13289.06149575 -.00000010  00000-0  10000-3 0  6540
2 37818 063.4017 224.6728 4432472 208.6581 117.3916 06.02630139 45150
0 TACSAT 4
1 37818U 11052A   13290.72090362  .00000058  00000-0  31972-3 0  6580
2 37818 063.3843 223.6422 4440704 208.7381 117.3364 06.02619393 45260
0 TACSAT 4
1 37818U 11052A   13291.05283989 -.00000008  00000-0  10000-3 0  6592
2 37818 063.4004 223.4479 4433342 208.5701 117.5051 06.02627807 45279
0 TACSAT 4
1 37818U 11052A   13292.04857610 -.00000005  00000-0  10000-3 0  6609
2 37818 063.3966 222.8450 4431639 208.5325 117.6965 06.02627228 45335
0 TACSAT 4
1 37818U 11052A   13293.04426648 -.00000001  00000-0  10000-3 0  6610
2 37818 063.3918 222.2436 4429065 208.5042 117.7909 06.02627094 45392
0 TACSAT 4
1 37818U 11052A   13295.03558856  .00000005  00000-0  10000-3 0  6622
2 37818 063.3741 221.0479 4422480 208.4073 117.8385 06.02626307 45516
