0 SL-12 DEB
1 37884U 87079BP  13282.15512260  .00014251  00000-0  75600-2 0  2962
2 37884 065.1058 349.0535 5422804 185.9521 163.3507 04.84815929 99195
0 SL-12 DEB
1 37884U 87079BP  13282.56771884  .00012798  00000-0  68043-2 0  2974
2 37884 065.1056 348.8683 5422739 185.9148 163.4560 04.84819304 99210
0 SL-12 DEB
1 37884U 87079BP  13283.59913536  .00019242  00000-0  10255-1 0  2983
2 37884 065.1044 348.4063 5422281 185.8304 163.7130 04.84825803 97518
0 SL-12 DEB
1 37884U 87079BP  13283.59916932  .00013682  00000-0  72758-2 0  2985
2 37884 065.1055 348.4058 5422602 185.8563 163.6220 04.84865411 99260
0 SL-12 DEB
1 37884U 87079BP  13284.21799942  .00013827  00000-0  73633-2 0  2990
2 37884 065.1058 348.1283 5422522 185.8168 163.7337 04.84883523 99299
0 SL-12 DEB
1 37884U 87079BP  13285.24932804  .00011896  00000-0  63610-2 0  3012
2 37884 065.1052 347.6655 5422341 185.7521 163.9160 04.84920281 99346
0 SL-12 DEB
1 37884U 87079BP  13286.28054648  .00012642  00000-0  67587-2 0  3026
2 37884 065.1050 347.2026 5422225 185.6870 164.0976 04.84949654 99396
0 SL-12 DEB
1 37884U 87079BP  13287.51790635  .00015409  00000-0  81907-2 0  3033
2 37884 065.1053 346.6479 5422069 185.6300 164.2547 04.84999035 99459
0 SL-12 DEB
1 37884U 87079BP  13292.26002403  .00014291  00000-0  74895-2 0  3047
2 37884 065.1044 344.5196 5421179 185.3302 165.0822 04.85176228 99684
0 SL-12 DEB
1 37884U 87079BP  13293.49689668  .00015587  00000-0  83597-2 0  3056
2 37884 065.0815 343.9804 5419566 185.1848 165.4946 04.85213100 99747
0 SL-12 DEB
1 37884U 87079BP  13295.55785072  .00014893  00000-0  77585-2 0  3061
2 37884 065.1070 343.0397 5420829 185.1611 165.5614 04.85291780 99845
