0 NIMBUS 2 DEB
1 37888U 66040AT  13282.80399139  .00001891  00000-0  37360-2 0  5589
2 37888 100.6604 013.0774 0040746 043.4757 075.8810 13.36596061215205
0 NIMBUS 2 DEB
1 37888U 66040AT  13283.91503111  .00001757  00000-0  34786-2 0  5590
2 37888 100.6614 014.2382 0040144 039.1716 023.6237 13.36598297215356
0 NIMBUS 2 DEB
1 37888U 66040AT  13286.22804376  .00001489  00000-0  29630-2 0  5611
2 37888 100.6616 016.6539 0039811 032.4711 354.5739 13.36604339215660
0 NIMBUS 2 DEB
1 37888U 66040AT  13288.17488668  .00002124  00000-0  41859-2 0  5624
2 37888 100.6616 018.6873 0039660 026.9571 003.3252 13.36614079215927
0 NIMBUS 2 DEB
1 37888U 66040AT  13289.22237447  .00002038  00000-0  40184-2 0  5633
2 37888 100.6618 019.7806 0039649 024.9767 003.1710 13.36616374216062
0 NIMBUS 2 DEB
1 37888U 66040AT  13291.25138965  .00002007  00000-0  39599-2 0  5649
2 37888 100.6614 021.9009 0039507 017.6313 049.0567 13.36627641216335
0 NIMBUS 2 DEB
1 37888U 66040AT  13292.76614225  .00002540  00000-0  49845-2 0  5652
2 37888 100.6614 023.4823 0039443 014.3742 137.5642 13.36635225216531
0 NIMBUS 2 DEB
1 37888U 66040AT  13293.80773221  .00002566  00000-0  50338-2 0  5668
2 37888 100.6610 024.5701 0039446 011.1705 110.3475 13.36638559216672
0 NIMBUS 2 DEB
1 37888U 66040AT  13295.21593749  .00002523  00000-0  49517-2 0  5671
2 37888 100.6602 026.0403 0039503 007.0298 047.3445 13.36642911216868
