0 COSMOS 2251 DEB
1 37965U 93036BPQ 13283.89623508  .00025781  00000-0  37338-2 0  1822
2 37965 074.0463 015.4304 0050638 171.9223 188.2779 14.75117760139385
0 COSMOS 2251 DEB
1 37965U 93036BPQ 13286.20203000  .00019028  00000-0  27542-2 0  1846
2 37965 074.0482 010.9282 0050267 166.3544 193.9003 14.75216876139722
0 COSMOS 2251 DEB
1 37965U 93036BPQ 13287.21924531  .00020578  00000-0  29748-2 0  1850
2 37965 074.0500 008.9402 0050296 164.2590 196.0162 14.75252509139873
0 COSMOS 2251 DEB
1 37965U 93036BPQ 13287.89737366  .00035524  00000-0  51185-2 0  1860
2 37965 074.0486 007.6148 0049961 162.8046 197.4835 14.75285418139974
0 COSMOS 2251 DEB
1 37965U 93036BPQ 13289.86384356  .00025450  00000-0  36662-2 0  1877
2 37965 074.0482 003.7721 0049545 158.5423 201.7844 14.75386273140267
0 COSMOS 2251 DEB
1 37965U 93036BPQ 13290.88093727  .00022643  00000-0  32601-2 0  1881
2 37965 074.0486 001.7849 0049444 156.0866 204.2621 14.75436998140410
0 COSMOS 2251 DEB
1 37965U 93036BPQ 13292.16920992  .00020338  00000-0  29264-2 0  1898
2 37965 074.0482 359.2678 0049332 153.1967 207.1773 14.75487849140605
0 COSMOS 2251 DEB
1 37965U 93036BPQ 13295.55918791  .00020110  00000-0  28790-2 0  1901
2 37965 074.0431 352.6431 0051580 144.7923 215.6843 14.75625777141112
