0 COSMOS 2251 DEB
1 37993U 93036BQU 13283.34345028  .00001344  00000-0  47222-3 0  1149
2 37993 074.0323 145.8152 0037442 239.4768 244.3266 14.35531718159973
0 COSMOS 2251 DEB
1 37993U 93036BQU 13286.95614878  .00001605  00000-0  56231-3 0  1152
2 37993 074.0318 139.1868 0037285 232.0385 194.4134 14.35539256160499
0 COSMOS 2251 DEB
1 37993U 93036BQU 13289.26667943  .00001699  00000-0  59453-3 0  1163
2 37993 074.0316 134.9473 0037192 227.3042 255.0686 14.35550745160825
0 COSMOS 2251 DEB
1 37993U 93036BQU 13292.26216672  .00001938  00000-0  67659-3 0  1170
2 37993 074.0318 129.4507 0037072 221.1550 255.6660 14.35560072161257
0 COSMOS 2251 DEB
1 37993U 93036BQU 13294.98696182  .00002383  00000-0  82972-3 0  1180
2 37993 074.0318 124.4508 0036954 215.5875 297.4140 14.35570597161641
