0 GLOBALSTAR M092
1 38043U 11080D   13282.07862771 -.00000079  00000-0  13707-3 0  5569
2 38043 052.0063 130.5122 0000668 063.9018 074.0883 12.62264856 83022
0 GLOBALSTAR M092
1 38043U 11080D   13283.56249074 -.00000069  00000-0  19496-3 0  5570
2 38043 052.0063 125.9952 0000676 065.5870 338.5820 12.62264844 83211
0 GLOBALSTAR M092
1 38043U 11080D   13285.79485947 -.00000092  00000-0  64862-4 0  5594
2 38043 052.0064 119.1996 0000674 068.5856 044.7390 12.62265017 83491
0 GLOBALSTAR M092
1 38043U 11080D   13286.99393240 -.00000106  00000-0 -11954-4 0  5604
2 38043 052.0066 115.5494 0000684 067.9587 096.7851 12.62265228 83641
0 GLOBALSTAR M092
1 38043U 11080D   13288.10142869 -.00000127  00000-0 -13008-3 0  5613
2 38043 052.0069 112.1780 0000693 068.0462 091.7765 12.62265390 83783
0 GLOBALSTAR M092
1 38043U 11080D   13289.50148413 -.00000137  00000-0 -18330-3 0  5624
2 38043 052.0071 107.9160 0000700 067.6117 337.3710 12.62265418 83961
0 GLOBALSTAR M092
1 38043U 11080D   13290.52862034 -.00000138  00000-0 -18862-3 0  5632
2 38043 052.0073 104.7894 0000709 067.4088 327.3082 12.62265324 84098
0 GLOBALSTAR M092
1 38043U 11080D   13291.80617545 -.00000113  00000-0 -52257-4 0  5640
2 38043 052.0076 100.9005 0000647 073.9430 009.0053 12.62265269 84255
0 GLOBALSTAR M092
1 38043U 11080D   13292.93288299 -.00000101  00000-0  15594-4 0  5655
2 38043 052.0077 097.4707 0000599 076.9935 088.3767 12.62265129 84396
0 GLOBALSTAR M092
1 38043U 11080D   13293.96519912 -.00000090  00000-0  74839-4 0  5663
2 38043 052.0079 094.3283 0000613 075.2315 103.4223 12.62265094 84526
0 GLOBALSTAR M092
1 38043U 11080D   13295.35770022 -.00000096  00000-0  44490-4 0  5676
2 38043 052.0081 090.0896 0000568 076.6585 312.8098 12.62264977 84700
