0 OPS 4682 DEB
1 38381U 65027CJ  13281.34904046  .00000067  00000-0  20250-3 0   668
2 38381 090.2956 259.4035 0018760 243.7225 116.1968 12.98236437530118
0 OPS 4682 DEB
1 38381U 65027CJ  13283.35288755  .00000584  00000-0  19658-2 0   677
2 38381 090.2950 259.4577 0018288 237.7088 122.2262 12.98233062530372
0 OPS 4682 DEB
1 38381U 65027CJ  13285.35673651  .00000894  00000-0  30196-2 0   687
2 38381 090.2976 259.5122 0018749 231.8787 128.0645 12.98233293530634
0 OPS 4682 DEB
1 38381U 65027CJ  13286.35866186  .00000924  00000-0  31234-2 0   694
2 38381 090.2973 259.5395 0019065 229.4053 130.5410 12.98234804530765
0 OPS 4682 DEB
1 38381U 65027CJ  13287.36058838  .00000862  00000-0  29117-2 0   703
2 38381 090.2972 259.5666 0019122 226.5725 133.3806 12.98237256530891
0 OPS 4682 DEB
1 38381U 65027CJ  13289.67272291  .00000427  00000-0  14292-2 0   716
2 38381 090.2979 259.6296 0019208 219.8205 140.1508 12.98244810531194
0 OPS 4682 DEB
1 38381U 65027CJ  13292.37020217 -.00000222  00000-0 -77971-3 0   726
2 38381 090.2983 259.7030 0019074 211.6214 148.3762 12.98251602531545
