0 OPS 4682 DEB
1 38393U 65027CW  13275.91946062  .00000036  00000-0  10000-3 0   782
2 38393 090.2680 257.6464 0037774 336.3043 023.7739 12.96742189496039
0 OPS 4682 DEB
1 38393U 65027CW  13276.38238769  .00000036  00000-0  10000-3 0   793
2 38393 090.2925 257.6714 0027872 356.1225 003.9845 12.96742926496092
0 OPS 4682 DEB
1 38393U 65027CW  13279.70024648  .00000036  00000-0  10000-3 0   803
2 38393 090.2927 257.7593 0026421 347.5053 012.5447 12.96742974496527
0 OPS 4682 DEB
1 38393U 65027CW  13285.87300962  .00000036  00000-0  10000-3 0   815
2 38393 090.2838 257.9215 0025505 328.9330 031.1205 12.96745814497328
0 OPS 4682 DEB
1 38393U 65027CW  13286.87606222  .00000036  00000-0  10000-3 0   825
2 38393 090.2949 257.9556 0024726 326.4538 033.5215 12.96746501497451
