0 OPS 4682 DEB
1 38431U 65027EL  13279.14802447  .00000002  00000-0 -19092-4 0  1182
2 38431 090.2600 239.8866 0020997 253.4241 106.4574 12.98696911453065
0 OPS 4682 DEB
1 38431U 65027EL  13283.30839038  .00000873  00000-0  29312-2 0  1191
2 38431 090.2606 239.9858 0020927 241.2753 118.6266 12.98692303453603
0 OPS 4682 DEB
1 38431U 65027EL  13285.85084267  .00000872  00000-0  29262-2 0  1204
2 38431 090.2614 240.0464 0020875 233.8587 126.0603 12.98697498453936
0 OPS 4682 DEB
1 38431U 65027EL  13288.16215685  .00000514  00000-0  17152-2 0  1210
2 38431 090.2624 240.1019 0020927 227.1742 132.7621 12.98705531454237
0 OPS 4682 DEB
1 38431U 65027EL  13290.16528810 -.00000007  00000-0 -49889-4 0  1224
2 38431 090.2632 240.1504 0020924 221.3354 138.6184 12.98711652454495
0 OPS 4682 DEB
1 38431U 65027EL  13292.32249673 -.00000348  00000-0 -12008-2 0  1231
2 38431 090.2615 240.2024 0021154 215.1230 144.8497 12.98714699454775
