0 BREEZE-M DEB
1 38601U 08011AY  13283.29965447  .00005431  00000-0  25488-2 0  3335
2 38601 048.1043 099.5476 6347475 344.1187 014.0466 03.49566480 34850
0 BREEZE-M DEB
1 38601U 08011AY  13284.43795389  .00006349  00000-0  29877-2 0  3344
2 38601 048.1118 099.0220 6346725 344.6099 006.5072 03.49575813 34892
0 BREEZE-M DEB
1 38601U 08011AY  13285.30230839  .00005267  00000-0  24703-2 0  3368
2 38601 048.1168 098.6172 6346196 344.9714 014.2643 03.49587108 34921
0 BREEZE-M DEB
1 38601U 08011AY  13290.44125674  .00009137  00000-0  45647-2 0  3370
2 38601 048.1125 096.1938 6343687 347.1656 002.1945 03.49653160 35103
0 BREEZE-M DEB
1 38601U 08011AY  13290.96757990  .00005765  00000-0  28483-2 0  3382
2 38601 048.1239 095.9998 6344166 347.3897 304.6553 03.49663268 35110
0 BREEZE-M DEB
1 38601U 08011AY  13291.84897601  .00005501  00000-0  28082-2 0  3398
2 38601 048.1212 095.5825 6343400 347.7644 334.1506 03.49673652 35147
0 BREEZE-M DEB
1 38601U 08011AY  13293.26841922  .00005931  00000-0  31095-2 0  3408
2 38601 048.1215 094.9240 6342901 348.3738 320.9811 03.49695493 35194
0 BREEZE-M DEB
1 38601U 08011AY  13294.44883258  .00005221  00000-0  27958-2 0  3413
2 38601 048.1235 094.3780 6342482 348.8784 006.9725 03.49713700 35242
