0 BREEZE-M DEB
1 38617U 08011BQ  13285.26766002  .00000813  00000-0  17270-2 0  1378
2 38617 049.0305 134.7485 6482361 288.4217 324.4951 03.20760806 25313
0 BREEZE-M DEB
1 38617U 08011BQ  13285.93859431  .00000935  00000-0  20269-2 0  1389
2 38617 049.0349 134.4821 6482513 288.6501 019.2576 03.20762504 25341
0 BREEZE-M DEB
1 38617U 08011BQ  13294.03920805  .00001431  00000-0  34821-2 0  1408
2 38617 049.0359 131.2761 6481112 291.4300 013.7014 03.20778791 25591
0 BREEZE-M DEB
1 38617U 08011BQ  13294.03924675  .00001169  00000-0  27670-2 0  1397
2 38617 049.0424 131.2392 6482136 291.4505 013.7350 03.20779395 25604
