0 BREEZE-M DEB
1 38631U 08011CE  13280.26213125  .00000460  00000-0  21136-2 0  1781
2 38631 048.9021 167.8564 6513897 258.6649 244.2510 03.09980959 28126
0 BREEZE-M DEB
1 38631U 08011CE  13286.84068781 -.00000331  00000-0 -22380-2 0  1799
2 38631 048.8949 165.4392 6513600 260.7827 025.5107 03.09980702 28332
0 BREEZE-M DEB
1 38631U 08011CE  13287.08453037  .00000128  00000-0  44075-3 0  1808
2 38631 048.9046 165.3280 6512313 260.8658 297.6350 03.09988423 28339
0 BREEZE-M DEB
1 38631U 08011CE  13288.41666890  .00000521  00000-0  27539-2 0  1812
2 38631 048.9052 164.8324 6513065 261.3039 344.2659 03.09988087 28374
0 BREEZE-M DEB
1 38631U 08011CE  13292.28324182  .00000756  00000-0  40987-2 0  1820
2 38631 048.9057 163.4001 6512683 262.5499 339.2377 03.09982847 28496
