0 CZ-2 DEB
1 38658U 09072F   13283.26204648  .00000279  00000-0  95338-3 0  1066
2 38658 100.2208 295.9486 0137167 359.5107 000.5771 13.04649600173748
0 CZ-2 DEB
1 38658U 09072F   13285.25584804  .00000279  00000-0  95338-3 0  1073
2 38658 100.2224 297.8392 0136972 354.9828 004.9971 13.04651150174008
0 CZ-2 DEB
1 38658U 09072F   13287.24964333  .00000278  00000-0  95338-3 0  1083
2 38658 100.2229 299.7280 0135908 350.7302 009.1301 13.04652531174265
0 CZ-2 DEB
1 38658U 09072F   13288.86001288  .00000278  00000-0  95338-3 0  1094
2 38658 100.2234 301.2501 0135099 346.9416 012.8375 13.04654895174470
0 CZ-2 DEB
1 38658U 09072F   13290.24032830  .00000278  00000-0  95338-3 0  1108
2 38658 100.2211 302.5539 0135797 343.7491 015.9366 13.04656467174654
0 CZ-2 DEB
1 38658U 09072F   13291.85069737  .00000279  00000-0  95338-3 0  1114
2 38658 100.2195 304.0797 0136772 340.5307 019.0570 13.04658247174866
0 CZ-2 DEB
1 38658U 09072F   13293.23101266  .00000278  00000-0  95338-3 0  1122
2 38658 100.2182 305.3849 0136470 337.3313 022.1799 13.04659307175047
0 CZ-2 DEB
1 38658U 09072F   13296.22169523  .00000278  00000-0  95338-3 0  1135
2 38658 100.2184 308.2187 0135209 330.6124 028.7274 13.04660284175430
