0 TIANLIAN 1-03
1 38730U 12040A   13282.86357911  .00000092  00000-0  10000-3 0  3331
2 38730 001.1448 271.1641 0003846 303.1059 132.0721 01.00269506  4532
0 TIANLIAN 1-03
1 38730U 12040A   13283.65018468  .00000000  00000-0  10000-3 0  3351
2 38730 001.1428 271.1752 0003930 303.9708 055.1392 01.00266140  4536
0 TIANLIAN 1-03
1 38730U 12040A   13283.87334795  .00000088  00000-0  10000-3 0  3344
2 38730 001.1423 271.1561 0003936 304.2473 135.4400 01.00269668  4549
0 TIANLIAN 1-03
1 38730U 12040A   13286.18008535  .00000082  00000-0  10000-3 0  3367
2 38730 001.1372 271.1356 0004094 305.4676 246.9193 01.00270308  4560
0 TIANLIAN 1-03
1 38730U 12040A   13287.19565367  .00000081  00000-0  10000-3 0  3370
2 38730 001.1351 271.1260 0004143 306.1393 252.8556 01.00270616  4572
0 TIANLIAN 1-03
1 38730U 12040A   13288.20639161  .00000081  00000-0  10000-3 0  3388
2 38730 001.1329 271.1182 0004200 307.1517 256.7075 01.00270974  4580
0 TIANLIAN 1-03
1 38730U 12040A   13289.78036448  .00000083  00000-0  10000-3 0  3394
2 38730 001.1294 271.1015 0004266 308.1444 103.9094 01.00271619  4602
0 TIANLIAN 1-03
1 38730U 12040A   13290.63034681  .00000000  00000-0  10000-3 0  3408
2 38730 001.1268 271.0652 0004929 313.4303 045.5135 01.00270412  4605
0 TIANLIAN 1-03
1 38730U 12040A   13291.18638734  .00000086  00000-0  10000-3 0  3402
2 38730 001.1265 271.0905 0004294 308.4009 251.2180 01.00272195  4612
0 TIANLIAN 1-03
1 38730U 12040A   13292.26831670  .00000089  00000-0  10000-3 0  3410
2 38730 001.1241 271.0787 0004424 312.2092 277.9842 01.00272669  4621
0 TIANLIAN 1-03
1 38730U 12040A   13293.28266521  .00000091  00000-0  10000-3 0  3424
2 38730 001.1219 271.0740 0004486 313.3471 283.0207 01.00273122  4635
0 TIANLIAN 1-03
1 38730U 12040A   13294.74858163  .00000094  00000-0  10000-3 0  3439
2 38730 001.1187 271.0601 0004585 314.0502 091.5165 01.00273781  4656
0 TIANLIAN 1-03
1 38730U 12040A   13296.11928772  .00000096  00000-0  10000-3 0  3449
2 38730 001.1158 271.0477 0004643 314.8199 225.5761 01.00274367  4663
