0 TELKOM 3
1 38744U 12044A   13282.14314316  .00088614  33137-5  25676-2 0  5753
2 38744 049.9166 351.9066 2393393 100.2015 287.4931 10.63239513 44470
0 TELKOM 3
1 38744U 12044A   13282.42514726  .00093202  33756-5  26978-2 0  5764
2 38744 049.9166 351.2294 2393043 100.7638 286.9267 10.63316726 44506
0 TELKOM 3
1 38744U 12044A   13282.70712982  .00085569  32747-5  24797-2 0  5773
2 38744 049.9165 350.5521 2392792 101.3316 286.3532 10.63365838 44530
0 TELKOM 3
1 38744U 12044A   13283.64697598  .00093767  33819-5  27165-2 0  5785
2 38744 049.9165 348.2944 2392059 103.2121 284.4349 10.63505986 44630
0 TELKOM 3
1 38744U 12044A   13284.11684602  .00083168  32425-5  24143-2 0  5790
2 38744 049.9165 347.1653 2391690 104.1551 283.4611 10.63573440 44688
0 TELKOM 3
1 38744U 12044A   13286.18390366  .00075083  31424-5  21848-2 0  5817
2 38744 049.9161 342.1976 2390151 108.2897 279.0986 10.63874099 44901
0 TELKOM 3
1 38744U 12044A   13286.65360359  .00073811  31266-5  21512-2 0  5828
2 38744 049.9161 341.0689 2389791 109.2273 278.0876 10.63930429 44959
0 TELKOM 3
1 38744U 12044A   13288.15643932  .00099671  34520-5  28946-2 0  5833
2 38744 049.9154 337.4555 2388619 112.2318 274.7927 10.64169514 45113
0 TELKOM 3
1 38744U 12044A   13289.09550962  .00088454  32920-5  25706-2 0  5848
2 38744 049.9150 335.1962 2387886 114.1145 272.6849 10.64326950 45210
0 TELKOM 3
1 38744U 12044A   13289.56499322  .00089807  33073-5  26100-2 0  5855
2 38744 049.9148 334.0670 2387547 115.0508 271.6245 10.64393481 45265
0 TELKOM 3
1 38744U 12044A   13290.12833220  .00083769  32267-5  24352-2 0  5861
2 38744 049.9144 332.7114 2387180 116.1787 270.3365 10.64475132 45323
0 TELKOM 3
1 38744U 12044A   13291.16099800  .00078621  31587-5  22856-2 0  5877
2 38744 049.9141 330.2259 2386470 118.2439 267.9462 10.64629715 45431
0 TELKOM 3
1 38744U 12044A   13292.09964774  .00074648  31074-5  21703-2 0  5888
2 38744 049.9136 327.9661 2385876 120.1211 265.7386 10.64758229 45539
0 TELKOM 3
1 38744U 12044A   13293.13202170  .00072876  30803-5  21162-2 0  5899
2 38744 049.9132 325.4795 2385309 122.1910 263.2660 10.64893310 45646
0 TELKOM 3
1 38744U 12044A   13294.44574750  .00080490  31557-5  23303-2 0  5909
2 38744 049.9130 322.3148 2384588 124.8232 260.0618 10.65061833 45787
0 TELKOM 3
1 38744U 12044A   13295.10252493  .00075789  30957-5  21945-2 0  5919
2 38744 049.9129 320.7321 2384225 126.1423 258.4308 10.65143744 45852
0 TELKOM 3
1 38744U 12044A   13296.13449320  .00075446  30826-5  21831-2 0  5920
2 38744 049.9128 318.2453 2383565 128.2115 255.8376 10.65287401 45963
