0 RBSP B
1 38753U 12046B   13280.62240112 -.00000005  00000-0  10000-3 0  1814
2 38753 009.9298 094.6128 6825059 001.7095 359.7311 02.65848624 10737
0 RBSP B
1 38753U 12046B   13281.37461799 -.00000002  00000-0  10000-3 0  1821
2 38753 009.9369 094.2884 6824987 002.3712 359.6384 02.65848311 10757
0 RBSP B
1 38753U 12046B   13283.25516173  .00000014  00000-0  10000-3 0  1830
2 38753 009.9437 093.4429 6825664 004.0229 359.4100 02.65848002 10801
0 RBSP B
1 38753U 12046B   13283.25518299  .00000030  00000-0  33823-3 0  1837
2 38753 009.9335 093.4375 6826605 004.0353 359.4220 02.65847339 10818
0 RBSP B
1 38753U 12046B   13286.26404741  .00000030  00000-0  10000-3 0  1840
2 38753 009.9523 092.0820 6825413 006.6839 359.0594 02.65848039 10885
0 RBSP B
1 38753U 12046B   13288.52068824  .00000001  00000-0  10000-3 0  1858
2 38753 009.9572 091.0829 6824848 008.6410 358.7582 02.65847221 10947
0 RBSP B
1 38753U 12046B   13291.52954091 -.00000061  00000-0  10000-3 0  1860
2 38753 009.9645 089.7420 6824562 011.2693 358.3726 02.65847109 11026
0 RBSP B
1 38753U 12046B   13293.41005904 -.00000075  00000-0  10000-3 0  1876
2 38753 009.9697 088.9025 6824254 012.9117 358.1232 02.65847530 11075
