0 BREEZE-M DEB
1 38942U 12044CB  13282.13998221  .00430158  20108-4  72633-2 0  4756
2 38942 049.7511 210.4115 1678328 220.7212 125.5532 12.19864133 40274
0 BREEZE-M DEB
1 38942U 12044CB  13283.12263421  .00396847  17720-4  66830-2 0  4768
2 38942 049.7492 207.3413 1674621 223.3151 122.3439 12.20696058 40396
0 BREEZE-M DEB
1 38942U 12044CB  13283.20448857  .00412731  18834-4  69329-2 0  4770
2 38942 049.7470 207.0843 1674604 223.5414 122.0630 12.20732676 40400
0 BREEZE-M DEB
1 38942U 12044CB  13284.10467823  .00381927  16709-4  63265-2 0  4789
2 38942 049.7521 204.2627 1672607 225.9286 119.1348 12.21353821 40517
0 BREEZE-M DEB
1 38942U 12044CB  13284.18649074  .00376171  16329-4  62712-2 0  4797
2 38942 049.7537 204.0053 1672155 226.1416 118.8779 12.21363595 40525
0 BREEZE-M DEB
1 38942U 12044CB  13285.16801000  .00325249  13230-4  54648-2 0  4815
2 38942 049.7496 200.9340 1668735 228.7200 115.7701 12.21994734 40640
0 BREEZE-M DEB
1 38942U 12044CB  13286.14906454  .00330436  13519-4  55557-2 0  4828
2 38942 049.7527 197.8568 1665874 231.3004 112.6957 12.22596165 40763
0 BREEZE-M DEB
1 38942U 12044CB  13287.12967278  .00308894  12318-4  52150-2 0  4834
2 38942 049.7491 194.7813 1663246 233.8954 109.6434 12.23104755 40884
0 BREEZE-M DEB
1 38942U 12044CB  13288.10984845  .00389943  17235-4  65551-2 0  4849
2 38942 049.7492 191.7030 1660419 236.4775 106.6509 12.23756569 41003
0 BREEZE-M DEB
1 38942U 12044CB  13289.08947993  .00339745  14050-4  56360-2 0  4856
2 38942 049.7511 188.6206 1658361 239.0794 103.6694 12.24385348 41127
0 BREEZE-M DEB
1 38942U 12044CB  13291.12900707  .00295282  11592-4  47533-2 0  4864
2 38942 049.7482 182.1941 1655256 244.4941 097.5888 12.25468242 41372
0 BREEZE-M DEB
1 38942U 12044CB  13292.67795583  .00256823  97442-5  41963-2 0  4878
2 38942 049.7408 177.3141 1651046 248.5939 093.1289 12.26174321 41564
0 BREEZE-M DEB
1 38942U 12044CB  13293.08542932  .00247700  93436-5  40926-2 0  4884
2 38942 049.7435 176.0309 1649622 249.6867 091.9614 12.26328701 41612
0 BREEZE-M DEB
1 38942U 12044CB  13293.65581116  .00247833  93483-5  41470-2 0  4899
2 38942 049.7483 174.2296 1647683 251.1896 090.3679 12.26569307 41685
0 BREEZE-M DEB
1 38942U 12044CB  13294.06315723  .00246827  93040-5  41062-2 0  4904
2 38942 049.7491 172.9427 1647374 252.2819 089.2056 12.26715855 41732
0 BREEZE-M DEB
1 38942U 12044CB  13294.63335889  .00248948  93945-5  41355-2 0  4918
2 38942 049.7492 171.1415 1646398 253.7923 087.6170 12.26944023 41806
0 BREEZE-M DEB
1 38942U 12044CB  13296.01773264  .00220677  82413-5  36643-2 0  4927
2 38942 049.7496 166.7671 1644031 257.4718 083.8049 12.27465316 41974
