0 CZ-3C R/B
1 38954U 12059B   13282.89650568  .00047694  00000-0  35951-2 0  2447
2 38954 019.9290 114.3772 7136323 093.2186 343.2242 02.49323371  8495
0 CZ-3C R/B
1 38954U 12059B   13283.69820213  .00047835  00000-0  35871-2 0  2451
2 38954 019.9290 114.0115 7135811 093.8825 342.9106 02.49401176  8518
0 CZ-3C R/B
1 38954U 12059B   13283.69821727  .00057042  00000-0  36667-2 0  2468
2 38954 019.9246 114.0175 7138098 093.8665 342.9458 02.49399547  8515
0 CZ-3C R/B
1 38954U 12059B   13284.49970251  .00048639  00000-0  36632-2 0  2468
2 38954 019.9275 113.6613 7135111 094.5149 342.6882 02.49485069  8532
0 CZ-3C R/B
1 38954U 12059B   13285.70141559  .00048214  00000-0  35896-2 0  2486
2 38954 019.9332 113.1159 7134435 095.5121 342.2183 02.49598846  8566
0 CZ-3C R/B
1 38954U 12059B   13286.50231600  .00047280  18321-6  33543-2 0  2493
2 38954 019.9350 112.7559 7134659 096.1512 341.9652 02.49671685  8586
0 CZ-3C R/B
1 38954U 12059B   13286.90269599  .00046343  00000-0  35067-2 0  2508
2 38954 019.9198 112.5452 7133414 096.5015 341.8258 02.49702565  8590
0 CZ-3C R/B
1 38954U 12059B   13287.70325253  .00044889  62788-6  31221-2 0  2516
2 38954 019.9526 112.2038 7134323 097.1261 341.5378 02.49769570  8614
0 CZ-3C R/B
1 38954U 12059B   13288.50364469  .00044850  00000-0  32653-2 0  2529
2 38954 019.9323 111.8184 7132963 097.7988 341.3145 02.49839456  8639
0 CZ-3C R/B
1 38954U 12059B   13289.70370055  .00044810  00000-0  32794-2 0  2533
2 38954 019.9395 111.2761 7132045 098.7827 340.8962 02.49947458  8663
0 CZ-3C R/B
1 38954U 12059B   13290.50326500  .00060698  00000-0  36576-2 0  2555
2 38954 019.9375 110.9163 7133798 099.4286 340.6607 02.50076118  8680
0 CZ-3C R/B
1 38954U 12059B   13292.50087087  .00061317  92137-6  40480-2 0  2546
2 38954 019.9415 109.9862 7130841 101.0879 339.8763 02.50312932  8739
0 CZ-3C R/B
1 38954U 12059B   13294.89539471  .00060239  37915-6  40348-2 0  2558
2 38954 019.9383 108.8916 7128258 103.0637 338.8963 02.50604761  8795
