0 DELTA 1 DEB
1 39099U 77065GJ  13283.48599623  .00003359  00000-0  11569-2 0   511
2 39099 028.3565 021.4693 0447360 047.3540 316.2159 13.89835918558799
0 DELTA 1 DEB
1 39099U 77065GJ  13283.48604236  .00000457  00000-0  16192-3 0   523
2 39099 028.3571 021.4742 0447805 047.3623 316.4330 13.89811240558804
0 DELTA 1 DEB
1 39099U 77065GJ  13285.42540687  .00005278  00000-0  18403-2 0   520
2 39099 028.3566 010.8396 0446844 064.7222 300.0220 13.89869100559069
0 DELTA 1 DEB
1 39099U 77065GJ  13286.43093064  .00005288  00000-0  18439-2 0   535
2 39099 028.3564 005.3293 0446740 073.7157 291.2063 13.89879505559206
0 DELTA 1 DEB
1 39099U 77065GJ  13287.36462713  .00005762  00000-0  20211-2 0   548
2 39099 028.3541 000.2299 0445494 082.1698 282.9371 13.89891229559330
0 DELTA 1 DEB
1 39099U 77065GJ  13288.37010982  .00006723  00000-0  23568-2 0   554
2 39099 028.3541 354.6898 0446212 090.8727 274.3110 13.89908039559478
0 DELTA 1 DEB
1 39099U 77065GJ  13289.37555032  .00007091  00000-0  24945-2 0   565
2 39099 028.3535 349.1904 0445317 100.0134 265.0960 13.89923841559613
0 DELTA 1 DEB
1 39099U 77065GJ  13290.30914836  .00007814  00000-0  27509-2 0   574
2 39099 028.3537 344.0701 0445329 108.2756 256.7041 13.89942654559741
0 DELTA 1 DEB
1 39099U 77065GJ  13291.31451459  .00008223  00000-0  28945-2 0   584
2 39099 028.3544 338.5498 0445357 117.2092 247.4642 13.89961866559889
0 DELTA 1 DEB
1 39099U 77065GJ  13292.31985055  .00008357  00000-0  29424-2 0   591
2 39099 028.3544 333.0372 0445196 126.1740 238.0914 13.89979373560028
0 DELTA 1 DEB
1 39099U 77065GJ  13293.32515032  .00008695  00000-0  30501-2 0   602
2 39099 028.3570 327.5537 0446136 135.5285 228.2309 13.89998925560169
0 DELTA 1 DEB
1 39099U 77065GJ  13295.19205065  .00008670  00000-0  30400-2 0   613
2 39099 028.3573 317.3162 0445964 152.1155 210.4014 13.90030528560425
