0 CZ-4C R/B
1 39211U 13037D   13282.87681693  .00002180  00000-0  15790-3 0  2094
2 39211 098.0958 303.6108 0138390 131.0258 230.3026 14.97729661 12261
0 CZ-4C R/B
1 39211U 13037D   13283.87895506  .00002711  00000-0  19491-3 0  2109
2 39211 098.0956 304.6501 0138503 127.7028 233.6847 14.97737512 12418
0 CZ-4C R/B
1 39211U 13037D   13285.88321427  .00003432  00000-0  24509-3 0  2127
2 39211 098.0956 306.7294 0138561 121.0501 240.4409 14.97754076 12714
0 CZ-4C R/B
1 39211U 13037D   13286.88533568  .00003537  00000-0  25239-3 0  2137
2 39211 098.0957 307.7686 0138575 117.7370 243.7986 14.97761834 12864
0 CZ-4C R/B
1 39211U 13037D   13287.88745196  .00003506  00000-0  25015-3 0  2149
2 39211 098.0959 308.8074 0138600 114.4236 247.1519 14.97768969 13017
0 CZ-4C R/B
1 39211U 13037D   13288.88956236  .00003529  00000-0  25165-3 0  2151
2 39211 098.0959 309.8462 0138669 111.1228 250.4880 14.97776295 13164
0 CZ-4C R/B
1 39211U 13037D   13289.89166664  .00003569  00000-0  25434-3 0  2165
2 39211 098.0959 310.8850 0138733 107.8312 253.8099 14.97783813 13315
0 CZ-4C R/B
1 39211U 13037D   13290.89376532  .00003567  00000-0  25411-3 0  2178
2 39211 098.0960 311.9239 0138758 104.5198 257.1461 14.97791139 13469
0 CZ-4C R/B
1 39211U 13037D   13291.89585931  .00003389  00000-0  24170-3 0  2188
2 39211 098.0961 312.9627 0138664 101.2060 260.4784 14.97797385 13611
0 CZ-4C R/B
1 39211U 13037D   13292.89794868  .00003147  00000-0  22488-3 0  2193
2 39211 098.0962 314.0013 0138587 097.9031 263.7946 14.97802900 13769
0 CZ-4C R/B
1 39211U 13037D   13293.90003435  .00002808  00000-0  20126-3 0  2201
2 39211 098.0963 315.0400 0138536 094.6216 267.0843 14.97807260 13918
0 CZ-4C R/B
1 39211U 13037D   13294.90211647  .00002467  00000-0  17748-3 0  2216
2 39211 098.0965 316.0787 0138492 091.3106 270.3983 14.97810912 14069
0 CZ-4C R/B
1 39211U 13037D   13295.90419560  .00002101  00000-0  15190-3 0  2226
2 39211 098.0966 317.1175 0138507 088.0594 273.6482 14.97813654 14217
