0 COSMOS 249 DEB
1 03923U 68091BR  13282.42934111  .00004169  00000-0  27339-2 0  3037
2 03923 062.2309 093.5771 0656043 173.6770 278.7352 13.29820020117121
0 COSMOS 249 DEB
1 03923U 68091BR  13283.76374207  .00002860  00000-0  18249-2 0  3057
2 03923 062.2292 090.0783 0656711 174.0361 186.9435 13.29819844117304
0 COSMOS 249 DEB
1 03923U 68091BR  13284.46202478  .00004423  00000-0  28972-2 0  3045
2 03923 062.2310 088.2442 0655892 174.1605 289.9422 13.29832684117393
0 COSMOS 249 DEB
1 03923U 68091BR  13286.80181601  .00004397  00000-0  28825-2 0  3057
2 03923 062.2306 082.1052 0655614 174.7221 331.5186 13.29846809117700
0 COSMOS 249 DEB
1 03923U 68091BR  13289.42518932  .00005600  00000-0  36557-2 0  3069
2 03923 062.2317 075.2217 0655307 175.3518 290.8916 13.29872970118058
0 COSMOS 249 DEB
1 03923U 68091BR  13290.75659725  .00004167  00000-0  26661-2 0  3076
2 03923 062.2311 071.7288 0655673 175.6441 185.1128 13.29883063118231
0 COSMOS 249 DEB
1 03923U 68091BR  13290.75660601  .00003807  00000-0  24395-2 0  3084
2 03923 062.2318 071.7295 0655319 175.6995 185.0495 13.29874090118233
0 COSMOS 249 DEB
1 03923U 68091BR  13291.52350763  .00004795  00000-0  31410-2 0  3099
2 03923 062.2324 069.7162 0655056 175.8576 256.7525 13.29893619118334
0 COSMOS 249 DEB
1 03923U 68091BR  13293.79628089  .00006230  00000-0  40653-2 0  3106
2 03923 062.2335 063.7535 0654699 176.4076 338.0029 13.29913062118639
0 COSMOS 249 DEB
1 03923U 68091BR  13295.88980591  .00005659  00000-0  37007-2 0  3111
2 03923 062.2335 058.2613 0654414 176.9134 281.2280 13.29936988118911
