0 AMOS 4
1 39237U 13045A   13283.72343682 -.00000031  00000-0  00000+0 0   376
2 39237 000.0477 000.5323 0001047 163.5416 183.0293 01.00272444   432
0 AMOS 4
1 39237U 13045A   13285.73930251 -.00000036  00000-0  00000+0 0   389
2 39237 000.0482 001.1928 0001042 162.2621 191.3500 01.00272713   459
0 AMOS 4
1 39237U 13045A   13287.55964145 -.00000038  00000-0  00000+0 0   393
2 39237 000.0484 001.0984 0001012 164.2879 126.5394 01.00272971   475
0 AMOS 4
1 39237U 13045A   13288.14389833 -.00000038  00000-0  00000+0 0   406
2 39237 000.0467 011.2115 0001370 173.7910 317.8263 01.00272999   484
0 AMOS 4
1 39237U 13045A   13288.84678949 -.00000037  00000-0  00000+0 0   412
2 39237 000.0427 026.6250 0001378 160.9705 208.9704 01.00273258   498
0 AMOS 4
1 39237U 13045A   13289.67303100 -.00000036  00000-0  00000+0 0   428
2 39237 000.0305 018.6538 0001364 168.0840 148.0927 01.00273303   499
0 AMOS 4
1 39237U 13045A   13290.87441257 -.00000034  00000-0  00000+0 0   437
2 39237 000.0358 014.0091 0001366 175.0007 219.5101 01.00273643   514
0 AMOS 4
1 39237U 13045A   13291.83863182 -.00000032  00000-0  00000+0 0   448
2 39237 000.0541 009.7529 0001180 169.1502 217.6940 01.00273612   520
0 AMOS 4
1 39237U 13045A   13292.85271897 -.00000030  00000-0  00000+0 0   456
2 39237 000.0547 009.7393 0001180 169.1845 223.7505 01.00273769   534
0 AMOS 4
1 39237U 13045A   13293.00907707 -.00000030  00000-0  00000+0 0   461
2 39237 000.0563 010.5610 0001136 182.5961 265.9574 01.00273745   531
0 AMOS 4
1 39237U 13045A   13294.59883866 -.00000027  00000-0  00000+0 0   472
2 39237 000.0528 007.9403 0001135 186.2254 118.8427 01.00274027   545
0 AMOS 4
1 39237U 13045A   13295.82247778 -.00000026  00000-0  00000+0 0   485
2 39237 000.0533 008.6507 0001122 188.3423 197.7414 01.00274232   563
