0 TRANSIT 2A
1 00045U 60007A   13282.51527006  .00000245  00000-0  87872-4 0  9687
2 00045 066.6961 336.1379 0265416 292.6769 145.9977 14.32686883772582
0 TRANSIT 2A
1 00045U 60007A   13283.78049828  .00000243  00000-0  87375-4 0  9695
2 00045 066.6960 332.8088 0265442 291.7787 191.6048 14.32687531772768
0 TRANSIT 2A
1 00045U 60007A   13286.49875433  .00000289  00000-0  98629-4 0  9712
2 00045 066.6955 325.6564 0265506 289.8503 171.4425 14.32689128773159
0 TRANSIT 2A
1 00045U 60007A   13287.75594106  .00000392  00000-0  12424-3 0  9721
2 00045 066.6954 322.3480 0265536 288.9588 175.5859 14.32690802773332
0 TRANSIT 2A
1 00045U 60007A   13289.13607307  .00000374  00000-0  11973-3 0  9732
2 00045 066.6953 318.7161 0265589 287.9881 093.8390 14.32693308773537
0 TRANSIT 2A
1 00045U 60007A   13290.47586692  .00000403  00000-0  12680-3 0  9744
2 00045 066.6953 315.1903 0265617 287.0416 164.0601 14.32694327773728
0 TRANSIT 2A
1 00045U 60007A   13291.66780388  .00000450  00000-0  13856-3 0  9753
2 00045 066.6953 312.0535 0265639 286.1999 191.6892 14.32695134773898
0 TRANSIT 2A
1 00045U 60007A   13292.71578833  .00000517  00000-0  15516-3 0  9760
2 00045 066.6954 309.2957 0265650 285.4574 196.8632 14.32696210774042
0 TRANSIT 2A
1 00045U 60007A   13294.17005520  .00000489  00000-0  14817-3 0  9772
2 00045 066.6954 305.4687 0265679 284.4300 137.5142 14.32698649774256
0 TRANSIT 2A
1 00045U 60007A   13295.50312444  .00000545  00000-0  16188-3 0  9783
2 00045 066.6953 301.9606 0265693 283.4868 173.0794 14.32700278774442
