0 COSMOS 375 DEB
1 04728U 70091Z   13283.10600033  .00000966  00000-0  29284-3 0  6927
2 04728 062.8917 314.6570 0775872 141.1862 224.7606 13.43095983 52213
0 COSMOS 375 DEB
1 04728U 70091Z   13285.63740252  .00000854  00000-0  26334-3 0  6946
2 04728 062.8914 307.9868 0775541 141.4453 224.4671 13.43100016 52557
0 COSMOS 375 DEB
1 04728U 70091Z   13287.12645835  .00000900  00000-0  27577-3 0  6956
2 04728 062.8913 304.0628 0775422 141.5986 224.2940 13.43102364 52755
0 COSMOS 375 DEB
1 04728U 70091Z   13288.16879547  .00001395  00000-0  40785-3 0  6966
2 04728 062.8913 301.3160 0775315 141.7053 224.1733 13.43107500 52895
0 COSMOS 375 DEB
1 04728U 70091Z   13289.50893840  .00000977  00000-0  29660-3 0  6972
2 04728 062.8913 297.7844 0775185 141.8423 224.0184 13.43112305 53078
0 COSMOS 375 DEB
1 04728U 70091Z   13291.14688445  .00001032  00000-0  31136-3 0  6983
2 04728 062.8915 293.4678 0775118 142.0155 223.8232 13.43114960 53293
0 COSMOS 375 DEB
1 04728U 70091Z   13292.48701868  .00001147  00000-0  34210-3 0  6990
2 04728 062.8917 289.9364 0775022 142.1552 223.6654 13.43117616 53470
0 COSMOS 375 DEB
1 04728U 70091Z   13293.75269838  .00001364  00000-0  40044-3 0  7003
2 04728 062.8917 286.6013 0774875 142.2821 223.5216 13.43120487 53642
0 COSMOS 375 DEB
1 04728U 70091Z   13294.79502099  .00001435  00000-0  41964-3 0  7019
2 04728 062.8917 283.8547 0774785 142.3904 223.3991 13.43124096 53789
0 COSMOS 375 DEB
1 04728U 70091Z   13296.13514747  .00001396  00000-0  40925-3 0  7025
2 04728 062.8917 280.3233 0774663 142.5287 223.2427 13.43127315 53964
