0 TANSEI 1 (MS-T1)
1 04952U 71011A   13282.12940083  .00000100  00000-0  46565-4 0  5394
2 04952 029.6671 269.3930 0079760 331.8368 099.3303 13.58405066118449
0 TANSEI 1 (MS-T1)
1 04952U 71011A   13283.15538553  .00000092  00000-0  35614-4 0  5408
2 04952 029.6670 264.1495 0079755 340.2081 076.6591 13.58405211118581
0 TANSEI 1 (MS-T1)
1 04952U 71011A   13284.19363603  .00000086  00000-0  27714-4 0  5411
2 04952 029.6669 258.8431 0079761 348.6826 113.9681 13.58405249118727
0 TANSEI 1 (MS-T1)
1 04952U 71011A   13285.37647988  .00000085  00000-0  27038-4 0  5422
2 04952 029.6668 252.7979 0079755 358.3310 138.3828 13.58405320118886
0 TANSEI 1 (MS-T1)
1 04952U 71011A   13287.13266538  .00000101  00000-0  48587-4 0  5438
2 04952 029.6667 243.8226 0079756 012.6710 086.5735 13.58405263119121
0 TANSEI 1 (MS-T1)
1 04952U 71011A   13288.16493642  .00000127  00000-0  83616-4 0  5441
2 04952 029.6665 238.5471 0079782 021.1031 094.6365 13.58405365119269
0 TANSEI 1 (MS-T1)
1 04952U 71011A   13289.19666220  .00000126  00000-0  82250-4 0  5452
2 04952 029.6664 233.2743 0079793 029.5244 100.0395 13.58405404119407
0 TANSEI 1 (MS-T1)
1 04952U 71011A   13290.30012384  .00000124  00000-0  79906-4 0  5466
2 04952 029.6662 227.6349 0079758 038.5141 096.2663 13.58405550119553
0 TANSEI 1 (MS-T1)
1 04952U 71011A   13292.13625058  .00000115  00000-0  67911-4 0  5471
2 04952 029.6660 218.2510 0079790 053.5105 075.3873 13.58405791119806
0 TANSEI 1 (MS-T1)
1 04952U 71011A   13293.16850951  .00000105  00000-0  53839-4 0  5481
2 04952 029.6659 212.9755 0079784 061.9333 083.4013 13.58405960119944
0 TANSEI 1 (MS-T1)
1 04952U 71011A   13294.19997045  .00000093  00000-0  37716-4 0  5494
2 04952 029.6658 207.7039 0079763 070.3450 087.5182 13.58406130120080
0 TANSEI 1 (MS-T1)
1 04952U 71011A   13295.22424894  .00000087  00000-0  30371-4 0  5501
2 04952 029.6658 202.4690 0079781 078.7027 056.5070 13.58406230120226
