0 COSMOS 374 DEB
1 05020U 70089W   13281.28942176  .00002354  00000-0  65518-3 0  3698
2 05020 062.9218 225.5663 0815617 074.1990 067.4744 13.35852798 56851
0 COSMOS 374 DEB
1 05020U 70089W   13283.45341669  .00002959  00000-0  81402-3 0  3702
2 05020 062.9217 219.9345 0815700 074.3998 034.3510 13.35870097 57146
0 COSMOS 374 DEB
1 05020U 70089W   13286.14773456  .00002815  00000-0  77591-3 0  3710
2 05020 062.9220 212.9221 0815659 074.6507 031.7538 13.35883599 57500
0 COSMOS 374 DEB
1 05020U 70089W   13288.17592845  .00004386  00000-0  11882-2 0  3722
2 05020 062.9225 207.6432 0815752 074.8386 065.7533 13.35896354 57775
0 COSMOS 374 DEB
1 05020U 70089W   13290.19957721  .00004324  00000-0  11718-2 0  3736
2 05020 062.9228 202.3763 0815715 075.0324 077.9985 13.35908653 58044
0 COSMOS 374 DEB
1 05020U 70089W   13292.36054546  .00003443  00000-0  93957-3 0  3748
2 05020 062.9221 196.7522 0815746 075.2330 030.7620 13.35924777 58339
0 COSMOS 374 DEB
1 05020U 70089W   13294.74228348  .00004398  00000-0  11895-2 0  3756
2 05020 062.9212 190.5536 0815813 075.4529 325.4063 13.35939390 58650
