0 SL-3 R/B
1 05118U 71028B   13282.47796754  .00003801  00000-0  24975-3 0  3927
2 05118 081.2366 253.4800 0045591 075.4817 285.1458 15.06503830300851
0 SL-3 R/B
1 05118U 71028B   13283.80634955  .00004473  00000-0  29417-3 0  3932
2 05118 081.2365 251.9707 0045587 071.1437 289.4721 15.06509394301059
0 SL-3 R/B
1 05118U 71028B   13286.46309136  .00002741  00000-0  17958-3 0  3952
2 05118 081.2361 248.9504 0045591 062.9623 297.6243 15.06525934301458
0 SL-3 R/B
1 05118U 71028B   13287.85786900  .00003743  00000-0  24575-3 0  3961
2 05118 081.2361 247.3648 0045577 058.5502 302.0164 15.06535583301668
0 SL-3 R/B
1 05118U 71028B   13289.11980029  .00004463  00000-0  29326-3 0  3970
2 05118 081.2362 245.9302 0045542 054.4492 306.0964 15.06544277301858
0 SL-3 R/B
1 05118U 71028B   13290.18247386  .00004201  00000-0  27586-3 0  3988
2 05118 081.2364 244.7220 0045528 051.0952 309.4317 15.06550725302017
0 SL-3 R/B
1 05118U 71028B   13291.51080885  .00003724  00000-0  24435-3 0  3995
2 05118 081.2365 243.2118 0045532 046.8775 313.6242 15.06559860302213
0 SL-3 R/B
1 05118U 71028B   13292.83913570  .00003889  00000-0  25515-3 0  4002
2 05118 081.2366 241.7018 0045520 042.6454 317.8288 15.06569329302410
0 SL-3 R/B
1 05118U 71028B   13294.16745316  .00004785  00000-0  31421-3 0  4011
2 05118 081.2365 240.1919 0045535 038.4102 322.0348 15.06576737302619
0 SL-3 R/B
1 05118U 71028B   13295.49576365  .00005033  00000-0  33049-3 0  4020
2 05118 081.2361 238.6823 0045533 034.1290 326.2846 15.06586213302811
