0 EOLE 1 (CAS-A)
1 05435U 71071A   13282.47691991  .00000479  00000-0  14838-3 0  7417
2 05435 050.1434 035.9772 0113594 267.5077 091.2842 14.53337706221589
0 EOLE 1 (CAS-A)
1 05435U 71071A   13283.71459475  .00000432  00000-0  13808-3 0  7420
2 05435 050.1434 030.5265 0113584 271.9880 086.8043 14.53339223221766
0 EOLE 1 (CAS-A)
1 05435U 71071A   13285.77738537  .00000471  00000-0  14671-3 0  7441
2 05435 050.1434 021.4419 0113577 279.4452 079.3652 14.53340929222068
0 EOLE 1 (CAS-A)
1 05435U 71071A   13287.49637799  .00000512  00000-0  15565-3 0  7450
2 05435 050.1433 013.8712 0113585 285.6584 073.1835 14.53343217222318
0 EOLE 1 (CAS-A)
1 05435U 71071A   13288.59653261  .00000725  00000-0  20223-3 0  7468
2 05435 050.1432 009.0263 0113571 289.6361 069.2339 14.53345693222479
0 EOLE 1 (CAS-A)
1 05435U 71071A   13289.62792761  .00000647  00000-0  18523-3 0  7476
2 05435 050.1430 004.4836 0113584 293.3660 065.5353 14.53348134222625
0 EOLE 1 (CAS-A)
1 05435U 71071A   13291.41567680  .00000671  00000-0  19045-3 0  7484
2 05435 050.1428 356.6101 0113565 299.8261 059.1416 14.53351225222888
0 EOLE 1 (CAS-A)
1 05435U 71071A   13292.44706974  .00000774  00000-0  21304-3 0  7495
2 05435 050.1427 352.0674 0113600 303.5616 055.4506 14.53353196223035
0 EOLE 1 (CAS-A)
1 05435U 71071A   13293.47846237  .00000863  00000-0  23267-3 0  7507
2 05435 050.1426 347.5250 0113607 307.2990 051.7624 14.53355282223191
0 EOLE 1 (CAS-A)
1 05435U 71071A   13294.50985453  .00000875  00000-0  23531-3 0  7514
2 05435 050.1425 342.9825 0113597 311.0280 048.0871 14.53357573223345
0 EOLE 1 (CAS-A)
1 05435U 71071A   13295.61000494  .00001034  00000-0  26995-3 0  7526
2 05435 050.1423 338.1369 0113625 315.0105 044.1660 14.53359243223502
