0 DELTA 1 R/B
1 06237U 72082C   13281.14099693 -.00000062  00000-0  31904-5 0  4034
2 06237 102.8031 135.5013 0362329 298.7906 221.9270 13.18468169971781
0 DELTA 1 R/B
1 06237U 72082C   13283.25876457 -.00000044  00000-0  36981-4 0  4049
2 06237 102.8027 138.0754 0362330 294.3991 193.8858 13.18468289972068
0 DELTA 1 R/B
1 06237U 72082C   13285.44488832 -.00000042  00000-0  40891-4 0  4052
2 06237 102.8022 140.7326 0362312 289.8705 130.2945 13.18468330972351
0 DELTA 1 R/B
1 06237U 72082C   13287.49263075 -.00000043  00000-0  37994-4 0  4061
2 06237 102.8016 143.2216 0362281 285.6297 129.8759 13.18468350972624
0 DELTA 1 R/B
1 06237U 72082C   13289.53229337 -.00000059  00000-0  96011-5 0  4075
2 06237 102.8011 145.7007 0362267 281.4044 091.1062 13.18468733972894
0 DELTA 1 R/B
1 06237U 72082C   13291.73799140 -.00000064  00000-0 -51985-7 0  4085
2 06237 102.8008 148.3814 0362250 276.8346 120.4275 13.18468649973181
0 DELTA 1 R/B
1 06237U 72082C   13294.18146052 -.00000064  00000-0  55360-6 0  4095
2 06237 102.8007 151.3510 0362249 271.7737 198.3209 13.18468878973504
