0 SL-3 R/B
1 07715U 75023B   13282.47559777  .00000029  00000-0  10073-4 0  8999
2 07715 081.2198 097.1801 0050060 319.9849 095.4830 14.06570472976356
0 SL-3 R/B
1 07715U 75023B   13283.61147828  .00000012  00000-0  18864-6 0  9009
2 07715 081.2198 096.0776 0049909 316.8522 087.1265 14.06570863976511
0 SL-3 R/B
1 07715U 75023B   13285.98120854 -.00000036  00000-0 -28428-4 0  9026
2 07715 081.2200 093.7778 0049743 310.1110 206.6987 14.06571285976841
0 SL-3 R/B
1 07715U 75023B   13287.52638045 -.00000050  00000-0 -37182-4 0  9038
2 07715 081.2202 092.2781 0049666 305.6839 110.9996 14.06571404977067
0 SL-3 R/B
1 07715U 75023B   13288.82207508 -.00000026  00000-0 -22486-4 0  9043
2 07715 081.2205 091.0206 0049588 301.9792 192.0148 14.06571386977248
0 SL-3 R/B
1 07715U 75023B   13290.03253965 -.00000029  00000-0 -24123-4 0  9051
2 07715 081.2206 089.8458 0049592 298.4812 201.4858 14.06571249977411
0 SL-3 R/B
1 07715U 75023B   13291.50994010 -.00000016  00000-0 -16909-4 0  9067
2 07715 081.2208 088.4121 0049526 294.2482 122.6129 14.06570907977627
0 SL-3 R/B
1 07715U 75023B   13292.87132536  .00000011  00000-0 -38265-6 0  9071
2 07715 081.2209 087.0909 0049517 290.3392 176.2804 14.06570450977813
0 SL-3 R/B
1 07715U 75023B   13294.01608802  .00000005  00000-0 -39937-5 0  9083
2 07715 081.2209 085.9801 0049520 287.0443 213.0382 14.06570260977972
0 SL-3 R/B
1 07715U 75023B   13295.49381730  .00000013  00000-0  64142-6 0  9090
2 07715 081.2209 084.5462 0049594 282.8138 135.8219 14.06570061978188
