0 DELTA 1 R/B(2)
1 07794U 75038D   13282.45853329  .00334546 -73939-5  17576-2 0  8141
2 07794 024.2924 304.0829 1509442 235.5975 289.1713 12.70319186650122
0 DELTA 1 R/B(2)
1 07794U 75038D   13282.57549015  .00314275 -74054-5  16515-2 0  8157
2 07794 024.2924 303.5222 1509151 236.5797 104.0422 12.70375439650140
0 DELTA 1 R/B(2)
1 07794U 75038D   13283.15682809  .00314945 -74608-5  16526-2 0  8163
2 07794 024.2928 300.7312 1507546 241.4077 243.0827 12.70742583650214
0 DELTA 1 R/B(2)
1 07794U 75038D   13283.48253405  .00312312 -74884-5  16373-2 0  8178
2 07794 024.2928 299.1668 1506760 244.1130 293.1853 12.70923634650253
0 DELTA 1 R/B(2)
1 07794U 75038D   13283.63301322  .00317957 -75004-5  16659-2 0  8180
2 07794 024.2928 298.4436 1506448 245.3708 261.7025 12.70999772650275
0 DELTA 1 R/B(2)
1 07794U 75038D   13284.16888023  .00312803 -75388-5  16376-2 0  8194
2 07794 024.2929 295.8677 1505014 249.8242 193.9482 12.71320939650349
0 DELTA 1 R/B(2)
1 07794U 75038D   13285.44487171  .00303400 -76028-5  15820-2 0  8227
2 07794 024.2927 289.7308 1501756 260.4437 275.6436 12.72075264650508
0 DELTA 1 R/B(2)
1 07794U 75038D   13285.52119258  .00301302 -76053-5  15703-2 0  8232
2 07794 024.2927 289.3635 1501602 261.0812 265.1614 12.72113581650519
0 DELTA 1 R/B(2)
1 07794U 75038D   13286.14136795  .00304331 -76208-5  15841-2 0  8247
2 07794 024.2924 286.3773 1500020 266.2465 225.7363 12.72474707650591
0 DELTA 1 R/B(2)
1 07794U 75038D   13286.46551347  .00295714 -76248-5  15378-2 0  8250
2 07794 024.2922 284.8160 1499254 268.9496 270.7336 12.72650266650632
0 DELTA 1 R/B(2)
1 07794U 75038D   13286.61906506  .00298393 -76260-5  15508-2 0  8264
2 07794 024.2920 284.0760 1498888 270.2306 254.2687 12.72737758650656
0 DELTA 1 R/B(2)
1 07794U 75038D   13287.14922348  .00305841 -76250-5  15890-2 0  8276
2 07794 024.2918 281.5203 1497491 274.6504 163.7074 12.73049802650723
0 DELTA 1 R/B(2)
1 07794U 75038D   13287.48075883  .00315498 -76208-5  16379-2 0  8282
2 07794 024.2915 279.9222 1496702 277.4155 243.2577 12.73233877650762
0 DELTA 1 R/B(2)
1 07794U 75038D   13287.56296821  .00335638 -76194-5  17425-2 0  8294
2 07794 024.2914 279.5258 1496464 278.1025 260.0907 12.73290761650775
0 DELTA 1 R/B(2)
1 07794U 75038D   13288.17308398  .00367512 -76037-5  19069-2 0  8305
2 07794 024.2909 276.5821 1494612 283.1952 177.2482 12.73710008650857
0 DELTA 1 R/B(2)
1 07794U 75038D   13288.50282282  .00369727 -75916-5  19154-2 0  8316
2 07794 024.2905 274.9908 1493703 285.9490 249.3722 12.73926694650890
0 DELTA 1 R/B(2)
1 07794U 75038D   13288.78899752  .00359276 -75790-5  18589-2 0  8322
2 07794 024.2904 273.6086 1492851 288.3420 121.9373 12.74125294650935
0 DELTA 1 R/B(2)
1 07794U 75038D   13289.19360023  .00360169 -75577-5  18638-2 0  8334
2 07794 024.2898 271.6540 1491609 291.7231 178.0099 12.74396638650983
0 DELTA 1 R/B(2)
1 07794U 75038D   13289.44592003  .00352462 -75424-5  18219-2 0  8341
2 07794 024.2895 270.4347 1490946 293.8321 255.7005 12.74552573651015
0 DELTA 1 R/B(2)
1 07794U 75038D   13289.80789507  .00361266 -75174-5  18663-2 0  8356
2 07794 024.2892 268.6848 1490021 296.8623 116.7647 12.74763945651069
0 DELTA 1 R/B(2)
1 07794U 75038D   13290.11587476  .00356934 -74947-5  18443-2 0  8363
2 07794 024.2887 267.1948 1488943 299.4397 090.2860 12.74997705651106
0 DELTA 1 R/B(2)
1 07794U 75038D   13290.45909605  .00361212 -74664-5  18635-2 0  8377
2 07794 024.2883 265.5348 1488048 302.3090 225.8164 12.75211928651142
0 DELTA 1 R/B(2)
1 07794U 75038D   13290.54158156  .00361452 -74592-5  18642-2 0  8389
2 07794 024.2881 265.1358 1487835 303.0028 244.5012 12.75261901651156
0 DELTA 1 R/B(2)
1 07794U 75038D   13291.14807772  .00356678 -74023-5  18387-2 0  8391
2 07794 024.2874 262.2000 1485998 308.0861 149.3761 12.75669862651238
0 DELTA 1 R/B(2)
1 07794U 75038D   13291.47820841  .00360217 -73681-5  18548-2 0  8403
2 07794 024.2869 260.6012 1485098 310.8513 225.6217 12.75880796651272
0 DELTA 1 R/B(2)
1 07794U 75038D   13291.84733943  .00358478 -73275-5  18448-2 0  8415
2 07794 024.2863 258.8128 1484036 313.9472 121.2962 12.76120038651323
0 DELTA 1 R/B(2)
1 07794U 75038D   13292.16846581  .00351292 -72905-5  18063-2 0  8424
2 07794 024.2858 257.2566 1483098 316.6430 156.7035 12.76333924651365
0 DELTA 1 R/B(2)
1 07794U 75038D   13292.42186554  .00351834 -72598-5  18075-2 0  8434
2 07794 024.2853 256.0283 1482413 318.7686 241.1102 12.76494113651394
0 DELTA 1 R/B(2)
1 07794U 75038D   13292.78226543  .00349423 -72142-5  17948-2 0  8441
2 07794 024.2847 254.2800 1481393 321.7950 097.4623 12.76719900651446
0 DELTA 1 R/B(2)
1 07794U 75038D   13293.18679962  .00356712 -71608-5  18328-2 0  8452
2 07794 024.2839 252.3169 1480079 325.1951 157.0160 12.77007088651495
0 DELTA 1 R/B(2)
1 07794U 75038D   13293.43117248  .00358983 -71275-5  18429-2 0  8469
2 07794 024.2835 251.1307 1479391 327.2445 200.5415 12.77168018651520
0 DELTA 1 R/B(2)
1 07794U 75038D   13293.80011432  .00369654 -70750-5  18976-2 0  8470
2 07794 024.2829 249.3389 1478305 330.3469 097.0694 12.77409358651575
0 DELTA 1 R/B(2)
1 07794U 75038D   13294.20112696  .00380232 -70164-5  19514-2 0  8483
2 07794 024.2822 247.3904 1477075 333.7209 141.4405 12.77684553651623
0 DELTA 1 R/B(2)
1 07794U 75038D   13294.44987115  .00379773 -69794-5  19469-2 0  8490
2 07794 024.2819 246.1814 1476353 335.8116 205.6832 12.77855154651651
0 DELTA 1 R/B(2)
1 07794U 75038D   13294.81753157  .00389015 -69232-5  19931-2 0  8501
2 07794 024.2813 244.3938 1475237 338.9047 097.2320 12.78108552651706
0 DELTA 1 R/B(2)
1 07794U 75038D   13295.13660403  .00384105 -68740-5  19673-2 0  8510
2 07794 024.2807 242.8417 1474208 341.5926 125.5150 12.78337716651743
0 DELTA 1 R/B(2)
1 07794U 75038D   13295.37947234  .00384040 -68360-5  19657-2 0  8525
2 07794 024.2803 241.6597 1473453 343.6325 163.2932 12.78510780651776
0 DELTA 1 R/B(2)
1 07794U 75038D   13295.66262731  .00375334 -67912-5  19180-2 0  8539
2 07794 024.2799 240.2820 1472712 346.0185 026.6707 12.78690051651819
0 DELTA 1 R/B(2)
1 07794U 75038D   13296.15064868  .00379881 -67127-5  19360-2 0  8545
2 07794 024.2790 237.9067 1471238 350.1332 113.4875 12.79044213651879
