0 INTELSAT 4-F1
1 07815U 75042A   13281.98679118 -.00000265  00000-0  10000-3 0   194
2 07815 015.0082 351.3475 0015933 138.6897 221.4381 00.99263835 76032
0 INTELSAT 4-F1
1 07815U 75042A   13285.00893309 -.00000285  00000-0  10000-3 0   205
2 07815 015.0079 351.3167 0016024 138.8898 221.2324 00.99263157 76066
0 INTELSAT 4-F1
1 07815U 75042A   13287.02371157 -.00000286  00000-0  10000-3 0   213
2 07815 015.0077 351.2959 0016180 138.7611 221.3587 00.99262524 76088
0 INTELSAT 4-F1
1 07815U 75042A   13289.03849427 -.00000275  00000-0  10000-3 0   225
2 07815 015.0075 351.2757 0016014 139.3138 220.8000 00.99261826 76100
0 INTELSAT 4-F1
1 07815U 75042A   13292.06068887 -.00000239  00000-0  10000-3 0   236
2 07815 015.0073 351.2458 0015901 140.4261 219.6803 00.99260753 76138
0 INTELSAT 4-F1
1 07815U 75042A   13294.07550073 -.00000205  00000-0  10000-3 0   246
2 07815 015.0071 351.2252 0015877 140.9137 219.1883 00.99260045 76156
