0 DELTA 1 DEB
1 07957U 72058CM  13282.71928484  .00000525  00000-0  30879-3 0  1667
2 07957 098.9270 077.3481 0547052 349.1888 073.3904 13.55704125198501
0 DELTA 1 DEB
1 07957U 72058CM  13287.01270931  .00000482  00000-0  28626-3 0  1683
2 07957 098.9273 081.2599 0546912 338.0720 147.6134 13.55706016199089
0 DELTA 1 DEB
1 07957U 72058CM  13289.42635650  .00000471  00000-0  28002-3 0  1690
2 07957 098.9279 083.4588 0546917 331.8204 047.5413 13.55709784199410
0 DELTA 1 DEB
1 07957U 72058CM  13291.42750214  .00000509  00000-0  30092-3 0  1703
2 07957 098.9282 085.2823 0546899 326.6386 094.2546 13.55711128199688
0 DELTA 1 DEB
1 07957U 72058CM  13293.95652992  .00000591  00000-0  34566-3 0  1719
2 07957 098.9282 087.5869 0546861 320.0916 197.3456 13.55713170200024
0 DELTA 1 DEB
1 07957U 72058CM  13296.01417032  .00000615  00000-0  35922-3 0  1728
2 07957 098.9280 089.4619 0546798 314.7636 159.8142 13.55715293200308
