0 DELTA 1 DEB
1 08319U 72058EM  13282.50629764  .00000293  00000-0  79080-4 0  5345
2 08319 098.5829 166.1286 0144576 133.3223 283.7955 14.49394860166143
0 DELTA 1 DEB
1 08319U 72058EM  13286.71688888  .00000383  00000-0  99673-4 0  5366
2 08319 098.5825 170.4148 0144662 120.6369 293.8285 14.49397046166754
0 DELTA 1 DEB
1 08319U 72058EM  13289.15356580  .00000448  00000-0  11455-3 0  5372
2 08319 098.5820 172.8953 0144681 113.3081 047.9361 14.49400788167101
0 DELTA 1 DEB
1 08319U 72058EM  13291.15514770  .00000444  00000-0  11362-3 0  5386
2 08319 098.5816 174.9328 0144712 107.2788 051.8337 14.49402545167397
0 DELTA 1 DEB
1 08319U 72058EM  13293.15722808  .00000519  00000-0  13064-3 0  5396
2 08319 098.5813 176.9707 0144710 101.2598 058.3348 14.49404100167683
0 DELTA 1 DEB
1 08319U 72058EM  13295.15920086  .00000527  00000-0  13248-3 0  5401
2 08319 098.5813 179.0084 0144693 095.2354 064.2926 14.49406329167972
