0 SL-8 DEB
1 09704U 76069C   13283.09742817  .00003937  00000-0  53461-3 0  1236
2 09704 074.0621 187.4738 0005921 312.8523 169.9194 14.79185931274225
0 SL-8 DEB
1 09704U 76069C   13287.16120383  .00003601  00000-0  48922-3 0  1252
2 09704 074.0625 179.4932 0005928 305.7192 208.0545 14.79210043274820
0 SL-8 DEB
1 09704U 76069C   13289.44180718  .00004799  00000-0  64990-3 0  1266
2 09704 074.0621 175.0142 0005970 300.9564 112.3982 14.79233570275168
0 SL-8 DEB
1 09704U 76069C   13291.47240669  .00004762  00000-0  64471-3 0  1279
2 09704 074.0612 171.0259 0005980 297.3922 124.9227 14.79248650275460
0 SL-8 DEB
1 09704U 76069C   13293.78211356  .00004605  00000-0  62331-3 0  1286
2 09704 074.0604 166.4890 0006053 293.2683 183.8437 14.79264192275805
0 SL-8 DEB
1 09704U 76069C   13296.08811369  .00004926  00000-0  66617-3 0  1290
2 09704 074.0605 161.9588 0006023 289.3264 222.9832 14.79281297276145
