0 DELTA 1 R/B(1)
1 09786U 77005B   13281.25901410  .00000333  00000-0  77510-4 0  1610
2 09786 028.0088 202.7625 0419952 111.1926 026.2298 13.93745774864550
0 DELTA 1 R/B(1)
1 09786U 77005B   13284.11892815  .00000395  00000-0  98239-4 0  1626
2 09786 028.0094 186.9352 0419881 137.1557 335.8122 13.93748292864953
0 DELTA 1 R/B(1)
1 09786U 77005B   13286.13243134  .00000360  00000-0  84280-4 0  1638
2 09786 028.0099 175.7922 0419848 155.4396 358.5454 13.93749022865238
0 DELTA 1 R/B(1)
1 09786U 77005B   13288.13508839  .00000447  00000-0  11450-3 0  1641
2 09786 028.0106 164.7091 0419917 173.6157 326.8739 13.93750734865513
0 DELTA 1 R/B(1)
1 09786U 77005B   13290.61847916  .00000365  00000-0  84201-4 0  1654
2 09786 028.0112 150.9664 0419934 196.1517 187.3008 13.93752333865866
0 DELTA 1 R/B(1)
1 09786U 77005B   13292.77887831  .00000365  00000-0  83767-4 0  1660
2 09786 028.0116 139.0116 0419866 215.7648 227.1189 13.93753320866161
0 DELTA 1 R/B(1)
1 09786U 77005B   13294.78940288  .00000371  00000-0  85897-4 0  1673
2 09786 028.0118 127.8858 0419848 234.0175 234.9481 13.93754625866441
